1548340301.917970 0.000000000 0.000000000 0.000000000 0.000000000 0.000000000 0.000000000 1.000000000
1548340301.951310 -0.038534485 0.000996034 0.002070547 -0.000022618 0.005982866 -0.001588022 0.999980807
1548340301.984230 -0.060514256 0.002625708 0.003232697 0.000433398 0.009714473 -0.001722202 0.999951243
1548340302.017590 -0.090105116 0.005909239 0.006730648 0.000701851 0.014085949 -0.002919508 0.999896288
1548340302.051260 -0.014502348 0.007040537 0.000364641 0.001672923 0.002190749 0.000119070 0.999996185
1548340302.084900 -0.032717645 0.009883177 0.002143862 0.002325764 0.005101732 -0.000624973 0.999984086
1548340302.118440 -0.050718490 0.017417805 0.000733702 0.004132840 0.007738160 -0.000945773 0.999961078
1548340302.151930 -0.087651141 0.019221015 0.008907751 0.004058063 0.013691629 -0.002500453 0.999894917
1548340302.185450 -0.072311245 0.012945513 0.007584582 0.003151973 0.010992555 -0.001903905 0.999932766
1548340302.218990 -0.051740158 0.020924959 -0.000333738 0.005081293 0.007114318 -0.001875759 0.999960005
1548340302.252500 -0.057305560 0.020065522 0.000498582 0.005217569 0.007716236 -0.002020873 0.999954581
1548340302.286020 -0.075884297 0.021167101 0.005823342 0.005189322 0.010868660 -0.002989678 0.999922991
1548340302.319510 -0.028338991 0.015195676 0.000966726 0.004743548 0.003273681 -0.000857651 0.999983013
1548340302.353030 -0.043532401 0.014783080 0.003816701 0.004850719 0.005433291 -0.000850852 0.999973118
1548340302.386550 -0.052743390 0.005921422 0.003770717 0.003192940 0.006655080 -0.001607682 0.999971449
1548340302.420060 -0.050260678 0.002950042 0.003841863 0.002550145 0.006349721 -0.001824071 0.999974906
1548340302.453600 -0.054978184 -0.005392061 0.008528829 0.001144520 0.007234930 -0.001362188 0.999972224
1548340302.487140 -0.025346359 0.012305489 -0.003037783 0.004877721 0.001813815 -0.000778577 0.999986112
1548340302.521370 -0.001520607 0.006984815 -0.007689703 0.004673135 -0.002455985 0.000096644 0.999986053
1548340302.554900 -0.053722732 0.010549020 -0.011288881 0.005749082 0.006233945 -0.003457620 0.999958038
1548340302.588420 -0.053958036 0.012182271 -0.010206354 0.006276070 0.005954120 -0.003128350 0.999957681
1548340302.621950 -0.061645441 0.001099266 -0.010224154 0.004403301 0.006512389 -0.004060816 0.999960840
1548340302.655570 -0.081042752 -0.000872629 -0.002560448 0.003863615 0.010270201 -0.004512128 0.999929607
1548340302.688990 -0.120354950 0.030382931 -0.005710401 0.009573853 0.015841896 -0.005455066 0.999813795
1548340302.722510 -0.115213856 0.033031899 -0.008856019 0.010337161 0.014102656 -0.004974490 0.999834776
1548340302.756020 -0.117579818 0.029318653 -0.006077982 0.009542515 0.014363431 -0.005758752 0.999834716
1548340302.789540 -0.137411833 0.028166970 -0.004594231 0.009090629 0.017376717 -0.006574347 0.999786079
1548340302.823070 -0.153607830 0.036270972 -0.001955165 0.010101684 0.019460103 -0.007230735 0.999733448
1548340304.230740 -0.037653152 0.017011136 -0.009734885 0.009285191 0.003803162 0.000442559 0.999949515
1548340304.264070 -0.086045928 0.021614058 -0.003139807 0.009734723 0.011593061 -0.001129494 0.999884784
1548340304.297590 -0.130209386 0.028281927 0.001539282 0.011012567 0.018462043 -0.002623985 0.999765456
1548340304.331080 -0.084360711 0.034250360 -0.004840800 0.012240188 0.010892192 -0.000923534 0.999865294
1548340304.364340 -0.056010786 0.023025261 -0.008259158 0.010224269 0.006083486 -0.000062490 0.999929190
1548340304.397840 -0.066514149 0.026511719 -0.006391700 0.010711683 0.007413246 -0.000425938 0.999915063
1548340304.431360 -0.077326968 0.032505851 -0.005033177 0.011638233 0.008960125 -0.000395901 0.999892056
1548340304.464870 -0.087662637 0.034153935 -0.004903474 0.011671565 0.010201437 -0.000860665 0.999879479
1548340304.498390 -0.106223620 0.037002735 0.000175353 0.011664551 0.012828980 -0.001525569 0.999848485
1548340304.531900 -0.122736134 0.037287734 0.003691759 0.011574893 0.015450283 -0.002051894 0.999811530
1548340304.565440 -0.143856362 0.035766706 0.006165476 0.011207558 0.018366452 -0.002990289 0.999764025
1548340304.598960 -0.161924824 0.039362971 0.007842093 0.011830097 0.021226754 -0.004090764 0.999696314
1548340304.632470 -0.175809383 0.041010164 0.013802066 0.012062372 0.023537416 -0.004744157 0.999638915
1548340304.665990 -0.186754853 0.043384720 0.013758309 0.012620786 0.025212975 -0.005324806 0.999588192
1548340304.699480 -0.035912722 0.022186415 -0.006746538 0.008551654 -0.000118630 0.000499407 0.999963284
1548340304.732940 -0.042090219 0.022438513 -0.005113170 0.008338608 0.000840440 0.000060236 0.999964893
1548340304.766520 -0.047183163 0.023482472 -0.004691363 0.008398507 0.001688553 0.000026046 0.999963284
1548340304.800050 -0.052447453 0.024167171 -0.005849335 0.008722045 0.002254196 0.000146981 0.999959409
1548340304.833570 -0.055595640 0.028111363 -0.005264239 0.009369034 0.002587614 -0.000394132 0.999952674
1548340304.867100 -0.059691243 0.027568584 -0.004798413 0.008783666 0.003494025 -0.000211285 0.999955297
1548340304.900620 -0.062196467 0.030283500 -0.003746980 0.009029124 0.003871779 -0.000228888 0.999951720
1548340304.934070 -0.070351221 0.029964615 -0.003688273 0.009203612 0.005013373 -0.000361687 0.999944985
1548340304.967590 -0.078084536 0.034969386 0.000084900 0.010147370 0.006390190 -0.000741169 0.999927819
1548340305.001100 -0.078452677 0.035295907 0.002145759 0.010184255 0.006563629 -0.000316368 0.999926567
1548340305.034680 -0.037738673 0.024682788 -0.004158787 0.008600663 0.000119994 0.001024913 0.999962449
1548340305.068200 -0.053859830 0.025473287 -0.003443892 0.008880788 0.002638458 0.000421534 0.999956965
1548340305.101710 -0.111111566 0.015888136 -0.022091184 0.008079467 0.012343605 -0.002510792 0.999888003
1548340305.135170 -0.126650915 0.016335845 -0.016439708 0.007971189 0.015149119 -0.003210770 0.999848306
1548340305.168740 -0.144067049 0.017740555 -0.016842842 0.007885482 0.018289184 -0.003337023 0.999796093
1548340305.202260 -0.106733829 0.017768148 -0.019304901 0.007984762 0.012116665 -0.002072916 0.999892533
1548340305.235780 -0.137288779 0.018194305 -0.020414043 0.008417972 0.017568352 -0.003668593 0.999803483
1548340305.269290 -0.102058239 0.012541002 -0.019400181 0.007492898 0.011741234 -0.002247038 0.999900460
1548340305.302750 -0.125065595 0.012186585 -0.020397417 0.007775517 0.015547376 -0.003091741 0.999844134
1548340305.336270 -0.156318828 0.009490830 -0.019211078 0.007458371 0.020818634 -0.004119858 0.999746978
1548340305.369780 -0.102540210 0.008133808 -0.023715436 0.007461387 0.011852851 -0.001754539 0.999900401
1548340305.403290 -0.088135831 0.010185378 -0.024722239 0.007919571 0.009344994 -0.001810954 0.999923348
1548340305.436550 -0.113827027 0.012425331 -0.023077676 0.008159618 0.013743765 -0.002800056 0.999868333
1548340305.470040 -0.134443581 0.007209996 -0.019269416 0.007033152 0.016951600 -0.003396810 0.999825776
1548340305.503560 -0.159341946 0.013870111 -0.019375896 0.008255856 0.020737534 -0.004390229 0.999741197
1548340305.537070 -0.048354957 0.016055435 -0.021840615 0.008444833 0.002970804 -0.000462972 0.999959767
1548340305.570560 -0.060943253 0.016957283 -0.021166941 0.008333538 0.004933368 -0.000603688 0.999952912
1548340305.604070 -0.078388199 0.023621665 -0.019282945 0.009388997 0.007432651 -0.001285721 0.999927461
1548340305.637590 -0.051043801 0.016626958 -0.021378705 0.008482760 0.003075074 -0.000648203 0.999959052
1548340305.671110 -0.045735966 0.014022605 -0.021973968 0.008080348 0.002494483 -0.000357173 0.999964178
1548340305.704650 -0.051732522 0.016787112 -0.021572826 0.008262690 0.003516342 -0.000465734 0.999959528
1548340305.738140 -0.051642392 0.016636858 -0.019988915 0.008198017 0.003281156 -0.000298728 0.999960959
1548340305.771640 -0.058628015 0.017669408 -0.020675248 0.008699263 0.004450862 -0.000448302 0.999952137
1548340305.805150 -0.062494375 0.016744914 -0.021471521 0.008634207 0.005134163 -0.000553629 0.999949336
1548340305.838570 -0.061241332 0.015441937 -0.020108575 0.008256385 0.004696694 -0.000876243 0.999954462
1548340305.872070 -0.043659378 0.011436813 -0.020813687 0.007536790 0.001706187 -0.000266211 0.999970078
1548340305.905580 -0.040128086 0.005135168 -0.020427413 0.006659110 0.001098525 0.000285374 0.999977171
1548340305.939090 -0.040126007 0.003768658 -0.022065330 0.006507038 0.000843377 0.000158433 0.999978423
1548340305.972610 -0.041124113 0.003997514 -0.023316635 0.006463442 0.000883848 -0.000164871 0.999978721
1548340306.006100 -0.040868405 0.003693666 -0.022360193 0.006332132 0.000824558 -0.000010373 0.999979615
1548340306.039580 -0.040561423 0.003624578 -0.021560328 0.006323953 0.000673027 0.000334706 0.999979734
1548340306.073100 -0.041265022 0.003770749 -0.022374865 0.006332477 0.000641530 0.000167253 0.999979734
1548340306.106580 -0.040284913 0.004343075 -0.022424381 0.006223110 0.000518663 0.000128712 0.999980450
1548340306.140130 -0.039849833 0.003711611 -0.020021282 0.005977892 0.000210439 0.000095951 0.999982059
1548340306.173640 -0.039339341 0.003508818 -0.018671928 0.006033428 0.000079070 -0.000014256 0.999981761
1548340306.207160 -0.039467059 0.004034017 -0.020954762 0.006286618 0.000052162 0.000191001 0.999980211
1548340306.240650 -0.040483285 0.005747653 -0.021875251 0.006691106 0.000184828 0.000349923 0.999977529
1548340306.274160 -0.040007181 0.004255863 -0.023476968 0.006293205 0.000325595 -0.000000288 0.999980152
1548340306.307670 -0.038068194 0.003930585 -0.019790642 0.005843083 -0.000161328 -0.000357290 0.999982834
1548340306.341220 -0.038102090 0.005329369 -0.019858332 0.005740711 -0.000334808 -0.000522753 0.999983311
1548340306.374740 -0.037053466 0.004162987 -0.019644154 0.005592933 -0.000535312 -0.000732929 0.999983907
1548340306.408290 -0.037048008 0.005549206 -0.020617828 0.005932192 -0.000571553 -0.000692216 0.999981999
1548340306.441810 -0.035217475 0.003373474 -0.019070242 0.005407210 -0.001024389 -0.000563308 0.999984682
1548340306.475450 -0.027736669 0.021859337 -0.019313347 0.008474091 -0.002390013 0.000333622 0.999961197
1548340306.509280 -0.002841684 0.017225103 -0.018578177 0.007761020 -0.006646712 0.000759129 0.999947488
1548340306.542830 0.031403966 0.005591361 -0.014796703 0.005652725 -0.012322175 0.001637035 0.999906719
1548340306.576350 -0.027092081 0.015627818 -0.017062450 0.007270064 -0.003116546 -0.000152794 0.999968708
1548340306.609860 -0.029355166 0.013700397 -0.015535546 0.006944875 -0.003263493 -0.000861048 0.999970198
1548340306.643380 -0.038460523 0.010922974 -0.016302995 0.006458241 -0.001791097 -0.001423236 0.999976516
1548340306.676860 -0.037841439 0.014040641 -0.016837141 0.006774494 -0.001762194 -0.001424404 0.999974430
1548340306.709890 -0.035860024 0.013766846 -0.016307851 0.006292086 -0.002424129 -0.000957867 0.999976814
1548340306.743410 -0.038167633 0.016608972 -0.014205603 0.006442062 -0.002109847 -0.001062178 0.999976456
1548340306.776920 -0.005421275 0.016769109 -0.014407970 0.005789290 -0.007318239 0.000005217 0.999956429
1548340306.810440 -0.030195508 0.018991686 -0.013239585 0.005273052 -0.003146253 -0.000919456 0.999980688
1548340306.843960 -0.129426852 0.023196708 -0.021067958 0.005702708 0.013499638 -0.004646144 0.999881804
1548340306.877470 -0.113438994 0.026834484 -0.022252252 0.005776166 0.011081913 -0.003620221 0.999915361
1548340306.910990 -0.100611806 0.027358077 -0.023508819 0.005600904 0.009257856 -0.003144669 0.999936521
1548340306.944500 -0.057682652 0.012938420 -0.007726708 0.002688808 0.002281687 -0.002417764 0.999990880
1548340306.978020 -0.041040532 0.014668960 -0.009712686 0.002915186 0.000115769 -0.001707802 0.999994278
1548340307.011540 -0.027573969 0.014260930 -0.011719631 0.002633649 -0.001707475 -0.000650887 0.999994874
1548340307.045050 -0.017779453 0.017130280 -0.009094646 0.003044292 -0.003028824 -0.000520608 0.999990642
1548340307.078760 -0.002449109 0.018282130 -0.011678254 0.002990230 -0.004867057 0.000918384 0.999983251
1548340307.112290 0.004653774 0.017308969 -0.009623379 0.002419794 -0.005628368 0.002225078 0.999978721
1548340307.145810 0.008602298 0.017127344 -0.009156181 0.002274408 -0.005939028 0.002371132 0.999976993
1548340307.179380 0.008274796 0.025929272 -0.005837285 0.003648888 -0.005643115 0.001285486 0.999976575
1548340307.212910 0.007151995 0.026527880 -0.008616495 0.003690994 -0.005160498 0.001553509 0.999978662
1548340307.246440 0.007142779 0.024799323 -0.008337064 0.003492837 -0.005057786 0.001722755 0.999979615
1548340307.279970 0.008746832 0.021729635 -0.008138639 0.002902211 -0.005101344 0.001966270 0.999980867
1548340307.313570 0.008331738 0.020483743 -0.006905144 0.002484347 -0.004733369 0.001991673 0.999983728
1548340307.347080 0.009665181 0.019714672 -0.009162685 0.002223045 -0.004638064 0.002151681 0.999984443
1548340307.380600 0.015806276 0.020401862 -0.006617242 0.002232919 -0.005833269 0.002191428 0.999978065
1548340307.414230 0.021146249 0.018209836 -0.007493707 0.001863392 -0.006255905 0.002586262 0.999975383
1548340307.448260 0.030122336 0.016542880 -0.004625760 0.001502704 -0.007410366 0.002780475 0.999967575
1548340307.481770 0.033739265 0.013201531 -0.006895386 0.001085871 -0.007791138 0.002676424 0.999965489
1548340307.515290 0.038233023 0.012467041 -0.006916811 0.001095745 -0.008718741 0.003103284 0.999956608
1548340307.548800 0.046977304 0.012638991 -0.008396623 0.001272380 -0.010002816 0.002718988 0.999945462
1548340307.582320 0.059836540 0.009557979 -0.007931218 0.000525315 -0.011784766 0.003473887 0.999924362
1548340307.615840 0.071545847 0.006040423 0.000878887 -0.000440126 -0.014227247 0.004144243 0.999890089
1548340307.649350 0.086214535 0.006235051 0.000662091 -0.000165545 -0.016714174 0.003851981 0.999852896
1548340307.682870 0.106253311 0.002736520 0.002114163 -0.000962275 -0.019842347 0.004922898 0.999790549
1548340307.716260 0.127428517 -0.000417827 0.004571680 -0.001650922 -0.023379032 0.005314864 0.999711156
1548340307.749570 0.037316788 0.002958110 0.001861587 -0.000350751 -0.009028875 0.002328455 0.999956429
1548340307.783090 0.027419832 0.011749004 -0.000878147 0.001262941 -0.007098432 0.002363680 0.999971211
1548340307.816610 0.051402885 0.005164730 -0.000106765 -0.000260563 -0.010535479 0.003280848 0.999939084
1548340307.850120 0.071622081 0.003352970 0.003304238 -0.000950971 -0.014022164 0.004008253 0.999893188
1548340307.883640 -0.045408029 0.010705855 -0.002986260 0.001292791 0.004502053 -0.000150575 0.999988973
1548340307.917150 -0.021927170 0.009399767 -0.006451163 0.001366986 0.000841777 0.000406387 0.999998569
1548340307.950670 0.011964636 0.003767738 -0.006796324 0.000541024 -0.004431660 0.001378747 0.999989033
1548340307.984190 0.039903834 -0.000605547 -0.006680192 -0.000002484 -0.008710195 0.002524834 0.999958873
1548340308.017700 0.066721492 -0.002846261 -0.005832435 -0.000303276 -0.013018958 0.003240621 0.999909937
1548340308.051220 -0.036575865 0.012909832 -0.004691583 0.002617469 0.003131228 0.000218293 0.999991596
1548340308.084750 -0.055535495 0.011706861 -0.006093873 0.002515171 0.006227546 -0.000024133 0.999977410
1548340308.118280 -0.118013300 0.021143878 -0.006122062 0.004248850 0.016026270 -0.001217105 0.999861777
1548340308.151790 -0.090954341 0.022532364 -0.004516202 0.004425816 0.011874059 -0.000249255 0.999919653
1548340308.185300 -0.058956616 0.024755601 -0.003930777 0.004730851 0.006839558 0.000942083 0.999964952
1548340308.218820 -0.069609232 0.022483416 -0.003276949 0.004822296 0.008683030 0.000321586 0.999950647
1548340308.252330 -0.041533202 0.018928766 -0.001887903 0.004130265 0.004185874 0.001141038 0.999982059
1548340308.285830 -0.087952517 0.028394205 -0.006724881 0.005364499 0.012547466 0.000479216 0.999906778
1548340308.319290 -0.068169765 0.033073913 -0.006865311 0.006149552 0.009491069 0.001495045 0.999934912
1548340308.352770 -0.055642486 0.027644312 -0.001888642 0.004995581 0.007451511 0.002182393 0.999957383
1548340308.386210 -0.047603834 0.015872288 -0.006574129 0.003098336 0.006625971 0.002025829 0.999971211
1548340308.419720 -0.040241159 0.014165808 -0.005541065 0.002805639 0.005531091 0.002441955 0.999977767
1548340308.453240 -0.031958275 0.022605138 -0.004533416 0.004357985 0.004489694 0.002717209 0.999976695
1548340308.486720 -0.044773303 0.008825822 -0.005966821 0.002408507 0.006766552 0.002430842 0.999971271
1548340308.520240 -0.046087559 0.007782433 -0.007523117 0.002440356 0.007101379 0.002895614 0.999967575
1548340308.553730 -0.042382766 0.008766870 -0.007593017 0.002571996 0.006505143 0.002834377 0.999971509
1548340308.587240 -0.042554930 0.012692866 -0.011713778 0.003556459 0.006740321 0.002725878 0.999967217
1548340308.620760 -0.042306643 0.011085141 -0.007767555 0.003046488 0.006587458 0.002797276 0.999969721
1548340308.654270 -0.046275638 0.013668449 -0.010041370 0.003533384 0.007619461 0.003299237 0.999959290
1548340308.687790 -0.036843304 0.010768116 -0.007292030 0.003042208 0.006044331 0.003548961 0.999970794
1548340308.721290 -0.031731222 0.006411779 -0.006579408 0.002302178 0.005113887 0.003805437 0.999976993
1548340308.754740 -0.025122928 0.004833105 -0.005301023 0.002144129 0.004169015 0.003753390 0.999981940
1548340308.788260 -0.020067798 0.003350321 -0.003736405 0.001899133 0.003470715 0.003913481 0.999984503
1548340308.821770 -0.049617082 0.020587470 -0.009136763 0.004784055 0.008540702 0.003076110 0.999947369
1548340308.855030 -0.044624697 0.018142244 -0.009626613 0.004238950 0.007727546 0.003300956 0.999955714
1548340308.888130 -0.037784051 0.017869974 -0.009838714 0.004228402 0.006677116 0.003451983 0.999962807
1548340308.921650 -0.021624496 0.018838748 -0.010892529 0.004134408 0.004307337 0.004484767 0.999972105
1548340308.955170 -0.081006691 0.017881772 -0.009192453 0.004142830 0.013615100 0.001855950 0.999897003
1548340308.989100 -0.057838995 0.007059440 -0.004165903 0.001901483 0.009845962 0.002716867 0.999946058
1548340309.022610 -0.038830757 0.002965009 -0.006255320 0.001408658 0.006799117 0.002485939 0.999972761
1548340309.056130 -0.104357004 0.028948294 -0.012482380 0.006080827 0.017621687 0.001369732 0.999825299
1548340309.089590 -0.075674102 0.022611579 -0.010331985 0.005039916 0.013084398 0.001699543 0.999900222
1548340309.123110 -0.049614046 0.019235743 -0.012183334 0.004584848 0.008809687 0.002841818 0.999946654
1548340309.156620 -0.032985821 0.015980119 -0.008766621 0.004011313 0.006372927 0.003287171 0.999966264
1548340309.190140 -0.006692852 0.012523596 -0.007213890 0.003267850 0.002046628 0.004003081 0.999984562
1548340309.223660 0.025706301 0.020120287 -0.006196115 0.004814267 -0.002902515 0.005439250 0.999969423
1548340309.257170 0.071951292 0.014520668 0.008241223 0.003602993 -0.010639741 0.006926131 0.999912918
1548340309.290690 0.118813314 0.005883589 -0.002107480 0.001753251 -0.018096421 0.009708753 0.999787569
1548340309.324200 0.068868950 0.011319540 -0.003858686 0.002882679 -0.009294034 0.007424664 0.999925077
1548340309.357720 0.115395069 0.006785122 -0.001494590 0.001639507 -0.016995326 0.009283064 0.999811113
1548340309.391290 0.146015555 0.005534716 -0.001248784 0.001475622 -0.021718312 0.010389917 0.999709070
1548340309.424800 0.168815225 0.006832751 0.003551387 0.001318562 -0.025407489 0.011023931 0.999615490
1548340309.458320 0.188986912 0.008033636 0.007400920 0.001365533 -0.028630020 0.011658272 0.999521136
1548340309.491840 0.104572818 0.004733096 0.000453206 0.001425746 -0.015089485 0.009137467 0.999843359
1548340309.525370 0.119208805 0.008217720 0.006035435 0.001628754 -0.017224435 0.008513494 0.999814093
1548340309.559110 0.133448750 0.015978429 0.008922442 0.002595270 -0.019129816 0.008374951 0.999778569
1548340309.592670 0.138254181 0.009524820 0.000514816 0.001761954 -0.019883484 0.009431973 0.999756277
1548340309.626180 0.144163609 0.011482720 0.003089041 0.002109961 -0.020770971 0.009637392 0.999735594
1548340309.659700 0.171461180 0.002641738 -0.000111869 0.000656010 -0.025102273 0.010353351 0.999631047
1548340309.693260 0.179820970 0.001578834 0.001026049 0.000347598 -0.025976874 0.011015957 0.999601781
1548340309.726780 0.179555073 0.001229262 0.001429582 0.000170954 -0.025881935 0.011213737 0.999602079
1548340309.760300 0.177365288 0.001653405 0.000199649 0.000011992 -0.025537360 0.011554619 0.999607086
1548340309.793860 0.179616854 0.000819522 -0.001063711 -0.000205628 -0.025776397 0.011527624 0.999601245
1548340309.827330 0.180533037 0.001486430 -0.001657800 -0.000062707 -0.025624907 0.011291035 0.999607861
1548340309.860850 0.181463987 0.003488220 -0.000846483 0.000358863 -0.025903288 0.011391711 0.999599457
1548340309.894360 0.172083884 0.004489316 -0.002409974 0.000712038 -0.024411684 0.011175502 0.999639273
1548340309.927830 0.176323742 0.005833244 -0.002930488 0.000894448 -0.024625108 0.011343870 0.999632001
1548340309.961340 0.182554632 0.007265552 -0.000366252 0.001037899 -0.025417734 0.012104821 0.999603093
1548340309.994870 0.047245264 0.005425797 -0.008716975 0.001068532 -0.004166848 0.007274016 0.999964297
1548340310.028420 0.056159820 0.003339002 -0.006482169 0.000775379 -0.005261440 0.007573223 0.999957204
1548340310.061900 -0.069858141 0.022663821 0.000683800 0.004666630 0.014793938 0.003649947 0.999872983
1548340310.095420 -0.057753034 0.021064211 0.001193785 0.004435125 0.012708064 0.004018859 0.999901354
1548340310.128980 -0.032418963 0.017355261 0.010828867 0.003405662 0.008646770 0.004579642 0.999946296
1548340310.162540 -0.024970910 0.019423230 0.007116056 0.003811781 0.007536171 0.006182274 0.999945223
1548340310.196060 -0.010199644 0.022092381 0.008389372 0.004214569 0.005115820 0.006608742 0.999956191
1548340310.229600 -0.005731246 0.022535184 -0.002647135 0.004471330 0.004705057 0.005964023 0.999961138
1548340310.263110 0.022474298 0.020434240 0.003496214 0.003687914 0.000262204 0.007058367 0.999968231
1548340310.296630 0.045448594 0.018518711 0.006348155 0.003087990 -0.003416787 0.007870884 0.999958396
1548340310.330190 0.059853468 0.019094430 -0.003421586 0.003566137 -0.005555838 0.007834406 0.999947488
1548340310.363930 0.089603461 0.018841682 0.000555435 0.003347543 -0.010252864 0.008971328 0.999901593
1548340310.397450 0.118743777 0.010089044 -0.002458524 0.001743973 -0.014883526 0.009534894 0.999842227
1548340310.431050 0.157434881 0.002451031 0.006963860 -0.000202498 -0.021097183 0.011634310 0.999709725
1548340310.464570 0.188063905 -0.001082166 0.003069075 -0.000544903 -0.025733955 0.011797100 0.999599040
1548340310.498080 0.217934445 -0.003000133 0.000252899 -0.000797572 -0.030528020 0.013310740 0.999444962
1548340310.531680 0.219288215 0.005215202 -0.001489919 0.000725613 -0.030810270 0.013235754 0.999437332
1548340310.565390 0.246127442 0.013381740 0.001243616 0.001917791 -0.035358462 0.014246692 0.999271333
1548340310.598710 0.261762112 0.028259482 -0.008776435 0.005263750 -0.037763800 0.015282906 0.999155939
1548340310.632150 0.246631682 0.030497523 -0.009337574 0.005926529 -0.035184242 0.014830456 0.999253213
1548340310.665590 0.225639820 0.016827434 -0.007542577 0.003525649 -0.031990945 0.013986770 0.999384105
1548340310.699110 0.249431416 0.020832246 -0.006430817 0.004187818 -0.035788335 0.015819008 0.999225438
1548340310.732610 0.168896586 0.017756598 -0.004898645 0.003004158 -0.022810167 0.010812140 0.999676824
1548340310.766140 0.129686341 -0.012667146 0.004332910 -0.002861573 -0.016138734 0.009703744 0.999818563
1548340310.799640 0.217769787 0.021548713 -0.005078469 0.004177872 -0.030543841 0.014038727 0.999426067
1548340310.833160 0.205740035 -0.006170005 -0.002007356 -0.000963325 -0.028628247 0.013154765 0.999503076
1548340310.866510 0.215089679 -0.007519034 -0.002794467 -0.001433569 -0.030074736 0.013283915 0.999458373
1548340310.899910 0.217563406 -0.005244428 -0.002629401 -0.001143521 -0.030465705 0.013683951 0.999441504
1548340310.933420 0.218505979 -0.006595481 -0.001219405 -0.001594887 -0.030488687 0.013296405 0.999445379
1548340310.966930 0.215737656 -0.008047904 -0.003128203 -0.001868315 -0.029978374 0.013028395 0.999463856
1548340311.000460 0.212117165 -0.005726155 -0.006610560 -0.001345077 -0.029413335 0.013155693 0.999479830
1548340311.033980 0.217052773 -0.010255019 -0.003278652 -0.002282042 -0.030140894 0.013354179 0.999453843
1548340311.067480 0.210898310 -0.010686250 -0.003652947 -0.002395701 -0.029029388 0.012926722 0.999492109
1548340311.101000 0.216037855 -0.010992294 -0.005661512 -0.002425611 -0.029751601 0.013096705 0.999468565
1548340311.134510 0.210973695 -0.014502832 -0.004611693 -0.003313414 -0.028802915 0.012640405 0.999499679
1548340311.167940 0.221095383 -0.018851317 -0.002128599 -0.004413944 -0.030282134 0.012992166 0.999447167
1548340311.201450 0.224655479 -0.018264467 0.001251653 -0.004925434 -0.030704807 0.012251616 0.999441266
1548340311.234880 0.231859103 -0.022973536 0.003561029 -0.006195401 -0.031251725 0.012670453 0.999412000
1548340311.268390 0.173138186 -0.014522372 0.003279747 -0.004995002 -0.021999888 0.011330604 0.999681294
1548340311.301610 0.180685014 -0.016057895 0.003074405 -0.005412444 -0.023370340 0.011413740 0.999647081
1548340311.335100 0.184105188 -0.018670321 0.002118341 -0.005628224 -0.023913432 0.011415481 0.999633014
1548340311.368600 0.196550772 -0.025072658 0.003035561 -0.006368353 -0.025806330 0.012035882 0.999574244
1548340311.402120 0.201307625 -0.025089076 0.000372650 -0.005949656 -0.027018566 0.012806473 0.999535203
1548340311.435630 0.157498121 -0.014646013 0.002690728 -0.004033583 -0.020039333 0.010295201 0.999738038
1548340311.469130 0.175196990 -0.016884489 0.000249037 -0.004105899 -0.023145074 0.011130476 0.999661684
1548340311.502580 0.159611300 -0.006805507 0.001458762 -0.002432152 -0.020808179 0.010301834 0.999727428
1548340311.536090 0.160818145 -0.004322563 0.003360159 -0.001967213 -0.021292660 0.009936995 0.999721944
1548340311.569610 0.166428506 -0.002599868 0.005582829 -0.001707898 -0.022358533 0.009903098 0.999699473
1548340311.603130 0.166383296 -0.006793628 0.003380910 -0.002197747 -0.022595303 0.010079805 0.999691427
1548340311.636640 0.164333820 -0.003661276 0.003170548 -0.001634308 -0.022617394 0.009409501 0.999698579
1548340311.670140 0.155861422 -0.000468926 0.003945175 -0.001064914 -0.021559570 0.008910746 0.999727309
1548340311.703650 0.151299313 0.000138847 0.006422549 -0.000717973 -0.021302558 0.008562664 0.999736130
1548340311.737130 0.154382139 -0.001489853 0.008231129 -0.000881651 -0.021997640 0.008113136 0.999724686
1548340311.770650 0.148649693 0.001203789 0.007808795 -0.000242180 -0.021382401 0.007621875 0.999742270
1548340311.804160 0.151712164 -0.001380231 0.009264869 -0.000503304 -0.022399757 0.007367381 0.999721825
1548340311.837680 0.148275211 -0.010391084 0.008207307 -0.001823866 -0.022251109 0.006916865 0.999726772
1548340311.871230 0.174795002 -0.003289823 0.010542422 -0.000638845 -0.026731864 0.007362344 0.999615312
1548340311.904740 0.170782492 -0.001470942 0.011802042 -0.000102045 -0.026593672 0.007190840 0.999620438
1548340311.938260 0.174979389 -0.000743331 0.011643335 -0.000006692 -0.027599072 0.006700602 0.999596596
1548340311.971790 0.164633423 -0.002371445 0.010734073 -0.000154788 -0.026281876 0.006004120 0.999636531
1548340312.005300 0.170762792 -0.004044937 0.013575627 -0.000299878 -0.027830666 0.006355447 0.999592423
1548340312.038770 0.181448922 -0.004397867 0.016032374 -0.000009548 -0.030376593 0.006548895 0.999517083
1548340312.072340 0.152508244 0.002093285 0.009730755 0.001662894 -0.025786357 0.005122059 0.999652922
1548340312.105850 0.158340231 0.003414176 0.010547029 0.002252667 -0.026273273 0.006302719 0.999632359
1548340312.139370 0.164038405 0.001948983 0.012553951 0.002079694 -0.027186820 0.007558596 0.999599636
1548340312.172900 0.167807564 0.000285144 0.013912988 0.001757202 -0.027987577 0.008484417 0.999570727
1548340312.206450 0.167547673 -0.000080432 0.013168392 0.001539191 -0.028612161 0.009960551 0.999539793
1548340312.240420 0.167431608 0.000093480 0.013777993 0.001191856 -0.030061038 0.010523563 0.999491930
1548340312.273940 0.153899536 -0.003591263 0.012085318 -0.000106832 -0.028864514 0.010264304 0.999530613
1548340312.307510 0.139461949 -0.001627494 0.011338455 -0.000303100 -0.027550688 0.009421661 0.999575973
1548340312.341020 0.141404480 -0.000369956 0.013013730 -0.000481619 -0.028958874 0.009308033 0.999537110
1548340312.374540 0.141271278 -0.002831206 0.014218110 -0.001109559 -0.029424230 0.008773993 0.999527872
1548340312.408050 0.138669491 -0.002884071 0.015567039 -0.000933822 -0.029231049 0.008842753 0.999533117
1548340312.441570 0.134363458 -0.002672285 0.016602688 -0.000021220 -0.028796734 0.009069006 0.999544144
1548340312.475030 0.132131219 -0.005299929 0.015802473 0.000410971 -0.028145388 0.009092366 0.999562383
1548340312.508600 0.126211718 -0.006069168 0.015007379 0.001511471 -0.026802208 0.009606303 0.999593437
1548340312.542130 0.119948067 -0.006246950 0.016831333 0.002452875 -0.025639441 0.009939094 0.999618828
1548340312.575660 0.119934484 -0.006640167 0.014641681 0.003284051 -0.025515096 0.010103733 0.999617994
1548340312.609240 0.121564925 -0.006555069 0.014492297 0.003809002 -0.026018459 0.009670057 0.999607444
1548340312.642800 0.122969687 -0.006216237 0.014699476 0.004117314 -0.026287340 0.009303822 0.999602675
1548340312.676270 0.124687724 -0.006614549 0.014753176 0.004162406 -0.026411077 0.008936235 0.999602556
1548340312.709820 0.126002118 -0.006084754 0.016938627 0.004083699 -0.027029499 0.008449549 0.999590576
1548340312.743330 0.132080272 -0.004986802 0.016078912 0.003806759 -0.028298108 0.007641777 0.999563038
1548340312.776680 0.135858774 -0.002121913 0.017227786 0.003826889 -0.028925382 0.007126007 0.999548852
1548340312.810000 0.142959937 0.001334274 0.019439250 0.003924523 -0.031027388 0.007652497 0.999481499
1548340312.843510 0.149336383 0.005221293 0.021728171 0.004287171 -0.033953719 0.007494698 0.999386132
1548340312.877230 0.152341440 0.009634866 0.022074152 0.004953198 -0.037153851 0.007439543 0.999269605
1548340312.910910 0.148121119 0.009320514 0.020296186 0.004795304 -0.040098600 0.007555068 0.999155641
1548340312.944530 0.140799820 0.013169489 0.018988345 0.005122433 -0.043044619 0.007737907 0.999030054
1548340312.978130 0.129761308 0.013769503 0.016671253 0.004316681 -0.044855889 0.006915985 0.998960197
1548340313.011560 0.124665208 -0.003394594 0.015767796 0.000088877 -0.047930971 0.005390623 0.998836100
