1548340301.917970 0.000000000 0.000000000 0.000000000 0.000000000 0.000000000 0.000000000 1.000000000
1548340301.951310 -0.052954447 -0.001830778 0.002367281 -0.000433895 0.008417530 -0.002403199 0.999961615
1548340301.984230 -0.101892047 -0.002554431 0.011372663 -0.001179602 0.016644748 -0.004364069 0.999851227
1548340302.017590 -0.143319532 0.000140948 0.024244096 -0.001541293 0.022986701 -0.006133482 0.999715745
1548340302.051260 -0.185739309 0.004129439 0.027019132 -0.000764931 0.029674606 -0.008383043 0.999524176
1548340302.084900 -0.217618465 0.008157244 0.033582766 -0.000476909 0.034813933 -0.010381761 0.999339759
1548340302.118440 -0.249580055 0.015205752 0.039149866 0.001111604 0.039875377 -0.011429192 0.999138653
1548340302.151930 -0.279137135 0.017369760 0.047637153 0.001010632 0.044765856 -0.012302145 0.998921216
1548340302.185450 -0.300189406 0.021943575 0.053618602 0.001338980 0.047906984 -0.014398754 0.998747110
1548340302.218990 -0.318311185 0.029073652 0.057573158 0.003290082 0.050757434 -0.013302439 0.998616993
1548340302.252500 -0.334972262 0.028919227 0.062203396 0.003258860 0.053179175 -0.013454621 0.998489022
1548340310.061900 -0.435638398 0.016255490 0.123126738 -0.002715874 0.076803654 -0.012973796 0.996958137
1548340310.296630 -0.268370181 -0.005330171 0.081353277 -0.004466095 0.049513023 -0.005855677 0.998746336
1548340310.330190 -0.231121570 -0.013555942 0.082268015 -0.005888101 0.043950658 -0.004483163 0.999006271
1548340310.598710 -0.322837949 0.077823833 0.102438331 0.007931095 0.059533678 -0.012636734 0.998114765
1548340311.636640 -0.321508735 0.081809811 0.104143105 0.007650634 0.058858790 -0.014517643 0.998131394
1548340311.703650 -0.302205443 0.080417596 0.100624368 0.007767912 0.054682445 -0.014411087 0.998369575
1548340311.770650 -0.311029702 0.070489950 0.101743482 0.006358948 0.055543240 -0.014711930 0.998327613
1548340311.804160 -0.301604509 0.048354741 0.096438877 0.003128516 0.053200725 -0.013860283 0.998482704
1548340311.837680 -0.307358772 0.048750207 0.098955840 0.003340686 0.053749897 -0.014513547 0.998443365
1548340311.871230 -0.302197427 0.057002522 0.097967386 0.004804688 0.052806746 -0.015162643 0.998478055
1548340311.904740 -0.305990964 0.042531680 0.099378332 0.002723797 0.052751720 -0.014298290 0.998501539
1548340311.938260 -0.296072990 0.038624339 0.093951754 0.002089464 0.050643601 -0.014429404 0.998610318
1548340311.971790 -0.290957302 0.045883331 0.095282204 0.003214353 0.049553115 -0.014789089 0.998656809
1548340312.005300 -0.295760155 0.024073742 0.094422907 -0.000142215 0.049522053 -0.014170033 0.998672485
1548340312.038770 -0.288803667 0.028500380 0.092929214 0.001168210 0.047513783 -0.013908192 0.998773038
1548340312.072340 -0.293728739 0.031404164 0.093690142 0.001954554 0.048406299 -0.014790423 0.998716295
1548340312.105850 -0.311647207 0.058738682 0.102164179 0.006433755 0.052172717 -0.016306745 0.998484194
1548340312.139370 -0.307679772 0.043762933 0.099702097 0.004587221 0.051325072 -0.013784869 0.998576343
1548340312.172900 -0.298743099 0.038814772 0.099360980 0.003754207 0.049697947 -0.012569132 0.998678148
1548340312.206450 -0.289999664 0.032702975 0.097182579 0.002797115 0.047449846 -0.010430457 0.998815238
1548340312.240420 -0.285666853 0.035393480 0.096113265 0.002863459 0.045383841 -0.010019022 0.998915255
1548340312.273940 -0.280036986 0.034736261 0.092764035 0.002121743 0.043367866 -0.009703928 0.999009788
1548340312.307510 -0.297310263 0.046290774 0.099739410 0.003225525 0.045538548 -0.010880361 0.998898089
1548340312.341020 -0.299258202 0.035076931 0.100986458 0.000976118 0.044648286 -0.010745440 0.998944461
1548340312.374540 -0.286015272 0.031447407 0.096683800 0.000192794 0.041847136 -0.010765143 0.999065995
1548340312.408050 -0.293183923 0.038933236 0.103440836 0.001559866 0.043099020 -0.011053532 0.999008417
1548340312.441570 -0.307801694 0.041358758 0.108362742 0.002565635 0.045335997 -0.011664871 0.998900414
1548340312.475030 -0.282556742 0.022382358 0.099647000 0.000408667 0.041104250 -0.010398061 0.999100626
1548340312.508600 -0.287063360 0.025368968 0.102549016 0.002265358 0.042343613 -0.009425845 0.999056041
1548340312.542130 -0.293500394 0.034501184 0.104964085 0.004724524 0.043686684 -0.009535192 0.998988628
1548340312.575660 -0.283532679 0.023623012 0.099441245 0.003893339 0.041883718 -0.008484568 0.999078870
1548340312.609240 -0.284394205 0.022100156 0.101645157 0.004242555 0.041913882 -0.008814976 0.999073327
1548340312.642800 -0.279185146 0.024787989 0.096710943 0.004895771 0.040811662 -0.009059779 0.999113798
1548340312.676270 -0.293891102 0.033821903 0.101349883 0.006391786 0.043555494 -0.010222662 0.998978257
1548340312.709820 -0.300676942 0.036453523 0.102719836 0.006713115 0.044336297 -0.011002232 0.998933494
1548340312.743330 -0.276702970 0.023333941 0.097899966 0.004045865 0.039896630 -0.010758935 0.999137700
1548340312.776680 -0.284766853 0.034744658 0.100595847 0.005289443 0.041245107 -0.012289410 0.999059439
1548340312.810000 -0.291758060 0.041365724 0.107101142 0.005944436 0.041819174 -0.012595803 0.999028087
1548340312.843510 -0.296791583 0.044808399 0.113126971 0.006190950 0.041037988 -0.012913424 0.999054968
1548340312.877230 -0.302763015 0.060364116 0.117250182 0.008689594 0.039630450 -0.013639624 0.999083519
1548340312.910910 -0.298246652 0.050290007 0.107220598 0.007081628 0.034842487 -0.013092482 0.999281943
1548340312.944530 -0.324410200 0.048259344 0.118270166 0.006073155 0.035358988 -0.014410465 0.999252319
1548340312.978130 -0.328403473 0.051309947 0.110684372 0.005954952 0.031863458 -0.013925918 0.999377489
1548340313.011560 -0.329117000 0.051414747 0.113080658 0.004017306 0.028321462 -0.015526661 0.999470174
