1548340301.917970 0.000000000 0.000000000 0.000000000 0.000000000 0.000000000 0.000000000 1.000000000
1548340301.951310 0.000228583 0.001690655 -0.001565207 0.000221531 -0.000106280 -0.000342600 0.999999881
1548340301.984230 -0.012009011 0.004993557 0.001661150 0.000773316 0.002387074 0.000229056 0.999996841
1548340302.017590 -0.033132635 0.008283845 -0.000128889 0.001565318 0.005186127 -0.000898038 0.999984920
1548340302.051260 0.029095892 -0.003325719 -0.004033749 -0.000132775 -0.004686307 0.001033878 0.999988437
1548340302.084900 0.139579967 -0.028830208 -0.001404917 -0.004236470 -0.021780957 0.005727230 0.999737382
1548340302.118440 0.099680066 -0.026326818 0.007975484 -0.004293388 -0.015401594 0.003291665 0.999866784
1548340302.151930 0.056767866 -0.013569541 0.009092977 -0.002016646 -0.008763588 0.002244523 0.999957025
1548340302.185450 0.031380218 -0.014036290 0.016490098 -0.002520573 -0.004877106 0.000648044 0.999984682
1548340302.218990 -0.009558472 0.001246909 0.001929770 0.001408067 0.000684202 -0.000645036 0.999998569
1548340302.252500 -0.042732693 0.007243903 0.002289166 0.002715542 0.005502713 -0.001611910 0.999979854
1548340302.286020 -0.066172652 0.013828817 0.001942914 0.003957482 0.009246222 -0.002365041 0.999946654
1548340302.319510 -0.074027777 0.016928380 0.001349298 0.004861242 0.010411521 -0.001544700 0.999932826
1548340302.353030 -0.092588335 0.017196845 0.006052986 0.004832867 0.012754614 -0.003186509 0.999901891
1548340302.386550 -0.103097863 0.020422528 -0.000239747 0.005512506 0.013910154 -0.004088884 0.999879718
1548340302.420060 -0.101301327 0.019529734 0.003553804 0.005140048 0.013942567 -0.004733227 0.999878407
1548340302.453600 -0.095378935 0.024539307 0.001713993 0.006289263 0.012922289 -0.004237291 0.999887764
1548340302.487140 -0.086056672 0.020903194 0.000877817 0.005941250 0.011139596 -0.003850160 0.999912858
1548340302.521370 -0.073919408 0.018131172 0.003350753 0.005629969 0.009086228 -0.003468479 0.999936819
1548340302.554900 -0.065387949 0.014788480 0.002923107 0.005204218 0.007828578 -0.003258989 0.999950469
1548340302.588420 -0.046513278 0.010954883 -0.000406325 0.004975916 0.004389322 -0.002860534 0.999973893
1548340302.621950 -0.049346920 0.012404276 -0.000957816 0.005390197 0.004149387 -0.003426529 0.999970973
1548340302.655570 -0.069327779 0.015831454 0.002461065 0.005689640 0.007642377 -0.003935957 0.999946833
1548340302.688990 -0.086143866 0.024448115 0.005566610 0.007326225 0.010283865 -0.004290435 0.999911070
1548340302.722510 -0.045090079 -0.001441387 0.001176541 0.003532298 0.003208765 -0.002551813 0.999985337
1548340302.756020 -0.036183104 -0.011942222 0.000795626 0.001725468 0.001623019 -0.002626814 0.999993742
1548340304.230740 -0.044464540 0.010991793 0.001631281 0.007158349 0.004833759 0.000284203 0.999962628
1548340304.264070 -0.050844286 0.008689302 0.003272906 0.006412147 0.005837077 0.000347994 0.999962330
1548340304.297590 -0.022618258 0.001462111 0.001730573 0.005362930 0.001156323 0.000896424 0.999984503
1548340304.331080 -0.030351441 0.001741216 0.001376734 0.005487782 0.002165634 0.000708568 0.999982357
1548340304.364340 -0.043690205 0.004760571 0.001809233 0.005929562 0.004015018 0.000181123 0.999974310
1548340304.397840 -0.047019180 0.008123188 -0.002951797 0.006925398 0.004078139 -0.000527343 0.999967575
1548340304.431360 -0.046849936 0.007598653 -0.001263134 0.006651429 0.003772923 -0.000373427 0.999970675
1548340304.464870 -0.053088855 0.003865961 -0.003190247 0.005990993 0.004465694 -0.000641651 0.999971867
1548340304.498390 -0.048154317 0.007747801 -0.002782044 0.006360498 0.003309984 -0.000558696 0.999974132
1548340304.531900 -0.047481246 0.007232260 -0.003717775 0.006176840 0.003126579 -0.000705960 0.999975741
1548340304.565440 -0.054625262 0.008919513 -0.002980566 0.006359406 0.003786652 -0.000247274 0.999972582
1548340304.598960 -0.073625371 0.010390432 -0.001945847 0.006609797 0.006672020 -0.001668515 0.999954522
1548340304.632470 -0.057165604 0.008978904 -0.005098505 0.006347798 0.003998346 -0.000984112 0.999971390
1548340304.665990 -0.056347080 0.000920147 -0.004162486 0.004946345 0.003648829 -0.000914801 0.999980688
1548340304.699480 -0.046686321 0.007402529 -0.004135257 0.005832570 0.001408934 -0.000333449 0.999981940
1548340304.732940 -0.040821139 0.002963620 -0.001107399 0.004628058 0.000225112 -0.000413333 0.999989152
1548340304.766520 -0.049434062 0.002555733 -0.003328476 0.004406736 0.001917624 -0.000052526 0.999988437
1548340304.800050 -0.051931627 -0.000873541 -0.005155073 0.004097236 0.002077986 -0.000243041 0.999989390
1548340304.833570 -0.053740941 -0.007387435 -0.003077645 0.003007190 0.002038548 -0.001131278 0.999992788
1548340304.867100 -0.050560337 0.014511836 -0.004432829 0.006320017 0.001951918 0.000236364 0.999978065
1548340304.900620 -0.049511034 0.013010404 -0.001242951 0.005861128 0.001651579 0.000218412 0.999981463
1548340304.934070 -0.049426779 0.007731577 -0.002869436 0.005136382 0.001405189 -0.000134820 0.999985814
1548340304.967590 -0.044457033 0.004863907 -0.003026990 0.004814610 0.000849455 -0.000217221 0.999988019
1548340305.001100 -0.056166064 0.006612271 -0.007360208 0.005152136 0.003219318 0.000016078 0.999981523
1548340305.034680 -0.049607795 0.008875492 -0.004051716 0.005491981 0.002027549 0.000522985 0.999982715
1548340305.068200 -0.047359910 0.012733468 -0.005773087 0.006332608 0.001630001 0.000784114 0.999978304
1548340305.101710 -0.051752027 0.012574418 -0.004659885 0.006640242 0.002458816 0.000281776 0.999974906
1548340305.135170 -0.053744499 0.013627729 -0.005668782 0.006547761 0.003309962 0.000321285 0.999972999
1548340305.168740 -0.052830406 0.011340630 -0.005777472 0.005791233 0.003428880 0.000842982 0.999976993
1548340305.202260 -0.054979019 0.012400786 -0.005311937 0.006137991 0.003714666 0.000483311 0.999974132
1548340305.235780 -0.055343341 0.010768333 -0.006421831 0.006183829 0.004111958 0.000086933 0.999972403
1548340305.269290 -0.052209906 0.008789539 -0.005386839 0.005936638 0.003570547 0.000521270 0.999975860
1548340305.302750 -0.054268669 0.009357125 -0.005558199 0.006306834 0.003852225 0.000489538 0.999972582
1548340305.336270 -0.057956140 0.005895546 -0.006576946 0.005955778 0.004634311 0.000385755 0.999971449
1548340305.369780 -0.053047746 0.008817374 -0.008452628 0.006719556 0.003642101 0.000748111 0.999970496
1548340305.403290 -0.051858388 0.012418415 -0.006380565 0.007412366 0.003202997 0.000294231 0.999967337
1548340305.436550 -0.053487875 0.011204716 -0.005750421 0.007001914 0.003718778 0.000280971 0.999968529
1548340305.470040 -0.056121100 0.006352442 -0.006206729 0.006052059 0.004082098 0.000299415 0.999973297
1548340305.503560 -0.062508687 0.004823272 -0.007105219 0.005779788 0.004856463 -0.000040671 0.999971509
1548340305.537070 -0.081234969 0.008419281 -0.007131875 0.006465021 0.008074323 -0.000817065 0.999946177
1548340305.570560 -0.061845314 0.009119703 -0.005961311 0.006348178 0.004795370 0.000064894 0.999968350
1548340305.604070 -0.082465634 0.010100280 -0.006061312 0.006474701 0.008017022 -0.000770432 0.999946594
1548340305.637590 -0.100704789 0.012991834 -0.006031360 0.007180675 0.011063572 -0.001596288 0.999911726
1548340305.671110 -0.066591106 0.010916145 -0.006382876 0.006793560 0.005577323 0.000065879 0.999961376
1548340305.704650 -0.069519222 0.010864468 -0.005751959 0.006472668 0.006120696 -0.000076093 0.999960303
1548340305.738140 -0.077595018 0.012183951 -0.006067496 0.006717945 0.007290829 -0.000326385 0.999950826
1548340305.771640 -0.076754980 0.013991957 -0.007515432 0.007358033 0.007159655 -0.000079640 0.999947309
1548340305.805150 -0.080169924 0.013276057 -0.007240681 0.007310168 0.007744898 -0.000219329 0.999943256
1548340305.838570 -0.076528780 0.008744271 -0.006432788 0.006338016 0.007043456 -0.000170838 0.999955118
1548340305.872070 -0.067426331 0.004261371 -0.005740792 0.005531449 0.005356329 0.000071788 0.999970317
1548340305.905580 -0.065430328 0.004690113 -0.006403153 0.005872384 0.004881845 0.000202999 0.999970794
1548340305.939090 -0.063660339 0.008599789 -0.008814110 0.006724842 0.004365605 0.000279782 0.999967813
1548340305.972610 -0.060262166 0.006987563 -0.007817800 0.006234093 0.003642819 0.000281058 0.999973893
1548340306.006100 -0.061196025 0.003590305 -0.007170042 0.005554730 0.003783891 0.000400113 0.999977350
1548340306.039580 -0.063255385 0.006628200 -0.007340427 0.006168433 0.004064790 0.000604028 0.999972522
1548340306.073100 -0.062199134 0.007014031 -0.007985972 0.006112464 0.003819962 0.000720402 0.999973774
1548340306.106580 -0.056655925 0.007518800 -0.006637772 0.005990761 0.002897348 0.000576901 0.999977708
1548340306.140130 -0.053662904 0.010272189 -0.007170471 0.006424194 0.002241124 0.000511311 0.999976695
1548340306.173640 -0.049964827 0.012514235 -0.007899095 0.006925191 0.001688366 0.000760751 0.999974310
1548340306.207160 -0.041980457 0.015745142 -0.009721636 0.007626897 0.000310781 0.001568914 0.999969661
1548340306.240650 -0.034404926 0.014382309 -0.011071136 0.007525079 -0.000928642 0.001820211 0.999969602
1548340306.274160 -0.028420156 0.011352864 -0.012045427 0.006683581 -0.001631176 0.001970112 0.999974370
1548340306.307670 -0.016516851 0.012418799 -0.010531950 0.006507149 -0.003743325 0.001811982 0.999970198
1548340306.341220 -0.032278519 0.009093516 -0.010053027 0.005734771 -0.001388436 0.000768659 0.999982297
1548340306.374740 -0.039786201 0.010739877 -0.009854778 0.006088795 -0.000219275 0.000388428 0.999981344
1548340306.408290 -0.014767669 0.008426601 -0.009812608 0.005758456 -0.004402711 0.001259558 0.999972939
1548340306.441810 0.005501640 0.007006568 -0.010298861 0.005318075 -0.007803783 0.002168789 0.999953032
1548340306.475450 -0.025037985 0.001785623 -0.011318517 0.004535250 -0.002826292 0.000685078 0.999985456
1548340306.509280 -0.043798145 -0.003092082 -0.011312159 0.003826832 0.000054823 -0.000390899 0.999992609
1548340306.542830 -0.048051283 -0.000886387 -0.008149339 0.004147672 0.000506388 -0.000895462 0.999990880
1548340306.576350 -0.054095943 0.004107923 -0.008769505 0.004755568 0.001184497 -0.000550997 0.999987841
1548340306.609860 -0.052267905 0.010918611 -0.004314167 0.005725965 0.000329278 -0.000584868 0.999983370
1548340306.643380 -0.053914733 0.013390722 -0.004153792 0.006240496 0.000479242 -0.000823873 0.999980092
1548340306.676860 -0.060885817 0.005632115 -0.004692374 0.004678631 0.001838793 -0.001262781 0.999986589
1548340306.709890 -0.055171955 0.003719094 -0.002937842 0.003834927 0.000454136 -0.000983544 0.999992073
1548340306.743410 -0.059832703 0.003678981 -0.003102529 0.003555616 0.001281969 -0.001226388 0.999992073
1548340306.776920 -0.059082296 0.009899110 -0.002406889 0.004045136 0.001285984 -0.001273872 0.999990165
1548340306.810440 -0.063436449 0.009895589 -0.001407759 0.003151414 0.002161145 -0.001365664 0.999991775
1548340306.843960 -0.063104153 0.014259834 -0.001795563 0.003299658 0.002534500 -0.001755366 0.999989808
1548340306.877470 -0.060450867 0.011830252 -0.002111693 0.002391605 0.002230445 -0.001589805 0.999993384
1548340306.910990 -0.057896104 0.006377451 -0.000201850 0.001119945 0.002013477 -0.001475094 0.999996245
1548340306.944500 -0.061191805 0.004235978 0.001742103 0.000509371 0.002840648 -0.001850343 0.999994099
1548340306.978020 -0.054370265 0.022238320 0.001914870 0.003470125 0.002038697 -0.001127856 0.999991298
1548340307.011540 -0.058406450 0.009452484 0.001897847 0.001217474 0.002984118 -0.001082037 0.999994218
1548340307.045050 -0.059370950 0.009993250 0.004463757 0.001207238 0.003290274 -0.001320441 0.999992967
1548340307.078760 -0.058112975 0.010507599 0.003934695 0.001156642 0.003498174 -0.001219462 0.999992490
1548340307.112290 -0.053204011 0.009252015 0.003113672 0.000848981 0.003132074 -0.000734676 0.999994457
1548340307.145810 -0.052999698 0.006303614 0.004281991 0.000167483 0.003383656 -0.001121894 0.999993622
1548340307.179380 -0.051671725 0.004433041 0.006005132 -0.000336222 0.003583087 -0.000985231 0.999993026
1548340307.212910 -0.052778244 0.008310325 0.006409998 0.000154293 0.003970263 -0.000612692 0.999991894
1548340307.246440 -0.054332945 0.012027577 0.006158129 0.000718512 0.004358552 -0.000119674 0.999990225
1548340307.279970 -0.052857768 0.012731846 0.007761755 0.000846393 0.004309752 0.000282692 0.999990284
1548340307.313570 -0.053044904 0.013930317 0.007545273 0.000934490 0.004632012 0.000012565 0.999988854
1548340307.347080 -0.048424218 0.011921707 0.006535736 0.000400352 0.004133977 0.000289917 0.999991357
1548340307.380600 -0.045952857 0.007979032 0.007052942 -0.000378887 0.003713090 0.000282158 0.999993026
1548340307.414230 -0.050710734 0.009469558 0.007342865 -0.000077710 0.004837384 0.000261948 0.999988258
1548340307.448260 -0.054623563 0.011633212 0.007945424 0.000172243 0.005850231 0.000519055 0.999982715
1548340307.481770 -0.055571172 0.008709634 0.008537806 -0.000299512 0.006039609 0.000711604 0.999981463
1548340307.515290 -0.057740718 0.008067936 0.005784230 -0.000103639 0.006233667 0.000356523 0.999980509
1548340307.548800 -0.052728519 0.007647789 0.005448189 -0.000045303 0.005386746 0.000135631 0.999985456
1548340307.582320 -0.052874606 0.005507655 0.007906679 -0.000633834 0.005559061 -0.000123416 0.999984324
1548340307.615840 -0.052838471 0.005225383 0.008860982 -0.000764376 0.005179944 0.000147272 0.999986291
1548340307.649350 -0.050008811 0.006772716 0.008305704 -0.000315453 0.004575180 -0.000030225 0.999989450
1548340307.682870 -0.049461804 0.005868060 0.006762145 -0.000349179 0.004599229 -0.000239554 0.999989331
1548340307.716260 -0.052710958 0.002139177 0.010281128 -0.001065626 0.004913810 -0.000359473 0.999987245
1548340307.749570 -0.057166606 -0.003967581 0.011842605 -0.001977383 0.005616299 -0.000736921 0.999981999
1548340307.783090 -0.053563677 0.000825827 0.008663688 -0.001012531 0.005398859 -0.000267932 0.999984860
1548340307.816610 -0.037880402 -0.002061306 0.009139458 -0.001790148 0.003259660 0.000187992 0.999993026
1548340307.850120 -0.045590255 0.013973565 0.011330790 0.000716996 0.004442535 0.000460695 0.999989748
1548340307.883640 -0.040777057 0.006937743 0.011549657 -0.000260751 0.003677953 0.000785289 0.999992907
1548340307.917150 -0.044377171 0.005947172 0.010264287 -0.000194779 0.004097417 0.000671371 0.999991357
1548340307.950670 -0.043269958 -0.010192176 0.010352192 -0.002652718 0.003933655 0.000053682 0.999988735
1548340307.984190 -0.054338291 0.002163322 0.011596941 -0.000398729 0.005783997 0.000788207 0.999982893
1548340308.017700 -0.022371963 0.004069823 0.009499906 0.000059880 0.000731646 0.002428429 0.999996781
1548340308.051220 -0.028587565 -0.000586038 0.009521283 -0.000720467 0.001760576 0.001689782 0.999996781
1548340308.084750 -0.081677586 0.003146143 0.009776511 0.000205346 0.010094589 -0.000623273 0.999948859
1548340308.118280 -0.056995202 -0.004090004 0.009890899 -0.001006422 0.006363621 0.000235173 0.999979198
1548340308.151790 -0.041947190 0.005815887 0.007054061 0.000726584 0.004345743 0.001406857 0.999989271
1548340308.185300 -0.009547836 -0.005583487 0.005196648 -0.001318502 -0.000442679 0.002803854 0.999995112
1548340308.218820 0.033478882 -0.002403726 0.012624097 -0.001004233 -0.007335538 0.005384560 0.999958098
1548340308.252330 -0.020873506 0.002643333 0.001961297 0.000646700 0.001677206 0.002560020 0.999995112
1548340308.285830 -0.026614202 0.008688584 0.000157604 0.001795872 0.003144161 0.002158608 0.999991119
1548340308.319290 -0.036332071 -0.001763404 0.000835953 -0.000212117 0.004615128 0.001944271 0.999987423
1548340308.352770 -0.023690389 -0.004629401 0.004633356 -0.000536090 0.002511330 0.002563016 0.999993384
1548340308.386210 -0.006935955 -0.003174935 0.009441116 -0.000374365 -0.000290984 0.003080752 0.999995112
1548340308.419720 0.006370663 -0.005188914 0.009057310 -0.001088071 -0.002213389 0.003886476 0.999989390
1548340308.453240 0.005921633 -0.003186345 0.004425558 -0.000376627 -0.001565535 0.004105556 0.999990284
1548340308.486720 -0.018416911 -0.009187076 0.001773160 -0.001234957 0.002630181 0.003436036 0.999989867
1548340308.520240 -0.011467641 -0.008122362 0.004193897 -0.001165014 0.001459782 0.004407869 0.999988556
1548340308.553730 -0.010568849 -0.003947682 0.003631255 -0.000413604 0.001356649 0.004519692 0.999988794
1548340308.587240 -0.007819735 0.011555625 0.001494086 0.002366833 0.001048374 0.005106570 0.999983609
1548340308.620760 -0.011839206 0.001031961 0.001849830 0.000513162 0.001660237 0.004733285 0.999987304
1548340308.654270 0.005548498 -0.005234121 0.006042528 -0.000570985 -0.001091452 0.005162489 0.999985874
1548340308.687790 -0.014849683 0.006756323 0.001097891 0.001840834 0.002677613 0.004880788 0.999982774
1548340308.721290 -0.019684151 -0.005282888 0.003373426 -0.000283066 0.003062721 0.004272398 0.999986112
1548340308.754740 -0.020005628 0.001159472 0.002161622 0.001045906 0.003247098 0.004079911 0.999985814
1548340308.788260 -0.016501978 0.008585725 -0.000031421 0.002434084 0.002995021 0.004736559 0.999981344
1548340308.821770 -0.015784109 0.010446597 0.005132955 0.002453245 0.002797473 0.004447646 0.999983191
1548340308.855030 -0.060118787 0.010316376 -0.006295752 0.002838300 0.010495400 0.002899417 0.999936700
1548340308.888130 -0.039548334 0.013340393 -0.005551979 0.003312322 0.007058871 0.003416919 0.999963760
1548340308.921650 -0.026716441 0.011965906 -0.003373035 0.002845648 0.005044969 0.004136288 0.999974668
1548340308.955170 0.000114152 0.018491901 -0.002462258 0.003618289 0.000984540 0.005954926 0.999975264
1548340308.989100 0.010833283 0.007418418 0.002510466 0.001564394 -0.000924347 0.005922055 0.999980807
1548340309.022610 0.034371283 0.007324480 0.005610639 0.001266890 -0.004677823 0.006711648 0.999965727
1548340309.056130 0.070079260 -0.017673342 0.025872344 -0.004085636 -0.010630677 0.007783166 0.999904811
1548340309.089590 0.094370157 -0.032841086 0.033227623 -0.007071176 -0.014482686 0.008478651 0.999834180
1548340309.123110 0.129864484 -0.041572429 0.042893529 -0.008181575 -0.020426191 0.007922204 0.999726474
1548340309.156620 0.104402065 -0.039666906 0.039147347 -0.007644076 -0.016051630 0.007102435 0.999816716
1548340309.760300 -0.044944398 0.021499820 0.005361643 0.003381936 0.009666642 0.003043282 0.999942958
1548340309.793860 -0.041364156 0.013163691 0.003633539 0.002088557 0.009046349 0.003273179 0.999951541
1548340309.827330 -0.037870657 0.013856624 0.001892650 0.002162255 0.008896629 0.003386425 0.999952376
1548340309.860850 -0.021666352 0.003479335 0.002738020 0.000498034 0.006202735 0.004469696 0.999970615
1548340309.894360 -0.020610975 -0.004165151 0.002280417 -0.000576831 0.005965102 0.004660279 0.999971211
1548340309.927830 -0.051821519 0.000074442 0.005490444 0.000037204 0.011509378 0.004097033 0.999925375
1548340309.961340 -0.047106020 -0.000017590 0.004645671 -0.000008876 0.011027864 0.004558024 0.999928772
1548340309.994870 -0.039843608 -0.003704007 0.005460912 -0.000552678 0.009873458 0.004571090 0.999940634
1548340310.028420 -0.035594188 0.003265556 0.005122119 0.000644202 0.009604734 0.004739772 0.999942422
1548340310.061900 -0.026068714 0.006638602 0.003451965 0.001091149 0.008165018 0.005272682 0.999952137
1548340310.095420 -0.014635630 0.011820734 0.001844326 0.001800788 0.006225384 0.005464285 0.999964058
1548340310.128980 -0.003647578 0.010325431 0.000537978 0.001698549 0.004247260 0.005665771 0.999973476
1548340310.162540 0.006939013 0.014632546 -0.000220022 0.002691417 0.003020206 0.006546237 0.999970376
1548340310.196060 0.021956509 0.015973965 0.000507910 0.002971453 0.000630717 0.007321747 0.999968588
1548340310.229600 0.036910079 0.017283982 -0.003011179 0.003350568 -0.001707335 0.007504791 0.999964774
1548340310.263110 0.057427499 0.019990565 -0.004695792 0.003739346 -0.004939518 0.008284448 0.999946475
1548340310.296630 0.074788801 0.018151375 -0.008026103 0.003659277 -0.007730593 0.009055950 0.999922395
1548340310.330190 0.082816623 0.019250579 -0.011143856 0.004090464 -0.009003957 0.009314896 0.999907732
1548340310.363930 0.110996999 0.018830579 -0.014502979 0.004184914 -0.013561890 0.010132633 0.999847949
1548340310.397450 0.088478118 0.017152807 -0.014542279 0.003833585 -0.009916591 0.009642340 0.999897003
1548340310.431050 0.120258123 0.016448887 -0.014791099 0.003897109 -0.015242802 0.010843292 0.999817431
1548340310.464570 0.091286808 0.028342480 -0.017080119 0.006118403 -0.010400331 0.010124443 0.999875903
1548340310.498080 0.042521790 0.030418046 -0.008934771 0.006049427 -0.002591604 0.008173916 0.999944925
1548340310.531680 0.013292741 0.028334333 -0.003620297 0.005273002 0.002181597 0.006690396 0.999961317
1548340310.565390 0.001390317 0.025240026 -0.000561708 0.004591816 0.003941815 0.006188370 0.999962509
1548340310.598710 -0.003932547 0.023290269 0.001870125 0.004140040 0.004913019 0.005851262 0.999962211
1548340310.632150 0.037216105 0.037333660 -0.002025470 0.007135217 -0.001702082 0.007457294 0.999945283
1548340310.665590 0.070322663 0.039611310 -0.003104526 0.007768807 -0.006950215 0.008958467 0.999905527
1548340310.699110 0.106166974 0.034059592 -0.001073301 0.006796288 -0.012577667 0.010295554 0.999844790
1548340310.732610 0.128916472 0.045380656 -0.000318655 0.008551212 -0.015531727 0.012030809 0.999770403
1548340310.766140 0.003611929 0.012634699 0.001175405 0.002090202 0.003755789 0.005705731 0.999974489
1548340310.799640 0.021509990 0.015575927 0.001187801 0.002673346 0.001229103 0.006547865 0.999974251
1548340310.833160 0.033429235 0.013805320 0.002314396 0.002087092 -0.000762561 0.007025821 0.999972880
1548340310.866510 0.047738276 0.011712338 0.002032225 0.001131915 -0.003412463 0.006495567 0.999972463
1548340310.899910 0.046749156 0.015913758 0.002552334 0.002228850 -0.002957480 0.006903619 0.999969304
1548340310.933420 0.048007950 0.016814653 -0.001659293 0.002647484 -0.003064466 0.007332332 0.999964893
1548340310.966930 0.043427393 0.014747490 -0.001744562 0.002233025 -0.002153762 0.007386642 0.999967873
1548340311.000460 0.027796783 0.013536706 0.002891510 0.001677241 0.000532421 0.006427472 0.999977827
1548340311.033980 0.007140775 0.011928657 0.007977298 0.001071120 0.003861264 0.005307799 0.999977887
1548340311.067480 0.004754883 0.011645654 0.006166198 0.001091474 0.004326534 0.005380621 0.999975562
1548340311.101000 0.008047948 0.015881427 0.008676580 0.001767860 0.004048683 0.005459630 0.999975324
1548340311.134510 -0.014649758 0.006687292 0.011659177 -0.000286942 0.007823540 0.004538215 0.999959052
1548340311.167940 -0.019228389 0.005370670 0.011918369 -0.000742937 0.008637433 0.004520392 0.999952197
1548340311.201450 -0.028533520 0.001101208 0.014867255 -0.002114099 0.010346138 0.003373854 0.999938548
1548340311.234880 -0.040458553 0.011472761 0.016367039 -0.000955811 0.012834499 0.002849481 0.999913096
1548340311.268390 -0.028722247 0.004151966 0.014812192 -0.002175317 0.010785674 0.003901041 0.999931872
1548340311.301610 -0.032439481 -0.000898110 0.013826200 -0.003194671 0.011153400 0.003624620 0.999926150
1548340311.335100 -0.035298903 0.004237354 0.016545705 -0.002399317 0.011760021 0.002846929 0.999923944
1548340311.368600 -0.021693647 0.002490109 0.011730456 -0.002040945 0.009399412 0.003755218 0.999946713
1548340311.402120 -0.013155733 0.015890518 0.010214717 0.000635047 0.007744909 0.004072056 0.999961495
1548340311.435630 -0.012895619 0.010804171 0.011245643 0.000044125 0.007568839 0.004062657 0.999963105
1548340311.469130 -0.008321099 0.009395869 0.007642874 0.000081086 0.006495696 0.004509767 0.999968708
1548340311.502580 0.001309595 0.013360880 0.005073279 0.000728174 0.004476263 0.004114758 0.999981284
1548340311.536090 -0.005791701 0.006993244 0.010490321 -0.000384349 0.005524941 0.004033478 0.999976516
1548340311.569610 -0.013336122 0.009988621 0.013406096 0.000132530 0.006684959 0.003413608 0.999971807
1548340311.603130 -0.018794782 0.012624752 0.013144473 0.000751905 0.007298434 0.002934016 0.999968767
1548340311.636640 -0.023024557 0.018959938 0.016219120 0.001780371 0.007799993 0.002343185 0.999965250
1548340311.670140 -0.012553814 0.012857514 0.011702919 0.000936667 0.005524308 0.002644097 0.999980807
1548340311.703650 -0.005780719 0.021340575 0.008794197 0.002763135 0.003830881 0.002643099 0.999985337
1548340311.737130 -0.003955688 0.017150678 0.010552329 0.002152439 0.003469347 0.002535789 0.999988437
1548340311.770650 -0.009803720 0.010672722 0.011779091 0.001266763 0.004066080 0.002312804 0.999988258
1548340311.804160 -0.008271703 0.010624697 0.012742114 0.001461333 0.003300633 0.002145349 0.999991179
1548340311.837680 -0.007148007 0.011588334 0.010726074 0.001836628 0.002673937 0.001831561 0.999993086
1548340311.871230 -0.016654881 0.009890627 0.012479589 0.001612641 0.004104516 0.000912002 0.999989867
1548340311.904740 -0.012582293 0.004371565 0.015930543 0.000723561 0.002826918 0.000842667 0.999995410
1548340311.938260 -0.012232678 0.010032302 0.014379082 0.001677600 0.002375005 0.000209763 0.999995768
1548340311.971790 -0.008464711 0.012841196 0.013650962 0.002216461 0.001515877 0.000158307 0.999996364
1548340312.005300 -0.013164649 0.015791835 0.015370567 0.002920523 0.001740833 0.000171874 0.999994218
1548340312.038770 -0.023914183 0.011093363 0.018201074 0.002560409 0.002691935 -0.000282846 0.999993086
1548340312.072340 -0.026115097 0.012406560 0.018030291 0.003282515 0.003131268 -0.000115085 0.999989688
1548340312.105850 -0.022048350 0.011593054 0.017113136 0.003425120 0.002876670 0.000608491 0.999989808
1548340312.139370 -0.017399339 0.007418491 0.016204068 0.002899859 0.002022996 0.001380289 0.999992788
1548340312.172900 -0.016136646 0.005887929 0.016999183 0.002652009 0.001601914 0.002470845 0.999992132
1548340312.206450 -0.021804042 0.014126319 0.016979685 0.004075898 0.001777287 0.003622615 0.999983549
1548340312.240420 -0.027533723 0.011054545 0.018008698 0.003132758 0.001318645 0.003740367 0.999987245
1548340312.273940 -0.021007251 0.008373209 0.017182300 0.001986156 -0.000781996 0.004454315 0.999987841
1548340312.307510 -0.026644308 0.004563367 0.017242482 0.000720122 -0.000881578 0.004094924 0.999990940
1548340312.341020 -0.024130151 0.006172978 0.017207207 0.000634117 -0.002581532 0.003421878 0.999990642
1548340312.374540 -0.020245248 -0.001839560 0.015143215 -0.000832950 -0.003617702 0.003519381 0.999986947
1548340312.408050 -0.022298036 0.001818878 0.016245188 -0.000029729 -0.003514020 0.003732519 0.999986887
1548340312.441570 -0.014579787 -0.003272633 0.017365756 -0.000126024 -0.005070698 0.004199411 0.999978304
1548340312.475030 -0.014674210 -0.006884576 0.016824370 0.000154782 -0.004700575 0.004813197 0.999977350
1548340312.508600 -0.019950727 -0.005596024 0.015864480 0.001619235 -0.003497205 0.005005357 0.999980032
1548340312.542130 -0.016705899 -0.002287702 0.016810995 0.003123851 -0.003812281 0.005614051 0.999972105
1548340312.575660 -0.021168143 -0.004408801 0.017181108 0.003606449 -0.002913631 0.005496861 0.999974132
1548340312.609240 -0.016981833 -0.000781724 0.016556730 0.004734574 -0.003785269 0.005312721 0.999967515
1548340312.642800 -0.015639981 0.000361604 0.018539559 0.005150563 -0.004092927 0.004928140 0.999966204
1548340312.676270 -0.013702800 0.002931128 0.017905159 0.005685992 -0.004400529 0.004540470 0.999963820
1548340312.709820 -0.014916775 0.002710516 0.018284496 0.005472846 -0.004562186 0.004099699 0.999966204
1548340312.743330 -0.013369908 0.003198319 0.016976835 0.005076419 -0.005113842 0.003390212 0.999968290
1548340312.776680 -0.011726954 0.001754659 0.018991439 0.004315121 -0.005391828 0.002691017 0.999972522
1548340312.810000 -0.013792519 -0.008694742 0.021033803 0.002093869 -0.005898677 0.002689064 0.999976814
1548340312.843510 -0.015827529 -0.003423969 0.022795571 0.002747698 -0.007449610 0.002297305 0.999965847
1548340312.877230 -0.024321983 -0.006680073 0.022207359 0.002156618 -0.008820112 0.001929572 0.999956906
1548340312.910910 -0.022546900 -0.012092638 0.020818632 0.001094147 -0.012799649 0.001948285 0.999915600
1548340312.944530 -0.029572453 -0.002281277 0.019607462 0.002554340 -0.015795160 0.001595776 0.999870718
1548340312.978130 -0.028022751 0.001025941 0.019772245 0.002091200 -0.019722527 0.001056938 0.999802768
1548340313.011560 -0.022328760 -0.002771666 0.019416340 -0.000100137 -0.024621844 0.000268630 0.999696791
