frame_id dynamic_keypoints dynamic_map_points suppressed_map_points dynamic_objects static_objects total_objects
1 455 0 0 2 5 7
1 455 0 0 2 5 7
2 441 0 0 2 4 6
2 441 0 0 2 4 6
3 440 0 0 2 4 6
3 440 0 0 2 4 6
4 426 0 0 2 4 6
4 426 0 0 2 4 6
5 454 0 0 2 4 6
5 454 0 0 2 4 6
6 437 0 0 2 4 6
6 437 0 0 2 4 6
7 446 0 0 2 4 6
7 446 0 0 2 4 6
8 441 0 0 2 5 7
8 441 0 0 2 5 7
9 427 0 0 2 5 7
9 427 0 0 2 5 7
10 429 0 0 2 5 7
10 429 0 0 2 5 7
11 419 0 0 2 4 6
11 419 0 0 2 4 6
12 445 0 0 2 5 7
12 445 0 0 2 5 7
13 446 0 0 2 4 6
13 446 0 0 2 4 6
14 457 0 0 2 4 6
14 457 0 0 2 4 6
15 492 0 0 2 4 6
15 492 0 0 2 4 6
16 573 0 0 2 3 5
16 573 0 0 2 3 5
17 550 0 0 2 3 5
17 550 0 0 2 3 5
18 548 0 0 2 3 5
18 548 0 0 2 3 5
19 555 0 0 2 3 5
19 555 0 0 2 3 5
20 572 0 0 2 3 5
20 572 0 0 2 3 5
21 556 0 0 2 3 5
21 556 0 0 2 3 5
22 573 0 0 2 3 5
22 573 0 0 2 3 5
23 573 0 0 2 3 5
23 573 0 0 2 3 5
24 564 0 0 2 3 5
24 564 0 0 2 3 5
25 527 0 0 2 3 5
25 527 0 0 2 3 5
26 549 0 0 2 3 5
26 549 0 0 2 3 5
27 559 0 0 2 3 5
27 559 0 0 2 3 5
28 568 0 0 2 3 5
28 568 0 0 2 3 5
29 591 0 0 2 3 5
29 591 0 0 2 3 5
30 592 0 0 2 3 5
30 592 0 0 2 3 5
31 577 0 0 2 4 6
31 577 0 0 2 4 6
32 603 0 0 2 4 6
32 603 0 0 2 4 6
33 608 0 0 2 3 5
33 608 0 0 2 3 5
34 611 0 0 2 3 5
34 611 0 0 2 3 5
35 578 0 0 2 5 7
35 578 0 0 2 5 7
36 580 0 0 2 3 5
36 580 0 0 2 3 5
37 581 0 0 2 3 5
37 581 0 0 2 3 5
38 593 0 0 2 4 7
38 593 0 0 2 4 7
39 582 0 0 2 3 5
39 582 0 0 2 3 5
40 609 0 0 2 3 5
40 609 0 0 2 3 5
41 561 0 0 3 3 6
41 561 0 0 3 3 6
42 606 0 0 2 2 4
42 606 0 0 2 2 4
43 609 0 0 2 2 4
43 609 0 0 2 2 4
44 596 0 0 2 2 4
44 596 0 0 2 2 4
45 606 0 0 2 2 4
45 606 0 0 2 2 4
46 616 0 0 2 2 4
46 616 0 0 2 2 4
47 605 0 0 2 2 4
47 605 0 0 2 2 4
48 599 0 0 2 2 4
48 599 0 0 2 2 4
49 579 0 0 2 3 5
49 579 0 0 2 3 5
50 660 0 0 2 2 4
50 660 0 0 2 2 4
51 646 0 0 2 2 4
51 646 0 0 2 2 4
52 670 0 0 2 2 4
52 670 0 0 2 2 4
53 647 0 0 2 2 4
53 647 0 0 2 2 4
54 613 0 0 2 2 4
54 613 0 0 2 2 4
55 586 0 0 2 3 5
55 586 0 0 2 3 5
56 614 0 0 2 2 4
56 614 0 0 2 2 4
57 618 0 0 2 2 4
57 618 0 0 2 2 4
58 613 0 0 2 2 4
58 613 0 0 2 2 4
59 603 0 0 2 2 4
59 603 0 0 2 2 4
60 618 0 0 2 2 4
60 618 0 0 2 2 4
61 623 0 0 2 2 4
61 623 0 0 2 2 4
62 587 0 0 2 2 4
62 587 0 0 2 2 4
63 578 0 0 2 2 4
63 578 0 0 2 2 4
64 561 0 0 2 2 4
64 561 0 0 2 2 4
65 603 0 0 2 2 4
65 603 0 0 2 2 4
66 583 0 0 2 2 4
66 583 0 0 2 2 4
67 589 0 0 2 2 4
67 589 0 0 2 2 4
68 590 0 0 2 2 5
68 590 0 0 2 2 5
69 571 0 0 2 2 4
69 571 0 0 2 2 4
70 560 0 0 2 2 4
70 560 0 0 2 2 4
71 541 0 0 2 2 4
71 541 0 0 2 2 4
72 496 0 0 2 2 4
72 496 0 0 2 2 4
73 496 0 0 2 2 4
73 496 0 0 2 2 4
74 494 0 0 2 2 4
74 494 0 0 2 2 4
75 495 0 0 2 2 4
75 495 0 0 2 2 4
76 475 0 0 2 2 4
76 475 0 0 2 2 4
77 477 0 0 2 2 4
77 477 0 0 2 2 4
78 474 0 0 2 2 4
78 474 0 0 2 2 4
79 484 0 0 2 2 4
79 484 0 0 2 2 4
80 492 0 0 2 2 4
80 492 0 0 2 2 4
81 525 0 0 2 2 4
81 525 0 0 2 2 4
82 501 0 0 2 2 4
82 501 0 0 2 2 4
83 487 0 0 2 2 4
83 487 0 0 2 2 4
84 522 0 0 2 2 4
84 522 0 0 2 2 4
85 552 0 0 2 2 4
85 552 0 0 2 2 4
86 507 0 0 2 2 4
86 507 0 0 2 2 4
87 522 0 0 2 2 4
87 522 0 0 2 2 4
88 546 0 0 2 2 4
88 546 0 0 2 2 4
89 541 0 0 2 2 4
89 541 0 0 2 2 4
90 528 0 0 2 2 4
90 528 0 0 2 2 4
91 508 0 0 2 2 4
91 508 0 0 2 2 4
92 477 0 0 2 2 4
92 477 0 0 2 2 4
93 464 0 0 2 2 4
93 464 0 0 2 2 4
94 461 0 0 2 2 4
94 461 0 0 2 2 4
95 380 0 0 2 3 5
95 380 0 0 2 3 5
96 366 0 0 2 3 5
96 366 0 0 2 3 5
97 357 0 0 2 3 5
97 357 0 0 2 3 5
98 352 0 0 2 3 5
98 352 0 0 2 3 5
99 338 0 0 2 3 5
99 338 0 0 2 3 5
100 293 0 0 2 3 5
100 293 0 0 2 3 5
101 267 0 0 2 3 5
101 267 0 0 2 3 5
102 259 0 0 2 3 5
102 259 0 0 2 3 5
103 270 0 0 2 2 4
103 270 0 0 2 2 4
104 260 0 0 2 3 5
104 260 0 0 2 3 5
105 260 0 0 2 3 5
105 260 0 0 2 3 5
106 257 0 0 2 1 3
106 257 0 0 2 1 3
107 249 0 0 2 1 3
107 249 0 0 2 1 3
108 270 0 0 2 2 4
108 270 0 0 2 2 4
109 288 0 0 2 2 4
109 288 0 0 2 2 4
110 299 0 0 2 2 4
110 299 0 0 2 2 4
111 331 0 0 2 2 4
111 331 0 0 2 2 4
112 334 0 0 2 2 4
112 334 0 0 2 2 4
113 340 0 0 2 2 4
113 340 0 0 2 2 4
114 337 0 0 2 2 4
114 337 0 0 2 2 4
115 346 0 0 2 2 4
115 346 0 0 2 2 4
116 343 0 0 2 2 4
116 343 0 0 2 2 4
117 327 0 0 2 2 4
117 327 0 0 2 2 4
118 327 0 0 2 2 4
118 327 0 0 2 2 4
119 315 0 0 2 2 4
119 315 0 0 2 2 4
120 309 0 0 2 2 4
120 309 0 0 2 2 4
121 325 0 0 2 2 4
121 325 0 0 2 2 4
122 301 0 0 2 2 4
122 301 0 0 2 2 4
123 311 0 0 2 2 4
123 311 0 0 2 2 4
124 283 0 0 1 2 3
124 283 0 0 1 2 3
125 316 0 0 2 2 4
125 316 0 0 2 2 4
126 280 0 0 1 2 3
126 280 0 0 1 2 3
127 304 0 0 2 2 4
127 304 0 0 2 2 4
128 305 0 0 2 2 4
128 305 0 0 2 2 4
129 356 0 0 2 2 4
129 356 0 0 2 2 4
130 331 0 0 2 2 4
130 331 0 0 2 2 4
131 345 0 0 2 2 4
131 345 0 0 2 2 4
132 344 0 0 2 2 4
132 344 0 0 2 2 4
133 351 0 0 2 2 4
133 351 0 0 2 2 4
134 329 0 0 2 3 5
134 329 0 0 2 3 5
135 362 0 0 2 2 4
135 362 0 0 2 2 4
136 329 0 0 2 3 5
136 329 0 0 2 3 5
137 264 0 0 2 4 6
137 264 0 0 2 4 6
138 279 0 0 2 3 5
138 279 0 0 2 3 5
139 261 0 0 2 3 6
139 261 0 0 2 3 6
140 269 0 0 2 3 5
140 269 0 0 2 3 5
141 211 0 0 1 3 4
141 211 0 0 1 3 4
142 196 0 0 1 3 4
142 196 0 0 1 3 4
143 240 0 0 1 2 4
143 240 0 0 1 2 4
144 229 0 0 1 3 5
144 229 0 0 1 3 5
145 206 0 0 1 3 4
145 206 0 0 1 3 4
146 213 0 0 1 4 5
146 213 0 0 1 4 5
147 228 0 0 1 4 5
147 228 0 0 1 4 5
148 242 0 0 1 4 5
148 242 0 0 1 4 5
149 244 0 0 1 3 4
149 244 0 0 1 3 4
150 275 0 0 1 3 4
150 275 0 0 1 3 4
151 253 0 0 1 3 4
151 253 0 0 1 3 4
152 287 0 0 1 3 4
152 287 0 0 1 3 4
153 320 0 0 1 3 4
153 320 0 0 1 3 4
154 276 0 0 1 3 4
154 276 0 0 1 3 4
155 281 0 0 1 3 4
155 281 0 0 1 3 4
156 284 0 0 1 2 3
156 284 0 0 1 2 3
157 336 0 0 1 2 3
157 336 0 0 1 2 3
158 335 0 0 1 2 3
158 335 0 0 1 2 3
159 334 0 0 1 1 2
159 334 0 0 1 1 2
160 333 0 0 1 1 2
160 333 0 0 1 1 2
161 331 0 0 1 1 2
161 331 0 0 1 1 2
162 346 0 0 1 1 2
162 346 0 0 1 1 2
163 308 0 0 1 1 2
163 308 0 0 1 1 2
164 300 0 0 1 1 2
164 300 0 0 1 1 2
165 285 0 0 1 1 2
165 285 0 0 1 1 2
166 258 0 0 1 1 2
166 258 0 0 1 1 2
167 262 0 0 1 1 2
167 262 0 0 1 1 2
168 270 0 0 1 1 2
168 270 0 0 1 1 2
169 292 0 0 1 2 3
169 292 0 0 1 2 3
170 346 0 0 1 1 2
170 346 0 0 1 1 2
171 379 0 0 1 1 2
171 379 0 0 1 1 2
172 395 0 0 1 1 2
172 395 0 0 1 1 2
173 389 0 0 1 1 2
173 389 0 0 1 1 2
174 375 0 0 1 0 1
174 375 0 0 1 0 1
175 358 0 0 1 0 1
175 358 0 0 1 0 1
176 330 0 0 1 1 2
176 330 0 0 1 1 2
177 293 0 0 1 1 2
177 293 0 0 1 1 2
178 272 0 0 1 2 3
178 272 0 0 1 2 3
179 202 0 0 1 2 3
179 202 0 0 1 2 3
180 148 0 0 1 1 2
180 148 0 0 1 1 2
181 106 0 0 1 1 2
181 106 0 0 1 1 2
182 85 0 0 1 3 4
182 85 0 0 1 3 4
183 0 0 0 0 3 3
183 0 0 0 0 3 3
184 0 0 0 0 3 3
184 0 0 0 0 3 3
185 0 0 0 0 4 4
185 0 0 0 0 4 4
186 0 0 0 0 4 4
186 0 0 0 0 4 4
187 0 0 0 0 4 4
187 0 0 0 0 4 4
188 0 0 0 0 4 4
188 0 0 0 0 4 4
189 0 0 0 0 4 4
189 0 0 0 0 4 4
190 0 0 0 0 2 2
190 0 0 0 0 2 2
191 0 0 0 0 2 2
191 0 0 0 0 2 2
192 0 0 0 0 2 2
192 0 0 0 0 2 2
193 0 0 0 0 3 3
193 0 0 0 0 3 3
194 0 0 0 0 3 3
194 0 0 0 0 3 3
195 0 0 0 0 3 3
195 0 0 0 0 3 3
196 0 0 0 0 2 2
196 0 0 0 0 2 2
197 0 0 0 0 3 3
197 0 0 0 0 3 3
198 55 0 0 1 2 3
198 55 0 0 1 2 3
199 145 0 0 1 1 2
199 145 0 0 1 1 2
200 129 0 0 1 3 4
200 129 0 0 1 3 4
201 144 0 0 1 2 3
201 144 0 0 1 2 3
202 142 0 0 1 1 2
202 142 0 0 1 1 2
203 129 0 0 1 1 2
203 129 0 0 1 1 2
204 162 0 0 1 1 2
204 162 0 0 1 1 2
205 217 0 0 1 0 1
205 217 0 0 1 0 1
206 278 0 0 1 1 2
206 278 0 0 1 1 2
207 236 0 0 1 0 1
207 236 0 0 1 0 1
208 191 0 0 1 1 2
208 191 0 0 1 1 2
209 187 0 0 1 1 2
209 187 0 0 1 1 2
210 213 0 0 1 1 2
210 213 0 0 1 1 2
211 187 0 0 1 2 3
211 187 0 0 1 2 3
212 177 0 0 1 1 2
212 177 0 0 1 1 2
213 175 0 0 1 0 1
213 175 0 0 1 0 1
214 156 0 0 1 1 2
214 156 0 0 1 1 2
215 171 0 0 1 1 2
215 171 0 0 1 1 2
216 216 0 0 1 1 2
216 216 0 0 1 1 2
217 200 0 0 1 1 2
217 200 0 0 1 1 2
218 204 0 0 1 1 2
218 204 0 0 1 1 2
219 183 0 0 1 1 2
219 183 0 0 1 1 2
220 208 0 0 1 1 2
220 208 0 0 1 1 2
221 231 0 0 1 1 2
221 231 0 0 1 1 2
222 214 0 0 1 1 2
222 214 0 0 1 1 2
223 237 0 0 1 1 2
223 237 0 0 1 1 2
224 211 0 0 1 2 3
224 211 0 0 1 2 3
225 207 0 0 1 2 3
225 207 0 0 1 2 3
226 188 0 0 1 2 3
226 188 0 0 1 2 3
227 199 0 0 1 2 3
227 199 0 0 1 2 3
228 204 0 0 1 2 3
228 204 0 0 1 2 3
229 190 0 0 1 2 3
229 190 0 0 1 2 3
230 220 0 0 1 2 3
230 220 0 0 1 2 3
231 221 0 0 1 3 4
231 221 0 0 1 3 4
232 206 0 0 1 2 3
232 206 0 0 1 2 3
233 233 0 0 1 3 4
233 233 0 0 1 3 4
234 229 0 0 1 2 3
234 229 0 0 1 2 3
235 215 0 0 1 2 3
235 215 0 0 1 2 3
236 188 0 0 1 2 3
236 188 0 0 1 2 3
237 167 0 0 1 2 3
237 167 0 0 1 2 3
238 147 0 0 1 2 3
238 147 0 0 1 2 3
239 133 0 0 1 2 3
239 133 0 0 1 2 3
240 135 0 0 1 3 4
240 135 0 0 1 3 4
241 127 0 0 1 2 3
241 127 0 0 1 2 3
242 98 0 0 1 3 4
242 98 0 0 1 3 4
243 88 0 0 1 3 4
243 88 0 0 1 3 4
244 77 0 0 1 3 4
244 77 0 0 1 3 4
245 80 0 0 1 4 5
245 80 0 0 1 4 5
246 57 0 0 1 3 4
246 57 0 0 1 3 4
247 53 0 0 1 3 4
247 53 0 0 1 3 4
248 24 0 0 1 4 5
248 24 0 0 1 4 5
249 17 0 0 1 4 5
249 17 0 0 1 4 5
250 0 0 0 0 4 4
250 0 0 0 0 4 4
251 0 0 0 0 4 4
251 0 0 0 0 4 4
252 0 0 0 0 5 5
252 0 0 0 0 5 5
253 0 0 0 0 5 5
253 0 0 0 0 5 5
254 0 0 0 0 5 5
254 0 0 0 0 5 5
255 0 0 0 0 5 5
255 0 0 0 0 5 5
256 0 0 0 0 4 4
256 0 0 0 0 4 4
257 0 0 0 0 5 5
257 0 0 0 0 5 5
258 0 0 0 0 4 4
258 0 0 0 0 4 4
259 0 0 0 0 4 4
259 0 0 0 0 4 4
260 0 0 0 0 4 4
260 0 0 0 0 4 4
261 0 0 0 0 4 4
261 0 0 0 0 4 4
262 0 0 0 0 4 4
262 0 0 0 0 4 4
263 0 0 0 0 5 5
263 0 0 0 0 5 5
264 0 0 0 0 3 3
264 0 0 0 0 3 3
265 0 0 0 0 3 3
265 0 0 0 0 3 3
266 0 0 0 0 2 2
266 0 0 0 0 2 2
267 0 0 0 0 2 2
267 0 0 0 0 2 2
268 0 0 0 0 2 2
268 0 0 0 0 2 2
269 0 0 0 0 2 2
269 0 0 0 0 2 2
270 0 0 0 0 2 2
270 0 0 0 0 2 2
271 0 0 0 0 2 2
271 0 0 0 0 2 2
272 0 0 0 0 2 2
272 0 0 0 0 2 2
273 0 0 0 0 2 2
273 0 0 0 0 2 2
274 0 0 0 0 2 2
274 0 0 0 0 2 2
275 0 0 0 0 2 2
275 0 0 0 0 2 2
276 0 0 0 0 1 1
276 0 0 0 0 1 1
277 0 0 0 0 2 2
277 0 0 0 0 2 2
278 0 0 0 0 2 2
278 0 0 0 0 2 2
279 0 0 0 0 2 2
279 0 0 0 0 2 2
280 0 0 0 0 2 2
280 0 0 0 0 2 2
281 0 0 0 0 2 2
281 0 0 0 0 2 2
282 0 0 0 0 2 2
282 0 0 0 0 2 2
283 0 0 0 0 2 2
283 0 0 0 0 2 2
284 0 0 0 0 1 1
284 0 0 0 0 1 1
285 0 0 0 0 1 1
285 0 0 0 0 1 1
286 0 0 0 0 1 1
286 0 0 0 0 1 1
287 0 0 0 0 1 1
287 0 0 0 0 1 1
288 0 0 0 0 2 2
288 0 0 0 0 2 2
289 0 0 0 0 2 2
289 0 0 0 0 2 2
290 0 0 0 0 2 3
290 0 0 0 0 2 3
291 0 0 0 0 1 1
291 0 0 0 0 1 1
292 0 0 0 0 1 1
292 0 0 0 0 1 1
293 0 0 0 0 2 2
293 0 0 0 0 2 2
294 0 0 0 0 1 1
294 0 0 0 0 1 1
295 0 0 0 0 1 1
295 0 0 0 0 1 1
296 0 0 0 0 1 1
296 0 0 0 0 1 1
297 0 0 0 0 2 2
297 0 0 0 0 2 2
298 0 0 0 0 1 1
298 0 0 0 0 1 1
299 0 0 0 0 2 2
299 0 0 0 0 2 2
300 0 0 0 0 2 2
300 0 0 0 0 2 2
301 0 0 0 0 2 2
301 0 0 0 0 2 2
302 0 0 0 0 2 2
302 0 0 0 0 2 2
303 0 0 0 0 1 1
303 0 0 0 0 1 1
304 0 0 0 0 1 1
304 0 0 0 0 1 1
305 0 0 0 0 1 1
305 0 0 0 0 1 1
306 0 0 0 0 0 0
306 0 0 0 0 0 0
307 0 0 0 0 1 1
307 0 0 0 0 1 1
308 0 0 0 0 0 0
308 0 0 0 0 0 0
309 0 0 0 0 0 0
309 0 0 0 0 0 0
310 0 0 0 0 0 0
310 0 0 0 0 0 0
311 0 0 0 0 0 0
311 0 0 0 0 0 0
312 0 0 0 0 0 0
312 0 0 0 0 0 0
313 0 0 0 0 0 0
313 0 0 0 0 0 0
314 0 0 0 0 0 0
314 0 0 0 0 0 0
315 0 0 0 0 0 0
315 0 0 0 0 0 0
316 0 0 0 0 1 1
316 0 0 0 0 1 1
317 0 0 0 0 1 1
317 0 0 0 0 1 1
318 0 0 0 0 0 0
318 0 0 0 0 0 0
319 0 0 0 0 1 1
319 0 0 0 0 1 1
320 0 0 0 0 0 0
320 0 0 0 0 0 0
321 0 0 0 0 1 1
321 0 0 0 0 1 1
322 0 0 0 0 2 2
322 0 0 0 0 2 2
323 0 0 0 0 2 2
323 0 0 0 0 2 2
324 0 0 0 0 2 2
324 0 0 0 0 2 2
325 0 0 0 0 2 2
325 0 0 0 0 2 2
326 0 0 0 0 2 2
326 0 0 0 0 2 2
327 0 0 0 0 2 2
327 0 0 0 0 2 2
328 0 0 0 0 2 2
328 0 0 0 0 2 2
329 0 0 0 0 3 3
329 0 0 0 0 3 3
330 0 0 0 0 3 3
330 0 0 0 0 3 3
331 0 0 0 0 3 3
331 0 0 0 0 3 3
332 0 0 0 0 2 2
332 0 0 0 0 2 2
333 0 0 0 0 2 2
333 0 0 0 0 2 2
334 0 0 0 0 3 3
334 0 0 0 0 3 3
335 0 0 0 0 2 2
335 0 0 0 0 2 2
336 0 0 0 0 2 2
336 0 0 0 0 2 2
337 0 0 0 0 3 3
337 0 0 0 0 3 3
338 0 0 0 0 3 3
338 0 0 0 0 3 3
339 0 0 0 0 3 3
339 0 0 0 0 3 3
340 0 0 0 0 3 3
340 0 0 0 0 3 3
341 0 0 0 0 2 2
341 0 0 0 0 2 2
342 0 0 0 0 3 3
342 0 0 0 0 3 3
343 0 0 0 0 4 4
343 0 0 0 0 4 4
344 0 0 0 0 4 4
344 0 0 0 0 4 4
345 0 0 0 0 3 3
345 0 0 0 0 3 3
346 0 0 0 0 2 2
346 0 0 0 0 2 2
347 0 0 0 0 4 4
347 0 0 0 0 4 4
348 0 0 0 0 4 4
348 0 0 0 0 4 4
349 0 0 0 0 4 4
349 0 0 0 0 4 4
350 0 0 0 0 3 3
350 0 0 0 0 3 3
351 0 0 0 0 3 3
351 0 0 0 0 3 3
352 0 0 0 0 2 2
352 0 0 0 0 2 2
353 0 0 0 0 3 3
353 0 0 0 0 3 3
354 0 0 0 0 4 4
354 0 0 0 0 4 4
355 34 0 0 1 3 4
355 34 0 0 1 3 4
356 0 0 0 0 4 4
356 0 0 0 0 4 4
357 20 0 0 1 3 4
357 20 0 0 1 3 4
358 26 0 0 1 2 3
358 26 0 0 1 2 3
359 19 0 0 1 3 4
359 19 0 0 1 3 4
360 21 0 0 1 3 4
360 21 0 0 1 3 4
361 0 0 0 0 3 3
361 0 0 0 0 3 3
362 0 0 0 0 3 3
362 0 0 0 0 3 3
363 0 0 0 0 3 3
363 0 0 0 0 3 3
364 0 0 0 0 2 2
364 0 0 0 0 2 2
365 0 0 0 0 3 3
365 0 0 0 0 3 3
366 0 0 0 0 3 3
366 0 0 0 0 3 3
367 0 0 0 0 4 4
367 0 0 0 0 4 4
368 0 0 0 0 3 3
368 0 0 0 0 3 3
369 0 0 0 0 4 4
369 0 0 0 0 4 4
370 0 0 0 1 4 5
370 0 0 0 1 4 5
371 0 0 0 0 4 4
371 0 0 0 0 4 4
372 0 0 0 0 4 4
372 0 0 0 0 4 4
373 0 0 0 0 4 4
373 0 0 0 0 4 4
374 0 0 0 0 4 4
374 0 0 0 0 4 4
375 0 0 0 0 4 4
375 0 0 0 0 4 4
376 0 0 0 0 4 4
376 0 0 0 0 4 4
377 0 0 0 0 4 4
377 0 0 0 0 4 4
378 0 0 0 0 4 4
378 0 0 0 0 4 4
379 0 0 0 0 4 4
379 0 0 0 0 4 4
380 0 0 0 0 4 4
380 0 0 0 0 4 4
381 0 0 0 0 4 4
381 0 0 0 0 4 4
382 0 0 0 0 3 3
382 0 0 0 0 3 3
383 0 0 0 0 4 4
383 0 0 0 0 4 4
384 0 0 0 0 3 3
384 0 0 0 0 3 3
385 0 0 0 0 4 4
385 0 0 0 0 4 4
386 0 0 0 0 4 4
386 0 0 0 0 4 4
387 0 0 0 0 4 4
387 0 0 0 0 4 4
388 0 0 0 0 3 3
388 0 0 0 0 3 3
389 81 0 0 1 4 5
389 81 0 0 1 4 5
390 70 0 0 1 3 4
390 70 0 0 1 3 4
391 137 0 0 1 3 4
391 137 0 0 1 3 4
392 86 0 0 1 4 5
392 86 0 0 1 4 5
393 0 0 0 0 3 3
393 0 0 0 0 3 3
394 114 0 0 1 3 4
394 114 0 0 1 3 4
395 104 0 0 1 4 5
395 104 0 0 1 4 5
396 188 0 0 1 3 4
396 188 0 0 1 3 4
397 199 0 0 1 3 4
397 199 0 0 1 3 4
398 219 0 0 1 3 4
398 219 0 0 1 3 4
399 253 0 0 1 3 4
399 253 0 0 1 3 4
400 247 0 0 1 3 4
400 247 0 0 1 3 4
401 262 0 0 1 3 4
401 262 0 0 1 3 4
402 245 0 0 1 4 5
402 245 0 0 1 4 5
403 264 0 0 1 4 5
403 264 0 0 1 4 5
404 266 0 0 1 3 4
404 266 0 0 1 3 4
405 262 0 0 1 3 4
405 262 0 0 1 3 4
406 255 0 0 1 3 4
406 255 0 0 1 3 4
407 241 0 0 1 3 4
407 241 0 0 1 3 4
408 233 0 0 1 2 3
408 233 0 0 1 2 3
409 234 0 0 1 2 4
409 234 0 0 1 2 4
410 208 0 0 1 2 3
410 208 0 0 1 2 3
411 225 0 0 1 2 3
411 225 0 0 1 2 3
412 241 0 0 1 2 3
412 241 0 0 1 2 3
413 252 0 0 1 2 3
413 252 0 0 1 2 3
414 293 0 0 1 2 3
414 293 0 0 1 2 3
415 337 0 0 1 2 3
415 337 0 0 1 2 3
416 307 0 0 1 3 4
416 307 0 0 1 3 4
417 303 0 0 1 3 4
417 303 0 0 1 3 4
418 349 0 0 1 2 3
418 349 0 0 1 2 3
419 372 0 0 1 3 4
419 372 0 0 1 3 4
420 387 0 0 1 2 3
420 387 0 0 1 2 3
421 290 0 0 1 4 5
421 290 0 0 1 4 5
422 261 0 0 1 4 5
422 261 0 0 1 4 5
423 267 0 0 1 4 5
423 267 0 0 1 4 5
424 262 0 0 1 4 5
424 262 0 0 1 4 5
425 237 0 0 1 4 5
425 237 0 0 1 4 5
426 271 0 0 1 4 5
426 271 0 0 1 4 5
427 262 0 0 1 3 4
427 262 0 0 1 3 4
428 254 0 0 1 3 4
428 254 0 0 1 3 4
429 247 0 0 1 3 4
429 247 0 0 1 3 4
430 203 0 0 1 3 4
430 203 0 0 1 3 4
431 212 0 0 1 3 4
431 212 0 0 1 3 4
432 230 0 0 1 3 4
432 230 0 0 1 3 4
433 256 0 0 1 2 3
433 256 0 0 1 2 3
434 316 0 0 1 2 3
434 316 0 0 1 2 3
435 338 0 0 1 2 3
435 338 0 0 1 2 3
436 406 0 0 1 2 3
436 406 0 0 1 2 3
437 458 0 0 1 2 3
437 458 0 0 1 2 3
438 485 0 0 1 2 3
438 485 0 0 1 2 3
439 440 0 0 1 3 4
439 440 0 0 1 3 4
440 445 0 0 1 3 4
440 445 0 0 1 3 4
441 457 0 0 1 3 4
441 457 0 0 1 3 4
442 432 0 0 1 3 4
442 432 0 0 1 3 4
443 376 0 0 1 4 5
443 376 0 0 1 4 5
444 259 0 0 1 4 5
444 259 0 0 1 4 5
445 255 0 0 1 4 5
445 255 0 0 1 4 5
446 265 0 0 1 4 5
446 265 0 0 1 4 5
447 282 0 0 1 4 5
447 282 0 0 1 4 5
448 246 0 0 1 4 5
448 246 0 0 1 4 5
449 309 0 0 2 4 6
449 309 0 0 2 4 6
450 299 0 0 2 4 6
450 299 0 0 2 4 6
451 180 0 0 1 4 5
451 180 0 0 1 4 5
452 224 0 0 2 4 6
452 224 0 0 2 4 6
453 231 0 0 2 4 6
453 231 0 0 2 4 6
454 213 0 0 2 4 6
454 213 0 0 2 4 6
455 205 0 0 2 4 6
455 205 0 0 2 4 6
456 188 0 0 2 4 6
456 188 0 0 2 4 6
457 180 0 0 2 4 6
457 180 0 0 2 4 6
458 173 0 0 2 4 6
458 173 0 0 2 4 6
459 185 0 0 2 3 5
459 185 0 0 2 3 5
460 162 0 0 2 3 5
460 162 0 0 2 3 5
461 152 0 0 2 4 6
461 152 0 0 2 4 6
462 55 0 0 1 4 5
462 55 0 0 1 4 5
463 56 0 0 1 4 5
463 56 0 0 1 4 5
464 95 0 0 2 4 6
464 95 0 0 2 4 6
465 55 0 0 1 4 5
465 55 0 0 1 4 5
466 55 0 0 1 4 5
466 55 0 0 1 4 5
467 66 0 0 1 4 5
467 66 0 0 1 4 5
468 60 0 0 1 4 5
468 60 0 0 1 4 5
469 79 0 0 1 4 5
469 79 0 0 1 4 5
470 64 0 0 1 4 5
470 64 0 0 1 4 5
471 68 0 0 1 4 5
471 68 0 0 1 4 5
472 73 0 0 1 4 5
472 73 0 0 1 4 5
473 54 0 0 1 5 6
473 54 0 0 1 5 6
474 46 0 0 1 5 6
474 46 0 0 1 5 6
475 67 0 0 1 5 6
475 67 0 0 1 5 6
476 67 0 0 1 4 5
476 67 0 0 1 4 5
477 69 0 0 1 4 5
477 69 0 0 1 4 5
478 72 0 0 1 5 6
478 72 0 0 1 5 6
479 75 0 0 1 5 6
479 75 0 0 1 5 6
480 74 0 0 1 4 5
480 74 0 0 1 4 5
481 71 0 0 1 4 5
481 71 0 0 1 4 5
482 65 0 0 1 4 5
482 65 0 0 1 4 5
483 65 0 0 1 4 5
483 65 0 0 1 4 5
484 62 0 0 1 4 5
484 62 0 0 1 4 5
485 45 0 0 1 4 5
485 45 0 0 1 4 5
486 50 0 0 1 4 5
486 50 0 0 1 4 5
487 56 0 0 1 4 5
487 56 0 0 1 4 5
488 54 0 0 1 4 5
488 54 0 0 1 4 5
489 41 0 0 1 4 5
489 41 0 0 1 4 5
490 39 0 0 1 4 5
490 39 0 0 1 4 5
491 47 0 0 1 4 5
491 47 0 0 1 4 5
492 52 0 0 1 4 5
492 52 0 0 1 4 5
493 60 0 0 1 4 5
493 60 0 0 1 4 5
494 50 0 0 1 4 5
494 50 0 0 1 4 5
495 33 0 0 1 4 5
495 33 0 0 1 4 5
496 35 0 0 1 5 6
496 35 0 0 1 5 6
497 37 0 0 1 5 6
497 37 0 0 1 5 6
498 38 0 0 1 5 6
498 38 0 0 1 5 6
499 19 0 0 1 4 5
499 19 0 0 1 4 5
500 9 0 0 1 5 6
500 9 0 0 1 5 6
501 0 0 0 0 4 4
501 0 0 0 0 4 4
502 0 0 0 0 4 4
502 0 0 0 0 4 4
503 0 0 0 0 4 4
503 0 0 0 0 4 4
504 8 0 0 1 4 5
504 8 0 0 1 4 5
505 8 0 0 1 4 5
505 8 0 0 1 4 5
506 4 0 0 1 3 4
506 4 0 0 1 3 4
507 10 0 0 1 3 4
507 10 0 0 1 3 4
508 11 0 0 1 3 4
508 11 0 0 1 3 4
509 11 0 0 1 3 4
509 11 0 0 1 3 4
510 32 0 0 1 4 5
510 32 0 0 1 4 5
511 42 0 0 1 5 6
511 42 0 0 1 5 6
512 40 0 0 1 4 5
512 40 0 0 1 4 5
513 62 0 0 1 4 5
513 62 0 0 1 4 5
514 86 0 0 1 3 4
514 86 0 0 1 3 4
515 102 0 0 1 4 5
515 102 0 0 1 4 5
516 107 0 0 1 4 5
516 107 0 0 1 4 5
517 127 0 0 1 4 5
517 127 0 0 1 4 5
518 145 0 0 1 5 6
518 145 0 0 1 5 6
519 163 0 0 1 5 6
519 163 0 0 1 5 6
520 180 0 0 1 5 6
520 180 0 0 1 5 6
521 225 0 0 1 5 6
521 225 0 0 1 5 6
522 279 0 0 1 4 5
522 279 0 0 1 4 5
523 323 0 0 1 4 5
523 323 0 0 1 4 5
524 315 0 0 1 4 5
524 315 0 0 1 4 5
525 307 0 0 1 3 4
525 307 0 0 1 3 4
526 286 0 0 1 3 4
526 286 0 0 1 3 4
527 288 0 0 1 4 5
527 288 0 0 1 4 5
528 261 0 0 1 4 5
528 261 0 0 1 4 5
529 268 0 0 1 4 5
529 268 0 0 1 4 5
530 240 0 0 1 4 5
530 240 0 0 1 4 5
531 229 0 0 1 4 5
531 229 0 0 1 4 5
532 222 0 0 1 4 5
532 222 0 0 1 4 5
533 224 0 0 1 4 5
533 224 0 0 1 4 5
534 203 0 0 1 4 5
534 203 0 0 1 4 5
535 197 0 0 1 5 6
535 197 0 0 1 5 6
536 106 0 0 1 4 5
536 106 0 0 1 4 5
537 75 0 0 1 4 5
537 75 0 0 1 4 5
538 72 0 0 1 4 5
538 72 0 0 1 4 5
539 86 0 0 1 4 5
539 86 0 0 1 4 5
540 86 0 0 1 5 6
540 86 0 0 1 5 6
541 111 0 0 1 5 6
541 111 0 0 1 5 6
542 116 0 0 1 4 5
542 116 0 0 1 4 5
543 115 0 0 1 5 6
543 115 0 0 1 5 6
544 107 0 0 1 5 6
544 107 0 0 1 5 6
545 97 0 0 1 5 6
545 97 0 0 1 5 6
546 105 0 0 1 4 5
546 105 0 0 1 4 5
547 102 0 0 1 4 5
547 102 0 0 1 4 5
548 98 0 0 1 4 5
548 98 0 0 1 4 5
549 98 0 0 1 4 5
549 98 0 0 1 4 5
550 83 0 0 1 5 6
550 83 0 0 1 5 6
551 112 0 0 1 4 5
551 112 0 0 1 4 5
552 113 0 0 1 4 5
552 113 0 0 1 4 5
553 103 0 0 1 4 5
553 103 0 0 1 4 5
554 108 0 0 1 5 6
554 108 0 0 1 5 6
555 143 0 0 1 4 5
555 143 0 0 1 4 5
556 131 0 0 1 4 5
556 131 0 0 1 4 5
557 159 0 0 1 4 5
557 159 0 0 1 4 5
558 166 0 0 1 4 5
558 166 0 0 1 4 5
559 173 0 0 1 3 4
559 173 0 0 1 3 4
560 176 0 0 1 4 5
560 176 0 0 1 4 5
561 185 0 0 1 4 5
561 185 0 0 1 4 5
562 196 0 0 1 4 5
562 196 0 0 1 4 5
563 216 0 0 1 2 3
563 216 0 0 1 2 3
564 255 0 0 1 3 4
564 255 0 0 1 3 4
565 266 0 0 1 3 4
565 266 0 0 1 3 4
566 295 0 0 1 3 4
566 295 0 0 1 3 4
567 314 0 0 1 3 4
567 314 0 0 1 3 4
568 332 0 0 1 3 4
568 332 0 0 1 3 4
569 332 0 0 1 3 4
569 332 0 0 1 3 4
570 346 0 0 1 3 4
570 346 0 0 1 3 4
571 350 0 0 1 2 3
571 350 0 0 1 2 3
572 381 0 0 1 2 3
572 381 0 0 1 2 3
573 400 0 0 1 2 3
573 400 0 0 1 2 3
574 353 0 0 1 4 5
574 353 0 0 1 4 5
575 408 0 0 1 2 3
575 408 0 0 1 2 3
576 382 0 0 1 3 4
576 382 0 0 1 3 4
577 394 0 0 1 3 4
577 394 0 0 1 3 4
578 414 0 0 1 3 4
578 414 0 0 1 3 4
579 404 0 0 1 3 4
579 404 0 0 1 3 4
580 405 0 0 1 3 4
580 405 0 0 1 3 4
581 417 0 0 1 2 3
581 417 0 0 1 2 3
582 413 0 0 1 2 3
582 413 0 0 1 2 3
583 424 0 0 1 2 3
583 424 0 0 1 2 3
584 416 0 0 1 1 2
584 416 0 0 1 1 2
585 414 0 0 1 1 2
585 414 0 0 1 1 2
586 410 0 0 1 2 3
586 410 0 0 1 2 3
587 368 0 0 1 3 4
587 368 0 0 1 3 4
588 365 0 0 1 3 4
588 365 0 0 1 3 4
589 374 0 0 1 4 5
589 374 0 0 1 4 5
590 351 0 0 1 3 4
590 351 0 0 1 3 4
591 349 0 0 1 3 4
591 349 0 0 1 3 4
592 373 0 0 1 3 4
592 373 0 0 1 3 4
593 393 0 0 1 2 4
593 393 0 0 1 2 4
594 393 0 0 1 3 4
594 393 0 0 1 3 4
595 417 0 0 1 5 6
595 417 0 0 1 5 6
596 427 0 0 1 3 4
596 427 0 0 1 3 4
597 427 0 0 1 3 4
597 427 0 0 1 3 4
598 430 0 0 1 3 4
598 430 0 0 1 3 4
599 446 0 0 1 3 4
599 446 0 0 1 3 4
600 421 0 0 1 3 4
600 421 0 0 1 3 4
601 438 0 0 1 4 5
601 438 0 0 1 4 5
602 437 0 0 1 3 4
602 437 0 0 1 3 4
603 451 0 0 1 5 6
603 451 0 0 1 5 6
604 461 0 0 1 4 5
604 461 0 0 1 4 5
605 452 0 0 1 4 5
605 452 0 0 1 4 5
606 471 0 0 1 3 5
606 471 0 0 1 3 5
607 454 0 0 1 3 4
607 454 0 0 1 3 4
608 447 0 0 1 3 4
608 447 0 0 1 3 4
609 432 0 0 1 3 4
609 432 0 0 1 3 4
610 461 0 0 1 2 3
610 461 0 0 1 2 3
611 456 0 0 1 2 3
611 456 0 0 1 2 3
612 435 0 0 1 2 3
612 435 0 0 1 2 3
613 435 0 0 1 2 3
613 435 0 0 1 2 3
614 419 0 0 1 3 4
614 419 0 0 1 3 4
615 414 0 0 1 2 3
615 414 0 0 1 2 3
616 421 0 0 1 2 3
616 421 0 0 1 2 3
617 439 0 0 1 2 3
617 439 0 0 1 2 3
618 424 0 0 1 3 4
618 424 0 0 1 3 4
619 457 0 0 1 3 4
619 457 0 0 1 3 4
620 482 0 0 1 4 5
620 482 0 0 1 4 5
621 494 0 0 1 2 3
621 494 0 0 1 2 3
622 488 0 0 1 4 5
622 488 0 0 1 4 5
623 488 0 0 1 3 4
623 488 0 0 1 3 4
624 493 0 0 1 3 4
624 493 0 0 1 3 4
625 495 0 0 1 4 5
625 495 0 0 1 4 5
626 503 0 0 1 3 4
626 503 0 0 1 3 4
627 530 0 0 1 3 4
627 530 0 0 1 3 4
628 515 0 0 1 2 3
628 515 0 0 1 2 3
629 493 0 0 1 3 4
629 493 0 0 1 3 4
630 497 0 0 1 3 4
630 497 0 0 1 3 4
631 482 0 0 1 3 4
631 482 0 0 1 3 4
632 458 0 0 1 3 4
632 458 0 0 1 3 4
633 497 0 0 1 2 3
633 497 0 0 1 2 3
634 472 0 0 1 3 4
634 472 0 0 1 3 4
635 454 0 0 1 3 4
635 454 0 0 1 3 4
636 456 0 0 1 3 4
636 456 0 0 1 3 4
637 440 0 0 1 3 4
637 440 0 0 1 3 4
638 443 0 0 1 3 4
638 443 0 0 1 3 4
639 395 0 0 1 3 4
639 395 0 0 1 3 4
640 412 0 0 1 3 4
640 412 0 0 1 3 4
641 393 0 0 1 3 4
641 393 0 0 1 3 4
642 347 0 0 1 3 4
642 347 0 0 1 3 4
643 374 0 0 1 3 4
643 374 0 0 1 3 4
644 329 0 0 1 3 4
644 329 0 0 1 3 4
645 336 0 0 1 3 4
645 336 0 0 1 3 4
646 295 0 0 1 3 4
646 295 0 0 1 3 4
647 332 0 0 1 2 3
647 332 0 0 1 2 3
648 295 0 0 1 2 3
648 295 0 0 1 2 3
649 290 0 0 1 3 4
649 290 0 0 1 3 4
650 256 0 0 1 3 4
650 256 0 0 1 3 4
651 212 0 0 1 4 5
651 212 0 0 1 4 5
652 199 0 0 1 3 4
652 199 0 0 1 3 4
653 191 0 0 1 4 5
653 191 0 0 1 4 5
654 167 0 0 1 3 4
654 167 0 0 1 3 4
655 148 0 0 1 4 5
655 148 0 0 1 4 5
656 159 0 0 2 2 4
656 159 0 0 2 2 4
657 141 0 0 1 2 3
657 141 0 0 1 2 3
658 141 0 0 1 2 3
658 141 0 0 1 2 3
659 154 0 0 1 2 3
659 154 0 0 1 2 3
660 171 0 0 1 2 3
660 171 0 0 1 2 3
661 157 0 0 1 2 3
661 157 0 0 1 2 3
662 200 0 0 1 2 3
662 200 0 0 1 2 3
663 120 0 0 1 3 4
663 120 0 0 1 3 4
664 108 0 0 1 4 5
664 108 0 0 1 4 5
665 113 0 0 1 3 4
665 113 0 0 1 3 4
666 258 0 0 2 3 5
666 258 0 0 2 3 5
667 261 0 0 2 3 5
667 261 0 0 2 3 5
668 246 0 0 2 3 5
668 246 0 0 2 3 5
669 250 0 0 2 3 5
669 250 0 0 2 3 5
670 236 0 0 2 3 5
670 236 0 0 2 3 5
671 242 0 0 2 3 5
671 242 0 0 2 3 5
672 264 0 0 2 3 5
672 264 0 0 2 3 5
673 276 0 0 2 4 6
673 276 0 0 2 4 6
674 294 0 0 2 3 5
674 294 0 0 2 3 5
675 274 0 0 2 3 5
675 274 0 0 2 3 5
676 282 0 0 2 3 5
676 282 0 0 2 3 5
677 280 0 0 1 2 3
677 280 0 0 1 2 3
678 258 0 0 1 2 3
678 258 0 0 1 2 3
679 253 0 0 1 3 4
679 253 0 0 1 3 4
680 227 0 0 1 3 4
680 227 0 0 1 3 4
681 288 0 0 1 3 4
681 288 0 0 1 3 4
682 258 0 0 1 3 4
682 258 0 0 1 3 4
683 277 0 0 1 3 4
683 277 0 0 1 3 4
684 324 0 0 2 2 4
684 324 0 0 2 2 4
685 380 0 0 2 3 5
685 380 0 0 2 3 5
686 291 0 0 2 4 6
686 291 0 0 2 4 6
687 362 0 0 2 3 5
687 362 0 0 2 3 5
688 359 0 0 2 2 4
688 359 0 0 2 2 4
689 355 0 0 2 2 4
689 355 0 0 2 2 4
690 371 0 0 2 2 4
690 371 0 0 2 2 4
691 360 0 0 2 3 5
691 360 0 0 2 3 5
692 352 0 0 2 3 5
692 352 0 0 2 3 5
693 389 0 0 2 1 3
693 389 0 0 2 1 3
694 336 0 0 2 2 4
694 336 0 0 2 2 4
695 379 0 0 2 2 4
695 379 0 0 2 2 4
696 414 0 0 2 1 3
696 414 0 0 2 1 3
697 427 0 0 2 1 3
697 427 0 0 2 1 3
698 417 0 0 2 1 3
698 417 0 0 2 1 3
699 418 0 0 2 1 3
699 418 0 0 2 1 3
700 401 0 0 2 1 3
700 401 0 0 2 1 3
701 448 0 0 2 1 3
701 448 0 0 2 1 3
702 413 0 0 2 1 3
702 413 0 0 2 1 3
703 403 0 0 2 2 4
703 403 0 0 2 2 4
704 385 0 0 3 2 5
704 385 0 0 3 2 5
705 403 0 0 2 2 4
705 403 0 0 2 2 4
706 376 0 0 2 3 5
706 376 0 0 2 3 5
707 382 0 0 2 2 4
707 382 0 0 2 2 4
708 394 0 0 2 1 3
708 394 0 0 2 1 3
709 382 0 0 2 2 4
709 382 0 0 2 2 4
710 386 0 0 2 2 4
710 386 0 0 2 2 4
711 360 0 0 2 3 5
711 360 0 0 2 3 5
712 364 0 0 2 2 4
712 364 0 0 2 2 4
713 393 0 0 2 2 4
713 393 0 0 2 2 4
714 414 0 0 2 2 4
714 414 0 0 2 2 4
715 387 0 0 3 3 6
715 387 0 0 3 3 6
716 411 0 0 2 2 4
716 411 0 0 2 2 4
717 407 0 0 2 2 4
717 407 0 0 2 2 4
718 409 0 0 2 2 4
718 409 0 0 2 2 4
719 401 0 0 2 2 4
719 401 0 0 2 2 4
720 399 0 0 2 2 4
720 399 0 0 2 2 4
721 381 0 0 2 2 4
721 381 0 0 2 2 4
722 406 0 0 2 2 4
722 406 0 0 2 2 4
723 413 0 0 2 2 4
723 413 0 0 2 2 4
724 406 0 0 2 2 4
724 406 0 0 2 2 4
725 422 0 0 2 2 4
725 422 0 0 2 2 4
726 422 0 0 2 2 4
726 422 0 0 2 2 4
727 435 0 0 2 2 4
727 435 0 0 2 2 4
728 455 0 0 2 3 5
728 455 0 0 2 3 5
729 443 0 0 2 2 4
729 443 0 0 2 2 4
730 393 0 0 2 2 4
730 393 0 0 2 2 4
731 411 0 0 2 2 4
731 411 0 0 2 2 4
732 401 0 0 2 2 4
732 401 0 0 2 2 4
733 398 0 0 2 2 4
733 398 0 0 2 2 4
734 410 0 0 2 2 4
734 410 0 0 2 2 4
735 397 0 0 2 3 5
735 397 0 0 2 3 5
736 412 0 0 2 3 5
736 412 0 0 2 3 5
737 403 0 0 2 3 5
737 403 0 0 2 3 5
738 416 0 0 2 3 5
738 416 0 0 2 3 5
739 382 0 0 2 3 5
739 382 0 0 2 3 5
740 389 0 0 2 3 5
740 389 0 0 2 3 5
741 369 0 0 2 3 5
741 369 0 0 2 3 5
742 375 0 0 2 3 5
742 375 0 0 2 3 5
743 413 0 0 2 3 5
743 413 0 0 2 3 5
744 410 0 0 2 3 5
744 410 0 0 2 3 5
745 440 0 0 2 3 5
745 440 0 0 2 3 5
746 439 0 0 2 3 5
746 439 0 0 2 3 5
747 452 0 0 2 3 5
747 452 0 0 2 3 5
748 469 0 0 2 2 4
748 469 0 0 2 2 4
749 470 0 0 2 2 4
749 470 0 0 2 2 4
750 474 0 0 2 2 4
750 474 0 0 2 2 4
751 495 0 0 2 2 4
751 495 0 0 2 2 4
752 519 0 0 2 2 4
752 519 0 0 2 2 4
753 505 0 0 2 2 4
753 505 0 0 2 2 4
754 519 0 0 2 2 4
754 519 0 0 2 2 4
755 540 0 0 2 2 4
755 540 0 0 2 2 4
756 542 0 0 2 2 4
756 542 0 0 2 2 4
757 543 0 0 2 2 5
757 543 0 0 2 2 5
758 537 0 0 2 2 4
758 537 0 0 2 2 4
759 498 0 0 2 2 5
759 498 0 0 2 2 5
760 491 0 0 2 2 4
760 491 0 0 2 2 4
761 439 0 0 2 2 4
761 439 0 0 2 2 4
762 418 0 0 2 2 4
762 418 0 0 2 2 4
763 431 0 0 2 2 4
763 431 0 0 2 2 4
764 435 0 0 2 2 4
764 435 0 0 2 2 4
765 401 0 0 2 2 4
765 401 0 0 2 2 4
766 391 0 0 2 2 4
766 391 0 0 2 2 4
767 363 0 0 2 3 5
767 363 0 0 2 3 5
768 361 0 0 2 3 5
768 361 0 0 2 3 5
769 381 0 0 2 3 5
769 381 0 0 2 3 5
770 473 0 0 2 2 4
770 473 0 0 2 2 4
771 425 0 0 2 3 5
771 425 0 0 2 3 5
772 431 0 0 2 3 6
772 431 0 0 2 3 6
773 464 0 0 2 3 5
773 464 0 0 2 3 5
774 491 0 0 2 3 5
774 491 0 0 2 3 5
775 491 0 0 2 3 5
775 491 0 0 2 3 5
776 447 0 0 2 3 5
776 447 0 0 2 3 5
777 437 0 0 2 3 5
777 437 0 0 2 3 5
778 428 0 0 2 3 5
778 428 0 0 2 3 5
779 387 0 0 2 3 5
779 387 0 0 2 3 5
780 367 0 0 2 3 5
780 367 0 0 2 3 5
781 363 0 0 2 3 5
781 363 0 0 2 3 5
782 372 0 0 2 3 5
782 372 0 0 2 3 5
783 353 0 0 2 3 5
783 353 0 0 2 3 5
784 341 0 0 2 3 5
784 341 0 0 2 3 5
785 317 0 0 2 3 5
785 317 0 0 2 3 5
786 323 0 0 2 3 5
786 323 0 0 2 3 5
787 306 0 0 2 3 5
787 306 0 0 2 3 5
788 334 0 0 2 3 5
788 334 0 0 2 3 5
789 307 0 0 2 4 6
789 307 0 0 2 4 6
790 407 0 0 2 3 5
790 407 0 0 2 3 5
791 244 0 0 2 4 6
791 244 0 0 2 4 6
792 312 0 0 2 4 6
792 312 0 0 2 4 6
793 331 0 0 2 4 6
793 331 0 0 2 4 6
794 453 0 0 2 3 5
794 453 0 0 2 3 5
795 408 0 0 2 3 5
795 408 0 0 2 3 5
796 418 0 0 2 3 5
796 418 0 0 2 3 5
797 419 0 0 2 3 5
797 419 0 0 2 3 5
798 444 0 0 2 3 5
798 444 0 0 2 3 5
799 448 0 0 2 3 5
799 448 0 0 2 3 5
800 423 0 0 2 3 5
800 423 0 0 2 3 5
801 424 0 0 2 3 5
801 424 0 0 2 3 5
802 433 0 0 2 4 6
802 433 0 0 2 4 6
803 430 0 0 2 4 6
803 430 0 0 2 4 6
804 428 0 0 2 4 6
804 428 0 0 2 4 6
805 436 0 0 2 4 6
805 436 0 0 2 4 6
806 412 0 0 2 4 6
806 412 0 0 2 4 6
807 416 0 0 2 4 6
807 416 0 0 2 4 6
808 416 0 0 2 4 6
808 416 0 0 2 4 6
809 378 0 0 2 5 7
809 378 0 0 2 5 7
810 377 0 0 2 4 6
810 377 0 0 2 4 6
811 379 0 0 2 4 6
811 379 0 0 2 4 6
812 376 0 0 2 4 6
812 376 0 0 2 4 6
813 392 0 0 2 4 6
813 392 0 0 2 4 6
814 420 0 0 2 4 6
814 420 0 0 2 4 6
815 457 0 0 2 4 6
815 457 0 0 2 4 6
816 457 0 0 2 3 5
816 457 0 0 2 3 5
817 480 0 0 2 3 5
817 480 0 0 2 3 5
818 525 0 0 2 3 5
818 525 0 0 2 3 5
819 531 0 0 2 3 5
819 531 0 0 2 3 5
820 510 0 0 2 3 5
820 510 0 0 2 3 5
821 532 0 0 2 4 6
821 532 0 0 2 4 6
822 526 0 0 2 4 6
822 526 0 0 2 4 6
823 537 0 0 2 3 5
823 537 0 0 2 3 5
824 529 0 0 2 3 5
824 529 0 0 2 3 5
825 502 0 0 2 4 6
825 502 0 0 2 4 6
826 496 0 0 2 3 5
826 496 0 0 2 3 5
