1548265882.499630 0.000000000 0.000000000 0.000000000 0.000000000 0.000000000 0.000000000 1.000000000
1548265882.533150 0.007005711 -0.007389135 -0.001899499 -0.002480207 -0.007188413 -0.005400081 0.999956489
1548265882.566560 0.010681391 -0.015343903 0.003526947 -0.004884505 -0.000887147 -0.014017033 0.999889433
1548265882.600030 -0.013979231 0.000421103 -0.003898137 -0.003684690 0.007615113 -0.013508678 0.999872983
1548265882.633440 0.006093554 -0.008209768 -0.011557183 -0.007042479 0.003505786 -0.018788477 0.999792576
1548265882.665210 -0.001933602 -0.007933627 -0.005878656 -0.010514290 0.014472857 -0.021269051 0.999613762
1548265882.698670 -0.022154981 0.017259680 -0.002800321 -0.008992951 0.017471999 -0.017755544 0.999649227
1548265882.732180 -0.002485013 0.002135287 -0.005316488 -0.014832725 0.010107728 -0.019261006 0.999653339
1548265882.765670 -0.007176019 0.002871841 -0.006542451 -0.017711032 0.011504902 -0.015967781 0.999649405
1548265882.799210 -0.001897382 0.004484066 -0.006483146 -0.020937735 0.008238953 -0.011517120 0.999680519
1548265882.832700 0.003339739 0.004862857 -0.007570344 -0.022781134 0.006647974 -0.007723871 0.999688566
1548265882.866180 0.009193956 0.009016112 -0.011360831 -0.024004797 0.004217857 -0.004087739 0.999694586
1548265882.899700 0.013558310 0.004365086 -0.012136965 -0.025819141 0.003262176 -0.001720903 0.999659836
1548265882.933210 0.013866372 0.008128294 -0.018043177 -0.024353823 0.003013761 0.000123589 0.999698818
1548265882.966730 0.014546111 0.006073560 -0.024279531 -0.022986479 0.002024338 -0.000321886 0.999733686
1548265883.000250 0.026258860 0.003015077 -0.032457802 -0.021024596 0.001668688 -0.001713859 0.999776065
1548265883.033800 0.014879847 0.014911394 -0.040808499 -0.016895819 0.005196624 -0.001890969 0.999841988
1548265883.067340 0.014831800 0.015760224 -0.049357843 -0.015159029 0.004723744 -0.004506316 0.999863803
1548265883.100860 0.017886939 0.020932240 -0.059740357 -0.013340801 0.005875192 -0.006012510 0.999875665
1548265883.134400 0.011009519 0.025082747 -0.066216737 -0.012952910 0.007397452 -0.007712326 0.999858975
1548265883.167910 0.011649583 0.028390311 -0.072124645 -0.012746773 0.007519773 -0.008562570 0.999853790
1548265883.201430 0.007386818 0.037080709 -0.078013338 -0.011626462 0.007676464 -0.007831603 0.999872267
1548265883.234950 0.012810900 0.037177231 -0.082991995 -0.012597089 0.005921504 -0.008305175 0.999868631
1548265883.268460 0.020376019 0.032776065 -0.089726508 -0.014347266 0.006557687 -0.008992347 0.999835134
1548265883.301800 0.006418386 0.043051064 -0.090711340 -0.013054363 0.009546547 -0.007735484 0.999839306
1548265883.335310 0.014657416 0.037679650 -0.095793337 -0.014165661 0.006792624 -0.008285545 0.999842286
1548265883.368830 0.024686763 0.030213220 -0.102221645 -0.014801827 0.007067469 -0.008512730 0.999829233
1548265883.402280 0.014703207 0.035844218 -0.102815956 -0.012964176 0.011003818 -0.006808434 0.999832273
1548265883.435790 0.015628265 0.037745532 -0.108122639 -0.011267931 0.009976480 -0.005971958 0.999868929
1548265883.469300 0.036214266 0.027133502 -0.118701115 -0.011924303 0.009060288 -0.006460744 0.999866962
1548265883.502820 0.018740412 0.034986980 -0.114283524 -0.009702456 0.015065539 -0.005098838 0.999826431
1548265883.536330 0.032573465 0.032658890 -0.121732421 -0.009038639 0.015478702 -0.004270488 0.999830186
1548265883.569820 0.051749915 0.026684320 -0.131278828 -0.009428083 0.019736011 -0.002872057 0.999756634
1548265883.603340 0.036179081 0.030527635 -0.127203107 -0.007652128 0.027825024 -0.001360181 0.999582589
1548265883.636850 0.052053284 0.025147511 -0.130631804 -0.006438274 0.030419156 -0.000049015 0.999516487
1548265883.670370 0.034281895 0.036264680 -0.126412138 -0.002455261 0.041342072 0.002091621 0.999139845
1548265883.703910 0.040038556 0.028856331 -0.130887017 -0.000958056 0.046074267 0.003098979 0.998932719
1548265883.737430 0.077355206 0.014651103 -0.144372180 -0.000611642 0.048490208 0.004862515 0.998811603
1548265883.770950 0.040097788 0.024198795 -0.137440398 0.002915777 0.062871836 0.006326826 0.997997284
1548265883.804530 0.046048630 0.017340317 -0.138688102 0.004101702 0.067653172 0.008494512 0.997664273
1548265883.838180 0.021653792 0.035810329 -0.131100208 0.009179449 0.076067321 0.011182660 0.996997714
1548265883.871940 0.035100721 0.029909415 -0.135661200 0.010045222 0.077663511 0.013201283 0.996841609
1548265883.905460 0.024961408 0.028536381 -0.127546847 0.012270240 0.082850032 0.015778981 0.996361554
1548265883.939000 0.036208913 0.024012500 -0.127783760 0.013800622 0.083177596 0.017222676 0.996290326
1548265883.972510 0.072151192 0.008035971 -0.138176575 0.013505905 0.084238313 0.018553240 0.996181309
1548265884.006030 0.032704908 0.020165185 -0.125860870 0.017905362 0.096150719 0.021189339 0.994980097
1548265884.039550 0.024514522 0.027587324 -0.123553507 0.021115132 0.098724119 0.020498902 0.994679570
1548265884.073060 0.031283602 0.023864666 -0.123178676 0.021720078 0.102273367 0.020571880 0.994306386
1548265884.106580 0.019035440 0.027259659 -0.113569617 0.023250468 0.106216483 0.020014198 0.993869662
1548265884.140090 0.046424437 0.017869892 -0.120724753 0.022177564 0.105296142 0.019098319 0.994010150
1548265884.173590 0.011364425 0.026056930 -0.110249452 0.023917785 0.116285115 0.019813962 0.992730141
1548265884.206970 0.010953654 0.019603437 -0.109711334 0.023891082 0.116148151 0.019845581 0.992746174
1548265884.240470 0.036021069 0.019357447 -0.115175597 0.023743985 0.115459591 0.019267026 0.992841423
1548265884.273990 0.013994127 0.034298286 -0.105906785 0.025876615 0.123592101 0.019761316 0.991798818
1548265884.307480 0.008912212 0.032371890 -0.100447021 0.025177879 0.125564143 0.019350011 0.991577208
1548265884.340990 0.025298167 0.049639747 -0.096170448 0.026033079 0.127725691 0.018482085 0.991295516
1548265884.374510 0.007524209 0.039219983 -0.095513798 0.021979049 0.134647533 0.018455721 0.990477860
1548265884.408030 0.021561259 0.036102660 -0.094862483 0.019378234 0.135726303 0.017482692 0.990402520
1548265884.441190 0.018716007 0.012874069 -0.086884223 0.013566912 0.145654514 0.017210899 0.989092767
1548265884.474710 0.002991477 0.019179348 -0.082179770 0.014157719 0.152291447 0.018771796 0.988055944
1548265884.508230 0.043128673 0.012057540 -0.093795329 0.012374384 0.149645641 0.018702161 0.988485396
1548265884.541970 0.012542760 0.014935453 -0.072737351 0.011961317 0.164114729 0.018907186 0.986187518
1548265884.575610 0.023752598 0.011421908 -0.074002385 0.011324940 0.168556958 0.021684488 0.985388339
1548265884.609120 0.032719258 0.011068556 -0.076081328 0.011312815 0.174150005 0.025176775 0.984332263
1548265884.642640 0.020053651 0.014457082 -0.066589609 0.013040886 0.181437030 0.029003786 0.982888281
1548265884.676150 0.008117749 0.000398225 -0.064339958 0.011703174 0.189016029 0.032017142 0.981382132
1548265884.709670 -0.023147769 -0.000086776 -0.049951687 0.013001448 0.202606857 0.036878984 0.978479087
1548265884.743190 0.003440451 0.003069807 -0.054715522 0.015132107 0.205946803 0.043942172 0.977458954
1548265884.776700 -0.001655729 0.000423675 -0.050567843 0.016234322 0.213655755 0.048679486 0.975560308
1548265884.810220 0.014654489 0.011702256 -0.066596031 0.018749235 0.220146850 0.054587472 0.973757684
1548265884.843710 -0.009107160 0.006834149 -0.048326295 0.018866049 0.234008968 0.059629988 0.970220625
1548265884.877190 -0.017014503 0.005349932 -0.041047260 0.018738346 0.242888644 0.066098712 0.967618167
1548265884.910640 -0.004294284 0.019718040 -0.040952738 0.020983981 0.247112587 0.071848691 0.966091514
1548265884.944160 -0.009562014 0.020993976 -0.041792903 0.020861173 0.253165394 0.076836266 0.964141190
1548265884.977740 0.009587772 0.025829220 -0.046663493 0.020855501 0.255022317 0.082196966 0.963209391
1548265885.011250 -0.012938789 0.017022632 -0.041054774 0.018710788 0.263159096 0.084844746 0.960832238
1548265885.044770 -0.011048326 0.024357548 -0.043671012 0.018525336 0.265544355 0.086012416 0.960075438
1548265885.078290 -0.039131586 0.017779402 -0.029352175 0.015405127 0.273487717 0.085921563 0.957906365
1548265885.111800 -0.025388023 0.025491064 -0.041615494 0.013499796 0.274805635 0.086511910 0.957504690
1548265885.145320 -0.053947769 0.013224558 -0.024573674 0.009534369 0.284875393 0.087828815 0.954484761
1548265885.178890 -0.057858847 0.010010273 -0.024510482 0.008812120 0.288831919 0.091450043 0.952961385
1548265885.212670 -0.051214322 0.016086433 -0.030848516 0.009261934 0.291221797 0.094420046 0.951939583
1548265885.245870 -0.078454256 0.007652265 -0.015769929 0.007890834 0.299780369 0.096343189 0.949098229
1548265885.279380 -0.078431815 0.010211146 -0.020792557 0.008997322 0.301704079 0.100851044 0.948009908
1548265885.312810 -0.066831276 0.024663178 -0.028092688 0.011133762 0.301481187 0.102788687 0.947849989
1548265885.346410 -0.057979155 0.030350717 -0.037151661 0.010982627 0.305162042 0.105622113 0.946361184
1548265885.380420 -0.082494698 0.020266674 -0.024642512 0.009427604 0.313132375 0.108344771 0.943462074
1548265885.413960 -0.073515840 0.017262319 -0.036206100 0.008222056 0.315255612 0.110082731 0.942564607
1548265885.447470 -0.085111804 0.016682371 -0.021897240 0.006916958 0.325165302 0.112680323 0.938894451
1548265885.480990 -0.090851128 0.016240722 -0.022144832 0.005957984 0.330662966 0.114988767 0.936698496
1548265885.514510 -0.078806147 0.022095790 -0.027581720 0.005134338 0.334302336 0.116802663 0.935185909
1548265885.548020 -0.098931894 0.017939955 -0.014922068 0.003554654 0.342535079 0.118788823 0.931958318
1548265885.581520 -0.090640858 0.020843375 -0.017078672 0.002455052 0.344769210 0.120759197 0.930884182
1548265885.614860 -0.091808937 0.018145157 -0.012132986 0.000953724 0.349656373 0.123018801 0.928765774
1548265885.648370 -0.091937236 0.017256703 -0.007347221 0.000128234 0.353543550 0.124150917 0.927142620
1548265885.681670 -0.098788336 0.013480791 0.000024135 -0.000734629 0.358034849 0.125196964 0.925276279
1548265885.715190 -0.097610153 0.019274205 0.003295598 -0.000038045 0.360978484 0.126156405 0.924001694
1548265885.748850 -0.101524189 0.021276476 0.004227249 0.000135035 0.364592701 0.127450228 0.922403693
1548265885.782220 -0.099392161 0.014771603 0.004986195 -0.001500845 0.368856758 0.129518554 0.920416951
1548265885.815880 -0.101660892 0.013778399 0.008688024 -0.001660313 0.373508990 0.131714329 0.918226361
1548265885.849400 -0.103790589 0.010580835 0.016751699 -0.001890915 0.379099131 0.134963512 0.915458977
1548265885.882880 -0.106664948 0.009980963 0.021559753 -0.000761684 0.383293480 0.138293535 0.913214326
1548265885.916400 -0.103047393 0.009670541 0.022568481 0.000558091 0.386112630 0.141749784 0.911495328
1548265885.949930 -0.102808930 0.008319708 0.027575122 0.001731170 0.390032262 0.145889744 0.909168839
1548265885.983450 -0.110959150 0.001243406 0.040484410 0.002134671 0.394712240 0.149401218 0.906574309
1548265886.016980 -0.106829070 0.000184331 0.040775664 0.003573389 0.396436810 0.153345779 0.905157506
1548265886.050490 -0.115197450 -0.005776675 0.048198082 0.004004754 0.400080770 0.155911073 0.903111875
1548265886.084010 -0.120522700 -0.011583844 0.054411534 0.004491270 0.402754992 0.159246936 0.901337147
1548265886.117600 -0.113298923 -0.015705913 0.052038420 0.005516719 0.402517587 0.163283363 0.900715053
1548265886.151160 -0.116050445 -0.021979829 0.059343480 0.007195754 0.403956890 0.166156039 0.899532735
1548265886.184730 -0.115838595 -0.019836767 0.055504411 0.009585307 0.403076142 0.167312652 0.899691164
1548265886.218240 -0.126953170 -0.019513547 0.069255203 0.011678106 0.407139480 0.168583468 0.897597134
1548265886.251770 -0.120552585 -0.020258851 0.062846109 0.013604929 0.405247688 0.171029791 0.897963285
1548265886.285280 -0.117468171 -0.020593386 0.060546789 0.014884897 0.406339586 0.172042876 0.897255719
1548265886.318790 -0.121554390 -0.022804271 0.062104832 0.017510680 0.408576787 0.173081189 0.895991743
1548265886.352310 -0.129537418 -0.027922587 0.065700769 0.019418869 0.410414696 0.173630252 0.895005703
1548265886.385830 -0.127805993 -0.029533876 0.063874990 0.021338169 0.410887867 0.173874587 0.894697428
1548265886.419490 -0.128620818 -0.030613331 0.063593753 0.024168074 0.411996663 0.174548686 0.893984020
1548265886.453000 -0.136100292 -0.033116840 0.065442994 0.026803272 0.413961142 0.174573064 0.892996132
1548265886.486520 -0.137415886 -0.035183012 0.060153589 0.027835891 0.416893959 0.173314109 0.891844630
1548265886.520030 -0.148858845 -0.029738508 0.074249566 0.030533765 0.425077349 0.174090281 0.887732804
1548265886.553550 -0.145364985 -0.036062684 0.067961067 0.032337073 0.425703466 0.176205426 0.886951268
1548265886.586910 -0.139616325 -0.048118398 0.060706642 0.031213272 0.429921061 0.175848618 0.885025918
1548265886.620090 -0.158502579 -0.048595093 0.082772799 0.034613054 0.439313322 0.178902879 0.879658699
1548265886.653600 -0.154667065 -0.048050985 0.071831815 0.036840603 0.439946055 0.179795980 0.879069746
1548265886.687120 -0.168999225 -0.057650872 0.084664337 0.036699273 0.449605137 0.181184009 0.873888254
1548265886.720630 -0.180862293 -0.060112149 0.088844091 0.039372362 0.454074293 0.185305387 0.870590746
1548265886.754150 -0.188264012 -0.055133130 0.095165320 0.040978536 0.457722127 0.185128316 0.868641853
1548265886.787670 -0.196886241 -0.055203296 0.097915232 0.040102582 0.465221167 0.186542198 0.864385903
1548265886.821180 -0.193780050 -0.057317827 0.096524395 0.040077247 0.467893422 0.188844100 0.862442732
1548265886.854700 -0.207566395 -0.047918666 0.111805089 0.040514793 0.474411726 0.188486263 0.858932495
1548265886.888210 -0.218707383 -0.058927618 0.135408014 0.038617700 0.483893305 0.192023903 0.852926016
1548265886.921730 -0.208705083 -0.069429398 0.111123562 0.036576558 0.484454125 0.195493221 0.851908922
1548265886.955230 -0.217147082 -0.061003752 0.118221149 0.036844928 0.490792900 0.195429310 0.848276019
1548265886.988750 -0.237049818 -0.066923462 0.135440111 0.036071334 0.499396563 0.197610199 0.842764556
1548265887.022280 -0.237954751 -0.075875662 0.135277569 0.034749925 0.502237141 0.199416876 0.840703964
1548265887.055800 -0.248286709 -0.079499535 0.140898734 0.034123916 0.507405162 0.199598476 0.837577462
1548265887.089320 -0.255089551 -0.076791056 0.145709619 0.034947108 0.511736751 0.200510979 0.834685326
1548265887.122870 -0.258027434 -0.085173763 0.146215692 0.034066007 0.514571548 0.201617107 0.832710147
1548265887.156400 -0.266648680 -0.086777084 0.155419096 0.034877714 0.519355237 0.202807173 0.829411149
1548265887.189910 -0.269293487 -0.089222386 0.154280439 0.036221743 0.519945741 0.204079568 0.828671217
1548265887.223460 -0.282434434 -0.084445179 0.165813729 0.037182033 0.524769127 0.204280511 0.825532794
1548265887.257080 -0.295240819 -0.089783654 0.182112873 0.038313936 0.528501987 0.207277253 0.822346509
1548265887.290490 -0.296289414 -0.084340848 0.173430383 0.039901245 0.527285159 0.208361715 0.822777987
1548265887.324010 -0.297369808 -0.080377370 0.170876279 0.040644962 0.529217064 0.210541740 0.820944250
1548265887.357520 -0.300511837 -0.089507557 0.180675328 0.039729182 0.532133102 0.214017272 0.818200827
1548265887.391040 -0.306966126 -0.087168008 0.188148707 0.040086396 0.532544911 0.215158626 0.817615867
1548265887.424660 -0.301261753 -0.088909365 0.184521750 0.037802715 0.532279670 0.216008678 0.817673326
1548265887.458180 -0.303401798 -0.091362938 0.190552980 0.036369458 0.534398139 0.217202425 0.816038609
1548265887.491690 -0.301972479 -0.095467620 0.190382302 0.035805468 0.534659922 0.217957675 0.815690637
1548265887.525210 -0.297651917 -0.096277073 0.181299791 0.034562338 0.534643888 0.216970608 0.816017807
1548265887.558720 -0.303210378 -0.100340150 0.194543511 0.034552954 0.538553417 0.216785580 0.813492656
1548265887.592200 -0.307300985 -0.101726219 0.208890423 0.035033420 0.540576100 0.215648904 0.812431931
1548265887.625650 -0.306963623 -0.104205102 0.210856959 0.034358449 0.542261720 0.215136051 0.811472893
1548265887.659100 -0.309335530 -0.104903422 0.224116713 0.035144709 0.545895398 0.216321841 0.808682859
1548265887.692610 -0.312952161 -0.108875155 0.233878881 0.036519405 0.547314167 0.218277857 0.807135880
1548265887.726110 -0.309569210 -0.106263839 0.233735964 0.037311163 0.547175765 0.219223082 0.806937337
1548265887.759600 -0.304378420 -0.103877425 0.238734573 0.037460510 0.549251795 0.220812723 0.805084407
1548265887.793080 -0.303504795 -0.115570590 0.250983089 0.036661062 0.552625716 0.224788696 0.801704943
1548265887.826460 -0.296983689 -0.116558261 0.248904139 0.036754776 0.552321076 0.226535767 0.801418781
1548265887.859920 -0.293233693 -0.117858358 0.261918366 0.036360346 0.555450082 0.228800416 0.798626006
1548265887.893440 -0.288853198 -0.119348057 0.270086050 0.036671229 0.557035804 0.231313005 0.796781421
1548265887.926950 -0.287777752 -0.108271204 0.283750296 0.038069863 0.559132576 0.232013479 0.795041621
1548265887.960470 -0.284477323 -0.121580049 0.308663666 0.036311373 0.564226747 0.234162569 0.790884018
1548265887.993980 -0.271424711 -0.119998008 0.305122584 0.037595451 0.565272868 0.237027451 0.789221883
1548265888.027500 -0.265889138 -0.118814237 0.306180000 0.038070049 0.566464901 0.238233656 0.787980258
1548265888.061020 -0.256402493 -0.123338081 0.313439727 0.038411278 0.568149745 0.240754262 0.785982072
1548265888.094560 -0.246905640 -0.127106041 0.314793825 0.037917517 0.569453895 0.241801396 0.784739852
1548265888.128110 -0.241282076 -0.119907133 0.331596881 0.038281020 0.574132025 0.241928205 0.781266749
1548265888.161670 -0.230768085 -0.125542939 0.343048841 0.036263037 0.579569399 0.244103342 0.776658118
1548265888.195670 -0.218848884 -0.137685820 0.347477138 0.035120700 0.583648324 0.247877315 0.772449374
1548265888.229180 -0.209741458 -0.138997540 0.349311262 0.035374880 0.585914075 0.248982921 0.770364106
1548265888.262700 -0.199572638 -0.139919013 0.358938068 0.035350844 0.590404928 0.249766469 0.766674042
1548265888.296210 -0.184817463 -0.149646297 0.362755001 0.035080850 0.592936099 0.252151489 0.763947487
1548265888.329730 -0.176997662 -0.155189544 0.364333242 0.034999799 0.595375597 0.252830178 0.761826634
1548265888.363320 -0.173021391 -0.149302959 0.379359066 0.035966638 0.601101995 0.251970530 0.757557690
1548265888.397010 -0.158964500 -0.159161136 0.376274765 0.036273837 0.602800012 0.254867107 0.755221188
1548265888.430530 -0.153414235 -0.163219571 0.381782562 0.036505431 0.605399311 0.254737496 0.753171861
1548265888.464040 -0.155182868 -0.150635615 0.405309319 0.037635736 0.612274289 0.252082884 0.748436987
1548265888.497380 -0.136879861 -0.166417688 0.403443754 0.036479022 0.614353716 0.256395370 0.745318830
1548265888.530830 -0.127300978 -0.166449487 0.404005736 0.036684163 0.615342200 0.256329000 0.744515717
1548265888.564200 -0.131615341 -0.158748373 0.416073024 0.037422825 0.620300710 0.254546851 0.740967214
1548265888.597340 -0.122236796 -0.163901284 0.417345643 0.036587574 0.623991728 0.256498009 0.737227559
1548265888.630850 -0.114475958 -0.164489225 0.424565792 0.035847288 0.628175855 0.256661773 0.733644843
1548265888.664370 -0.100111157 -0.173025832 0.428404093 0.034748439 0.631847858 0.258535892 0.729876697
1548265888.697880 -0.095127046 -0.174566209 0.448396385 0.033827741 0.638065934 0.258583069 0.724473834
1548265888.731560 -0.084504224 -0.175943658 0.444755107 0.032939576 0.641804516 0.260249227 0.720605493
1548265888.765210 -0.074138410 -0.183137551 0.457831770 0.032008983 0.647806346 0.261938393 0.714640200
1548265888.798810 -0.063069224 -0.202011108 0.449858963 0.028259005 0.652916312 0.265949696 0.708641291
1548265888.832330 -0.045177050 -0.226029202 0.483941227 0.024457872 0.663714767 0.271384448 0.696588159
1548265888.865760 -0.037932970 -0.215344250 0.457437098 0.025119415 0.663698852 0.273814976 0.695627868
1548265888.899140 -0.027746538 -0.236076608 0.504362583 0.020489814 0.674761534 0.276313812 0.684052467
1548265888.932500 -0.020510765 -0.224723756 0.495719820 0.021889081 0.679494441 0.280648023 0.677528501
1548265888.966010 -0.000379027 -0.236105278 0.524815500 0.020540241 0.687312007 0.284702390 0.667925835
1548265888.999530 -0.003208681 -0.243955612 0.531163275 0.019230636 0.693699241 0.288435221 0.659709513
1548265889.033040 0.019502558 -0.255993426 0.553175211 0.018075924 0.703250170 0.294668198 0.646748185
1548265889.066720 0.023405414 -0.257093072 0.555548608 0.017442206 0.709769189 0.298246235 0.637944043
1548265889.100280 0.036597524 -0.263046712 0.577694237 0.016283039 0.720418334 0.302923501 0.623674273
1548265889.133880 0.066237122 -0.267297655 0.593909204 0.017036360 0.729377151 0.308478564 0.610376656
1548265889.167490 0.067071669 -0.263717532 0.592960179 0.017928367 0.733799696 0.310372233 0.604057729
1548265889.200830 0.081994399 -0.271603405 0.602142811 0.017501580 0.739970148 0.312910974 0.595167637
1548265889.234310 0.085547253 -0.274355114 0.610686839 0.019948687 0.745888710 0.313726097 0.587220609
1548265889.267630 0.093501493 -0.281978339 0.635210514 0.021104502 0.753333867 0.312724859 0.578139901
1548265889.301080 0.094798736 -0.285571277 0.623139262 0.021298233 0.757676601 0.312925071 0.572320282
1548265889.334590 0.108554713 -0.291195601 0.638581276 0.022519140 0.764409065 0.311866403 0.563835979
1548265889.368180 0.104670346 -0.292029530 0.645604134 0.023350054 0.770600855 0.309636980 0.556555450
1548265889.401890 0.120373569 -0.309683681 0.648712099 0.024974523 0.774644434 0.313081205 0.548892021
1548265889.435440 0.122913301 -0.306527674 0.656271398 0.027767846 0.776708364 0.311646223 0.546653152
1548265889.468960 0.127613321 -0.310319006 0.663429022 0.027837250 0.779208660 0.311631322 0.543088317
1548265889.502470 0.120365635 -0.308222473 0.642607391 0.029539965 0.777901292 0.313593477 0.543742716
1548265889.535990 0.131905913 -0.309814066 0.648726583 0.027629979 0.779515803 0.313451052 0.541608810
1548265889.569470 0.133940309 -0.308709979 0.645584822 0.026423052 0.780946374 0.313765913 0.539421499
1548265889.602790 0.141534671 -0.309832782 0.646932721 0.023941413 0.782604992 0.313518584 0.537273109
1548265889.636240 0.156595632 -0.304277718 0.670856416 0.019239908 0.788405120 0.310777009 0.530532658
1548265889.669650 0.192965671 -0.327129811 0.691477358 0.013703594 0.793288350 0.314336807 0.521246731
1548265889.703150 0.184377506 -0.317174882 0.673148751 0.012123789 0.792443514 0.313703805 0.522949636
1548265889.736660 0.184902355 -0.308626771 0.669359565 0.010116228 0.793839276 0.313127071 0.521218061
1548265889.770170 0.193968639 -0.303599209 0.664877951 0.009595347 0.794665217 0.314300776 0.519259155
1548265889.803680 0.230422989 -0.317622274 0.701716125 0.004117048 0.800159633 0.314722031 0.510565937
1548265889.837200 0.219217911 -0.305760831 0.681935072 0.004124341 0.799881577 0.315658033 0.510423779
1548265889.870680 0.225722447 -0.300290555 0.674330115 0.003979528 0.800327778 0.317548901 0.508549333
1548265889.904200 0.253332943 -0.311364263 0.686680853 0.000030771 0.803494453 0.319709659 0.502177656
1548265889.937710 0.264278322 -0.307577461 0.683432400 -0.000387650 0.805716634 0.321828216 0.497239470
1548265889.971260 0.270968735 -0.300853372 0.666616023 0.002779590 0.804936886 0.325205237 0.496296704
1548265890.004790 0.294516474 -0.304227531 0.687505722 -0.000891229 0.809354365 0.324451298 0.489567161
1548265890.038340 0.309937209 -0.303365856 0.681899309 -0.001947102 0.813792586 0.326864243 0.480517983
1548265890.071860 0.299488991 -0.285763085 0.644959271 0.002866147 0.812477052 0.329502404 0.480937660
1548265890.105380 0.311658621 -0.286596537 0.647121429 0.001190160 0.815128028 0.330405951 0.475811750
1548265890.138920 0.337134123 -0.292348236 0.639726102 -0.001240500 0.818032265 0.334500581 0.467900693
1548265890.172490 0.344361365 -0.280851781 0.632331789 -0.000612434 0.821002960 0.335764617 0.461753100
1548265890.206090 0.372971088 -0.288210779 0.648739815 -0.003450696 0.826892972 0.337920159 0.449495345
1548265890.239610 0.390152425 -0.283429265 0.653346837 -0.004427998 0.832103074 0.339621633 0.438454062
1548265890.273280 0.422908783 -0.297176242 0.646776557 -0.006095876 0.835178733 0.346429974 0.427113086
1548265890.307030 0.427582085 -0.292282283 0.633267522 -0.005549661 0.836748600 0.349172115 0.421781629
1548265890.340580 0.425453693 -0.271580130 0.634134650 -0.003421914 0.839728951 0.348531783 0.416376173
1548265890.374130 0.450284034 -0.282748520 0.630525827 -0.006317905 0.842712462 0.353115678 0.406331211
1548265890.407670 0.453445464 -0.261704594 0.614086509 -0.005266424 0.844991386 0.353758365 0.401019722
1548265890.441260 0.481583416 -0.265476495 0.612621069 -0.006616181 0.848178566 0.357217789 0.391081631
1548265890.474700 0.465741515 -0.245084688 0.587723196 -0.002760173 0.848405957 0.358653069 0.389316916
1548265890.508220 0.483341932 -0.256206691 0.588836908 -0.005331156 0.851142764 0.362402439 0.379726261
1548265890.541740 0.490996093 -0.257099122 0.578045130 -0.005958855 0.852563977 0.366202652 0.372820020
1548265890.575280 0.509208322 -0.246653661 0.581041634 -0.008122975 0.856233299 0.366924942 0.363544524
1548265890.608840 0.515181124 -0.247523993 0.564964652 -0.008840661 0.857701182 0.371536016 0.355290711
1548265890.642360 0.524947762 -0.248763844 0.551584244 -0.010222733 0.858628452 0.374841660 0.349494547
1548265890.675870 0.535704434 -0.248743072 0.548130870 -0.013791730 0.861348987 0.376262695 0.341048449
1548265890.709400 0.558813214 -0.250991702 0.541964114 -0.017264878 0.864505172 0.379454136 0.329161495
1548265890.742920 0.553582728 -0.239281416 0.534367919 -0.017936926 0.867131174 0.380677640 0.320696592
1548265890.776420 0.559545219 -0.243820250 0.526542485 -0.020183679 0.869351804 0.384828866 0.309397399
1548265890.809910 0.561306119 -0.236437768 0.507659078 -0.021773051 0.871407390 0.388919681 0.298188835
1548265890.843410 0.590151668 -0.232459486 0.511671066 -0.025125429 0.875196397 0.391259581 0.283400565
1548265890.876930 0.598575950 -0.225082859 0.494036883 -0.025275812 0.876259923 0.395466179 0.274109781
1548265890.910430 0.590169549 -0.215402603 0.486687183 -0.023522807 0.878164649 0.397785872 0.264650524
1548265890.943930 0.608219922 -0.209038407 0.486815065 -0.022935929 0.880830407 0.400464952 0.251474768
1548265890.977410 0.640002906 -0.209464580 0.484733462 -0.023229690 0.883238196 0.403811514 0.237248704
1548265891.010920 0.646003664 -0.208871096 0.478064537 -0.021372346 0.884836197 0.406090826 0.227372691
1548265891.044310 0.650609732 -0.199693367 0.473336160 -0.018030623 0.886622190 0.407842517 0.217348829
1548265891.077790 0.654161155 -0.195515111 0.468895406 -0.015549234 0.887479246 0.409384370 0.211052746
1548265891.111210 0.662795186 -0.189041868 0.464696586 -0.014674095 0.888624489 0.410734534 0.203539506
1548265891.144720 0.677137792 -0.182830721 0.466478586 -0.011453601 0.889430881 0.411715508 0.198171526
1548265891.178180 0.671421111 -0.191658080 0.452120602 -0.014141547 0.888755739 0.412777364 0.198816940
1548265891.211530 0.697541535 -0.184066638 0.453301221 -0.015651451 0.890756428 0.413057178 0.188922614
1548265891.245000 0.704164922 -0.187198967 0.439436466 -0.014302523 0.890393853 0.414709210 0.187110916
1548265891.278480 0.700930834 -0.188066229 0.439123452 -0.015883954 0.891596794 0.413113862 0.184769794
1548265891.312000 0.718164265 -0.179434270 0.435921699 -0.015182406 0.892720044 0.413765877 0.177815244
1548265891.345540 0.716587782 -0.174898162 0.433022827 -0.013694731 0.893131137 0.413384914 0.176754579
1548265891.379110 0.698458850 -0.174189061 0.423772961 -0.013227170 0.893489778 0.414081156 0.173314258
1548265891.412580 0.733913124 -0.165688336 0.421446860 -0.013154424 0.894736946 0.415285170 0.163740695
1548265891.446060 0.726531744 -0.170065865 0.413810819 -0.012617629 0.894486129 0.415790260 0.163871244
1548265891.479570 0.724603772 -0.163939536 0.407487124 -0.011979369 0.895067215 0.416493535 0.158884510
1548265891.513080 0.748669028 -0.153650954 0.409483284 -0.011745902 0.895976901 0.416787535 0.152890533
1548265891.546610 0.741597712 -0.151798010 0.402193308 -0.011225172 0.895370781 0.417931855 0.153356209
1548265891.580130 0.746708930 -0.151412562 0.380660772 -0.013641282 0.894271970 0.421965659 0.148447156
1548265891.613670 0.773286581 -0.137796417 0.388438553 -0.009783165 0.894739687 0.423931897 0.140095964
1548265891.647190 0.780061066 -0.129997849 0.382135749 -0.007564297 0.893725455 0.424795300 0.144036621
1548265891.680700 0.785134614 -0.126965612 0.372414678 -0.008650519 0.893007100 0.425987929 0.144906238
1548265891.714190 0.785255969 -0.101268396 0.384872913 -0.000214166 0.893662930 0.424192876 0.146379486
1548265891.747690 0.783015311 -0.104200445 0.368760824 -0.001039731 0.891387999 0.425785273 0.155348942
1548265891.781220 0.795033216 -0.096313998 0.362337142 -0.001358783 0.890612483 0.426601797 0.157538667
1548265891.814810 0.806250989 -0.084940672 0.367313504 0.001789360 0.890048623 0.425992787 0.162297159
1548265891.848320 0.802715659 -0.080688305 0.345991403 0.000669010 0.887441158 0.427511692 0.172283307
1548265891.881840 0.814014137 -0.076112345 0.334516734 -0.001086740 0.886066496 0.428569764 0.176671743
1548265891.915370 0.824563682 -0.066099107 0.330663592 -0.001854024 0.885361612 0.428606302 0.180077881
1548265891.948950 0.835163355 -0.062606402 0.313331425 -0.004786272 0.883404016 0.430353940 0.185391217
1548265891.982480 0.840238690 -0.056402899 0.301682442 -0.007660132 0.882380068 0.430903405 0.188862339
1548265892.016020 0.856940866 -0.048765652 0.292964995 -0.009213497 0.881610930 0.431731522 0.190486595
1548265892.049560 0.865711868 -0.044263396 0.282395512 -0.012874313 0.880869389 0.431459546 0.194283381
1548265892.083090 0.874968886 -0.031279773 0.278102756 -0.013359100 0.880970061 0.430902034 0.195030153
1548265892.116610 0.881232083 -0.027883712 0.262896717 -0.016196765 0.879679620 0.431261063 0.199788168
1548265892.150120 0.887471497 -0.021990191 0.251220047 -0.018497011 0.879283607 0.431870401 0.200015321
1548265892.183650 0.899730206 -0.010714632 0.244991347 -0.018227343 0.879245222 0.431563497 0.200869635
1548265892.217160 0.903148472 -0.010094991 0.228829443 -0.021090653 0.877985418 0.432566494 0.203919232
1548265892.250680 0.910268903 0.001583274 0.225808069 -0.020413507 0.878434837 0.432186067 0.202856511
1548265892.284700 0.920459449 0.003032876 0.215425134 -0.020720480 0.877113104 0.433213860 0.206322655
1548265892.318240 0.926100552 0.001805352 0.198226839 -0.022962965 0.875602067 0.434275746 0.210233897
1548265892.351750 0.932121396 0.016762149 0.198760688 -0.019973289 0.876483619 0.432714403 0.210085124
1548265892.385270 0.937083423 0.020709012 0.191907376 -0.018996941 0.875492811 0.432276428 0.215147734
1548265892.418790 0.939335167 0.020913117 0.178013876 -0.020300206 0.874017417 0.433178872 0.219174504
1548265892.452280 0.948678732 0.032345541 0.177871212 -0.018615048 0.874043643 0.432415307 0.220721886
1548265892.485800 0.949774027 0.032161575 0.167540625 -0.019158859 0.872163236 0.432997018 0.226887226
1548265892.519220 0.955290496 0.037780818 0.161178485 -0.019262249 0.871185482 0.433801562 0.229087323
1548265892.552740 0.957801044 0.051347360 0.164737657 -0.014962826 0.870573580 0.433374643 0.232516915
1548265892.586340 0.957677007 0.050615486 0.153479442 -0.015042569 0.867690086 0.435276955 0.239627987
1548265892.619770 0.959775150 0.057272546 0.147546306 -0.014464831 0.866170883 0.436993003 0.242024586
1548265892.653290 0.965565443 0.068579406 0.148995653 -0.011062066 0.864556551 0.438046038 0.246039212
1548265892.686800 0.963529646 0.067469522 0.132092342 -0.011958905 0.860707819 0.441372275 0.253435582
1548265892.720320 0.972568512 0.078437939 0.131771684 -0.010357941 0.859454036 0.443179399 0.254604638
1548265892.753840 0.980836928 0.084799811 0.130459696 -0.010220269 0.857140839 0.444996715 0.259196818
1548265892.787340 0.987267256 0.082474142 0.114964418 -0.013917739 0.853496134 0.448673457 0.264655918
1548265892.820710 0.995642483 0.093786724 0.119426325 -0.013010958 0.852534473 0.449635863 0.266163975
1548265892.854220 1.002173185 0.097135454 0.113556214 -0.014072094 0.850021005 0.450809360 0.272097737
1548265892.887740 1.006276608 0.099147424 0.109998830 -0.015736103 0.847725749 0.451959074 0.277211994
1548265892.921260 1.009120703 0.111033879 0.112715207 -0.015479419 0.845852137 0.451974005 0.282867461
1548265892.954790 1.015222430 0.107958660 0.102525294 -0.020307062 0.841402471 0.454820693 0.291148931
1548265892.988290 1.022688508 0.115049921 0.105120569 -0.023061179 0.839245915 0.456573576 0.294406176
1548265893.021750 1.025391936 0.127791390 0.106289648 -0.022656966 0.835890830 0.458437890 0.301011533
1548265893.055180 1.034150958 0.132809043 0.100368194 -0.027385823 0.831435323 0.461138636 0.308733761
1548265893.088680 1.041328311 0.140662909 0.102879517 -0.030061819 0.827719927 0.463258833 0.315225691
1548265893.122210 1.051281095 0.148989826 0.105649583 -0.034171291 0.823636591 0.465525359 0.322088778
1548265893.155710 1.064137459 0.151068628 0.102221340 -0.040300969 0.819289148 0.468381703 0.328267753
1548265893.189220 1.062671900 0.163089395 0.110398926 -0.038270257 0.815779924 0.468561351 0.336880952
1548265893.222720 1.073964238 0.164110094 0.104391992 -0.044984154 0.810102105 0.470136404 0.347394228
1548265893.256230 1.087213993 0.170433253 0.111935012 -0.048686482 0.807650328 0.471808493 0.350324631
1548265893.289750 1.089257598 0.180544436 0.122470692 -0.045918599 0.804057181 0.470644325 0.360385180
1548265893.323280 1.102665782 0.176836878 0.116347924 -0.053031418 0.799154341 0.472221166 0.368167400
1548265893.356810 1.104109168 0.184858769 0.125726148 -0.052432064 0.797814369 0.471597940 0.371938735
1548265893.390310 1.101347089 0.189597607 0.133984059 -0.048663206 0.793454468 0.470322043 0.383222014
1548265893.423830 1.110644817 0.184629455 0.121791661 -0.054570090 0.787265480 0.470990807 0.394211590
1548265893.457350 1.115253687 0.190796807 0.133072644 -0.054984339 0.786546171 0.469580740 0.397260308
1548265893.490860 1.121671915 0.195213318 0.149877101 -0.053134114 0.783711910 0.466907233 0.406165004
1548265893.524340 1.123438478 0.193156809 0.140349731 -0.055676594 0.777611554 0.466620326 0.417714983
1548265893.557850 1.125173450 0.193727329 0.157269701 -0.055738527 0.776975036 0.464079946 0.421702325
1548265893.591400 1.134870529 0.197761834 0.169071227 -0.054803200 0.773541152 0.461348891 0.431031257
1548265893.624890 1.144641757 0.198465824 0.170513630 -0.057968806 0.769879818 0.459435165 0.439140022
1548265893.658400 1.137889862 0.194154426 0.170561850 -0.055651613 0.765365064 0.458258927 0.448461801
1548265893.691890 1.148634791 0.197654381 0.185532227 -0.055123914 0.761711657 0.453684807 0.459267646
1548265893.725430 1.153572798 0.195988983 0.191540137 -0.056840744 0.759456933 0.450676829 0.465708792
1548265893.758920 1.154507637 0.187040314 0.208942220 -0.054119062 0.756991804 0.447907060 0.472666621
1548265893.792430 1.145269632 0.192559749 0.205675006 -0.053072337 0.751430213 0.442040861 0.486966014
1548265893.825950 1.164192080 0.186545655 0.212750286 -0.057650749 0.751004279 0.440243691 0.488727391
1548265893.859450 1.161526203 0.183330283 0.221170917 -0.057336211 0.749485314 0.436339408 0.494562685
1548265893.892940 1.161147833 0.179935604 0.224242732 -0.058211364 0.746671200 0.432315916 0.502191663
1548265893.926460 1.166116476 0.171632022 0.231175289 -0.060907856 0.745901883 0.429251879 0.505631745
1548265893.959970 1.164853454 0.169143483 0.231935725 -0.060128149 0.743328154 0.426012576 0.512212038
1548265893.993490 1.168504357 0.162666962 0.242698371 -0.062798858 0.743841767 0.421786636 0.514637589
1548265894.027010 1.168072581 0.156392083 0.246337011 -0.062762231 0.743866146 0.419300586 0.516634345
1548265894.060510 1.166184187 0.151910037 0.246818036 -0.060471326 0.742174268 0.417142093 0.521069169
1548265894.094000 1.165634394 0.144674018 0.253601640 -0.061154380 0.743034422 0.413996905 0.522270560
1548265894.127430 1.158051610 0.138075531 0.248767450 -0.055360619 0.740522325 0.414362311 0.526180327
1548265894.160950 1.159455419 0.136963695 0.253677487 -0.055602796 0.738730669 0.411101967 0.531206667
1548265894.194190 1.161648273 0.129705682 0.260399163 -0.056491401 0.739520550 0.410576880 0.530419409
1548265894.227710 1.162590861 0.124767341 0.253857732 -0.053577684 0.735950708 0.412657410 0.534059823
1548265894.261220 1.163143158 0.122989364 0.259081304 -0.053751554 0.734049261 0.410410911 0.538372934
1548265894.294740 1.163400650 0.118692726 0.268243462 -0.054560382 0.734892786 0.408862412 0.538318992
1548265894.328360 1.166763544 0.109319575 0.260459781 -0.052575387 0.730942786 0.411291301 0.542031229
1548265894.361920 1.162625551 0.111244567 0.269294947 -0.053533703 0.729859889 0.406558543 0.546945035
1548265894.395560 1.164725304 0.105142049 0.277410835 -0.055454072 0.730912447 0.405164719 0.546382129
1548265894.429080 1.170096636 0.096480712 0.273391992 -0.053817067 0.727946937 0.406912118 0.549198925
1548265894.462460 1.163223982 0.097583555 0.274604857 -0.053306729 0.725290954 0.402361751 0.556072474
1548265894.495940 1.167163610 0.089152835 0.283004493 -0.054825377 0.726284504 0.400404990 0.556040406
1548265894.529350 1.173461914 0.079027273 0.265877426 -0.052420639 0.721060991 0.403296471 0.560959041
1548265894.562970 1.170125604 0.075668134 0.270061672 -0.050633207 0.717972934 0.398642093 0.568362236
1548265894.596530 1.169262528 0.070374824 0.281366199 -0.051338296 0.719437718 0.394482225 0.569348335
1548265894.630040 1.172416449 0.060401198 0.273592025 -0.049353074 0.716409385 0.395494223 0.572630882
1548265894.663670 1.173131108 0.053033434 0.274770916 -0.048066765 0.712741196 0.392686725 0.579212129
1548265894.697250 1.170591116 0.050470617 0.284239501 -0.048000317 0.713137269 0.387775153 0.582032382
1548265894.730770 1.178173542 0.038661834 0.276133806 -0.044879425 0.709417880 0.389473468 0.585681260
1548265894.764280 1.168877721 0.038549241 0.283654451 -0.042737525 0.706385374 0.382471919 0.594060957
1548265894.797780 1.169718027 0.030256294 0.295626581 -0.043974314 0.708786368 0.378253937 0.593811452
1548265894.831250 1.175056100 0.024707463 0.274533033 -0.039898310 0.703213573 0.379770309 0.599727631
1548265894.864670 1.180049896 0.015367683 0.279404312 -0.038898200 0.701001048 0.376636922 0.604341865
1548265894.898180 1.174695611 0.011836366 0.292966783 -0.038278259 0.702982366 0.370222360 0.606041193
1548265894.931800 1.175543427 0.012056305 0.276907712 -0.032400362 0.699370921 0.369980901 0.610691965
1548265894.965360 1.175100923 0.003820288 0.277887672 -0.028813004 0.695393980 0.366120428 0.617699623
1548265894.998900 1.179574132 -0.010095975 0.291844249 -0.029407697 0.697060227 0.363309026 0.617453456
1548265895.032410 1.175644517 -0.005730030 0.284875065 -0.023289880 0.694144666 0.361504853 0.622040927
1548265895.065910 1.175630927 -0.010801066 0.277747571 -0.019492902 0.687875450 0.359144062 0.630446613
1548265895.099380 1.180338502 -0.026310006 0.308147371 -0.023211062 0.692128420 0.354973346 0.628023446
1548265895.132890 1.183145404 -0.028432673 0.292275339 -0.020294800 0.688380063 0.357046217 0.631061733
1548265895.166460 1.187548041 -0.031090211 0.283519417 -0.017199397 0.682155848 0.356785625 0.638021648
1548265895.199970 1.194927573 -0.044110198 0.308352649 -0.021190448 0.683940470 0.353361040 0.637896895
1548265895.233600 1.194804192 -0.040004816 0.304506898 -0.017848166 0.681796432 0.352880985 0.640554428
1548265895.267120 1.180579901 -0.012775720 0.268181235 -0.005930543 0.670524716 0.350356936 0.653920114
1548265895.300640 1.177808642 -0.015582936 0.284793556 -0.004443111 0.668458402 0.342966467 0.659937501
1548265895.334150 1.186985850 -0.029776378 0.294551641 -0.003765881 0.669878900 0.340391785 0.659834445
1548265895.367700 1.190891981 -0.034717090 0.279953599 0.003395853 0.665755808 0.339588732 0.664407313
1548265895.401220 1.191809058 -0.042577915 0.287471145 0.007863678 0.663697660 0.333548337 0.669469297
1548265895.434700 1.200162888 -0.064199328 0.293290496 0.008385536 0.663909078 0.330428690 0.670799017
1548265895.467870 1.184683919 -0.049625110 0.269972801 0.019524883 0.657723844 0.324234873 0.679624856
1548265895.501390 1.189650178 -0.066666417 0.284630567 0.020925814 0.656928897 0.317195743 0.683661819
1548265895.534900 1.197801948 -0.094063394 0.288938016 0.019491134 0.657031238 0.313941956 0.685106218
1548265895.568420 1.192976952 -0.097224548 0.282732010 0.022692086 0.653505027 0.308475554 0.690839410
1548265895.601970 1.192540050 -0.105880804 0.282711923 0.024888149 0.649693489 0.303122967 0.696703255
1548265895.635440 1.200619817 -0.127707601 0.291475087 0.022997694 0.648473680 0.299802184 0.699336588
1548265895.668930 1.204900742 -0.140568540 0.299136251 0.023242967 0.648521304 0.297109693 0.700432479
1548265895.702450 1.204227328 -0.147954032 0.301862210 0.025353894 0.647892952 0.294275135 0.702135384
1548265895.735960 1.207050562 -0.161048546 0.237869114 0.025194138 0.632787883 0.296956092 0.714676023
1548265895.769480 1.206778049 -0.167073041 0.242571294 0.026930790 0.631426692 0.295389235 0.716463685
1548265895.803020 1.209490776 -0.171532318 0.239533335 0.031197254 0.627908051 0.295094937 0.719497859
1548265895.836560 1.211237311 -0.178488106 0.237577826 0.034707878 0.623394132 0.294631124 0.723441482
1548265895.870050 1.218248248 -0.191960201 0.240856513 0.034821965 0.620986462 0.294267952 0.725651145
1548265895.903560 1.217806101 -0.194497213 0.236812562 0.038444806 0.617499948 0.293715775 0.728661001
1548265895.937080 1.220277786 -0.200613484 0.233885184 0.041453686 0.611930907 0.293473601 0.733277202
1548265895.970620 1.224756837 -0.207872525 0.230752841 0.042417761 0.606449783 0.292928845 0.737978399
1548265896.004140 1.234694958 -0.219918147 0.213015959 0.042733867 0.595420361 0.294738948 0.746175170
1548265896.037650 1.237134576 -0.226598352 0.214534104 0.043855038 0.587825239 0.292636126 0.752929151
1548265896.071170 1.242879748 -0.235636279 0.216679558 0.042547770 0.582929790 0.291631490 0.757188022
1548265896.104690 1.251847982 -0.234118968 0.211567000 0.044150267 0.573094249 0.289013982 0.765561700
1548265896.138210 1.256795049 -0.244243294 0.217342436 0.043757860 0.564619362 0.285943389 0.772998452
1548265896.171800 1.272287488 -0.253799826 0.205136955 0.041478068 0.550833344 0.284143209 0.783661127
1548265896.205310 1.274379492 -0.258070678 0.214439437 0.040268384 0.542237043 0.278068632 0.791855574
1548265896.238830 1.273649216 -0.261340529 0.221874461 0.039631587 0.534200430 0.271465898 0.799603343
1548265896.272350 1.282187343 -0.264011264 0.228427812 0.037654914 0.524567485 0.264347553 0.808412910
1548265896.306000 1.284037828 -0.280053526 0.245433450 0.031816062 0.519664526 0.258113176 0.813826859
1548265896.339380 1.282183409 -0.282117814 0.255930930 0.027809057 0.513632238 0.249368325 0.820502281
1548265896.372900 1.285994053 -0.284203529 0.267045617 0.023855356 0.507267952 0.241225049 0.826994956
1548265896.406410 1.284166217 -0.291905284 0.276561677 0.020698437 0.500410736 0.234870985 0.833064377
1548265896.439920 1.282201290 -0.291979194 0.289729923 0.018264446 0.494502276 0.226922691 0.838832498
1548265896.473440 1.283126116 -0.289639384 0.302333534 0.014744878 0.489262789 0.219333366 0.843977153
1548265896.506960 1.288762450 -0.294826776 0.304622144 0.011185504 0.482307196 0.216437444 0.848769367
1548265896.540470 1.285287857 -0.292031556 0.315047950 0.008224590 0.473606169 0.208799064 0.855588973
1548265896.573990 1.272800922 -0.284700036 0.328980953 0.005026673 0.470463276 0.200674221 0.859283984
1548265896.607390 1.279780269 -0.292392910 0.336494833 -0.000638546 0.463909149 0.200210676 0.862962067
1548265896.640900 1.286383867 -0.294301003 0.342829615 -0.005044433 0.454929948 0.197501808 0.868335366
1548265896.674410 1.278205037 -0.289222211 0.353534549 -0.008375221 0.449328005 0.192208469 0.872404814
1548265896.707930 1.281896472 -0.285088688 0.359565020 -0.012186029 0.442325115 0.189843029 0.876447141
1548265896.741440 1.281265020 -0.282709718 0.368999928 -0.015503432 0.436595321 0.187708244 0.879721403
1548265896.774970 1.283436656 -0.277647704 0.375485986 -0.018282155 0.429853946 0.184279174 0.883703887
1548265896.808290 1.272138834 -0.270678103 0.389056951 -0.019850219 0.427574009 0.181127891 0.885425925
1548265896.841960 1.281602859 -0.270498633 0.392449170 -0.022603264 0.421087176 0.180830836 0.888523996
1548265896.875480 1.282999396 -0.269016415 0.395005584 -0.024473891 0.414547145 0.178811163 0.891951919
1548265896.908990 1.276276827 -0.263027698 0.404895365 -0.025611121 0.411761820 0.175650597 0.893836260
1548265896.942440 1.278127193 -0.269265980 0.409693986 -0.028105818 0.406234741 0.175865963 0.896244705
1548265896.975870 1.270935416 -0.257956952 0.419237763 -0.029049929 0.402756810 0.169222936 0.899058759
1548265897.009390 1.270912647 -0.258623034 0.423632056 -0.030761864 0.400071979 0.168860391 0.900267899
1548265897.042990 1.272232652 -0.256390482 0.424344510 -0.032081578 0.394091189 0.166631192 0.903270125
1548265897.076510 1.260549784 -0.248726934 0.435124367 -0.032464780 0.392708093 0.162374318 0.904633045
1548265897.110030 1.262312174 -0.250184357 0.436325461 -0.034180086 0.389480978 0.162821591 0.905883789
1548265897.143540 1.259793878 -0.248822093 0.444601983 -0.035620075 0.386308730 0.160413429 0.907614589
1548265897.177060 1.255799532 -0.241520748 0.446790546 -0.035708822 0.384099394 0.158004329 0.908970416
1548265897.210570 1.253183722 -0.237015352 0.450384974 -0.036802139 0.382332623 0.157389805 0.909777880
1548265897.244020 1.254727006 -0.237339899 0.452704936 -0.039004080 0.379627913 0.156307548 0.911004543
1548265897.277540 1.255153894 -0.237485513 0.455040604 -0.040523764 0.377071947 0.156404182 0.911982656
1548265897.311050 1.252345681 -0.234631658 0.459360212 -0.041950922 0.375123024 0.155518651 0.912872791
1548265897.344550 1.254776597 -0.229875267 0.461811423 -0.043595247 0.372891515 0.154571503 0.913870335
1548265897.377990 1.249060631 -0.227888361 0.467499644 -0.045233637 0.371877015 0.154122859 0.914279819
1548265897.411500 1.250176191 -0.227025613 0.469732910 -0.046895985 0.369087815 0.153714433 0.915394366
1548265897.445020 1.254944324 -0.223830670 0.470408529 -0.047414806 0.365806729 0.152831554 0.916831374
1548265897.478530 1.251554966 -0.221608028 0.472814023 -0.047556456 0.364065140 0.152133226 0.917633057
1548265897.512050 1.250819564 -0.224982440 0.475345433 -0.048175048 0.360925078 0.153619960 0.918593049
1548265897.545570 1.243147135 -0.218620732 0.475784898 -0.047292404 0.355812758 0.151070222 0.921052933
1548265897.579080 1.243196964 -0.215812936 0.474465609 -0.047723033 0.351607561 0.150035366 0.922813118
1548265897.612600 1.234225869 -0.214233026 0.481838554 -0.047849879 0.348726571 0.150261313 0.923862398
1548265897.646100 1.234398723 -0.210107192 0.480216265 -0.048326138 0.342377394 0.147869676 0.926594257
1548265897.679600 1.232367039 -0.210962713 0.480460554 -0.049983535 0.337980807 0.146084428 0.928401828
1548265897.713120 1.226503730 -0.215034172 0.485850573 -0.051459264 0.334415108 0.146130070 0.929604471
1548265897.746640 1.217856884 -0.209003761 0.493068606 -0.050328560 0.327118814 0.144956797 0.932441890
1548265897.780160 1.221941233 -0.210481673 0.489096969 -0.051509842 0.319324166 0.142849714 0.935399830
1548265897.813760 1.215030909 -0.209165156 0.494981527 -0.051911790 0.315441966 0.141179964 0.936947048
1548265897.847450 1.198298454 -0.203487754 0.506761074 -0.050669093 0.308946282 0.139063403 0.939492524
1548265897.880960 1.212714672 -0.193913892 0.494598627 -0.050505966 0.298273772 0.135208815 0.943504333
1548265897.914480 1.207389355 -0.196258277 0.493378997 -0.052253891 0.295059502 0.133599192 0.944648445
1548265897.948000 1.191980362 -0.195319816 0.505770922 -0.053042736 0.290487438 0.131461099 0.946319997
1548265897.981670 1.188993573 -0.192440391 0.506763279 -0.054541644 0.283300877 0.125771388 0.949182510
1548265898.015030 1.176357508 -0.194663823 0.517188907 -0.056675710 0.281115979 0.123870343 0.949956775
1548265898.048540 1.177285075 -0.185946435 0.518209398 -0.057150751 0.274116576 0.122455701 0.952154696
1548265898.082030 1.165313125 -0.191563353 0.524043500 -0.060195718 0.270682186 0.119533800 0.953320146
1548265898.115480 1.161608219 -0.194370553 0.527022660 -0.063246265 0.268213421 0.117654078 0.954053998
1548265898.149000 1.153877378 -0.187880367 0.538107991 -0.063457295 0.264156967 0.117094964 0.955239773
1548265898.182520 1.159767032 -0.183503747 0.536483526 -0.063535951 0.252750009 0.113122195 0.958792984
1548265898.216030 1.146563172 -0.194460198 0.543075979 -0.066529445 0.249789238 0.108962968 0.959846973
1548265898.249230 1.129922271 -0.196509764 0.554285169 -0.066846311 0.247832537 0.106352776 0.960624695
1548265898.282750 1.118848324 -0.192130953 0.558973491 -0.065255560 0.242032468 0.101738058 0.962710440
1548265898.316260 1.110809207 -0.187354296 0.557540953 -0.063452981 0.234261706 0.098511219 0.965085864
1548265898.349780 1.123824358 -0.186360002 0.547587633 -0.062461164 0.220656306 0.091836080 0.969007492
1548265898.383300 1.113684773 -0.190900996 0.548605740 -0.062975958 0.219108447 0.088127643 0.969669580
1548265898.416810 1.098506331 -0.189806059 0.557091951 -0.062526152 0.215458497 0.084834404 0.970809579
1548265898.450300 1.089696527 -0.196927056 0.560422957 -0.064143755 0.207878187 0.081087537 0.972675204
1548265898.483760 1.085430622 -0.190959290 0.561390817 -0.065138496 0.202741921 0.078713022 0.973887563
1548265898.517280 1.070688248 -0.190488040 0.560430646 -0.068703517 0.197752878 0.076142080 0.974872291
1548265898.550790 1.061160684 -0.189740971 0.568860769 -0.073142149 0.193367302 0.076451980 0.975404739
1548265898.584310 1.064742804 -0.195329487 0.571772695 -0.080057725 0.184991941 0.074085720 0.976667821
1548265898.617910 1.053027749 -0.195134342 0.580503643 -0.085072063 0.181062877 0.072443001 0.977103353
1548265898.651420 1.056622744 -0.193739295 0.583836973 -0.089955553 0.171049774 0.068851359 0.978728473
1548265898.684960 1.054253817 -0.191428587 0.591752589 -0.093021192 0.170963109 0.068674102 0.978469491
1548265898.718670 1.045352697 -0.198484465 0.604154110 -0.097399198 0.167245731 0.068545803 0.978694916
1548265898.752330 1.051764011 -0.203793406 0.604327142 -0.100635231 0.159641325 0.067006320 0.979743540
1548265898.785730 1.043370962 -0.210490167 0.612764180 -0.103174813 0.158881515 0.066547699 0.979634106
1548265898.819220 1.037466645 -0.213138670 0.621629775 -0.104324751 0.154684797 0.065029509 0.980285704
1548265898.852680 1.041270018 -0.221177861 0.621949077 -0.105573952 0.147664040 0.062338356 0.981408894
1548265898.886190 1.037119865 -0.226824477 0.625563979 -0.104957618 0.145675749 0.060696419 0.981874943
1548265898.919610 1.022675157 -0.224479198 0.632283509 -0.101860702 0.143272430 0.059216578 0.982644796
1548265898.953120 1.016499400 -0.229102761 0.630733609 -0.098780192 0.136028960 0.055922650 0.984180510
1548265898.986740 1.010024190 -0.221382275 0.631040394 -0.092864610 0.134592980 0.052303813 0.985152364
1548265899.020320 1.004998565 -0.226861745 0.628157318 -0.089094281 0.131636783 0.051129010 0.985961378
1548265899.053860 0.994388103 -0.226827323 0.626254797 -0.083740808 0.126931787 0.046685204 0.987267077
1548265899.087370 0.989772439 -0.226711005 0.624462008 -0.078665808 0.124310330 0.042605665 0.988202095
1548265899.120890 0.983216643 -0.230433270 0.619666874 -0.074033089 0.122223534 0.039162882 0.988962471
1548265899.154430 0.975406289 -0.239425033 0.616358459 -0.070566319 0.118481308 0.035309546 0.989816010
1548265899.188040 0.973424256 -0.231942311 0.613985062 -0.064262107 0.114566579 0.029318884 0.990901232
1548265899.221550 0.969220817 -0.238775089 0.609151900 -0.060844067 0.114973605 0.025476744 0.991176069
1548265899.255070 0.946231782 -0.245761082 0.603437126 -0.057874624 0.114821590 0.024362642 0.991399527
1548265899.288680 0.951461375 -0.239245161 0.600000143 -0.053384643 0.107289627 0.019117836 0.992609441
1548265899.322260 0.940113366 -0.239688292 0.595850825 -0.050459873 0.105497092 0.017871475 0.992977738
1548265899.355980 0.935418129 -0.241075307 0.592319369 -0.048814639 0.100338817 0.014206666 0.993653595
1548265899.389500 0.927987039 -0.236666217 0.588890016 -0.046429440 0.095418394 0.011332626 0.994289339
1548265899.423020 0.923816323 -0.235285416 0.585216582 -0.045293044 0.092960663 0.008791521 0.994600236
1548265899.456530 0.911423504 -0.239605576 0.584760189 -0.045514073 0.090770938 0.008562332 0.994794369
1548265899.490050 0.917348027 -0.239590421 0.581193626 -0.045548249 0.080924138 0.005893385 0.995661557
1548265899.523570 0.910129011 -0.235524476 0.581032097 -0.044923905 0.078378685 0.002738296 0.995907187
1548265899.557080 0.905561388 -0.246549278 0.580369830 -0.046912517 0.074488319 0.001576230 0.996116579
1548265899.590600 0.899463952 -0.234269112 0.579206824 -0.044189718 0.070135005 -0.002466163 0.996555209
1548265899.624110 0.898020804 -0.233842269 0.577734828 -0.043376345 0.067877077 -0.004643897 0.996739507
1548265899.657630 0.894196093 -0.235862583 0.578827381 -0.042994201 0.065754160 -0.007066026 0.996884167
1548265899.691140 0.878652275 -0.237589151 0.577019572 -0.042792648 0.065042756 -0.010984797 0.996904016
1548265899.724660 0.874452353 -0.233323172 0.575615942 -0.041948613 0.062829502 -0.014464800 0.997037351
1548265899.758200 0.867839098 -0.235259056 0.575080216 -0.042467669 0.059921343 -0.018047063 0.997135997
1548265899.791710 0.866259336 -0.230861768 0.575158715 -0.041568346 0.056949552 -0.022137530 0.997265637
1548265899.825230 0.858083606 -0.234060168 0.575509727 -0.042083926 0.055945225 -0.024481270 0.997246087
1548265899.858740 0.854234040 -0.231619447 0.574321330 -0.041702490 0.053168818 -0.026925053 0.997350991
1548265899.892260 0.851416171 -0.225384817 0.573473275 -0.040812947 0.050944023 -0.029731311 0.997424245
1548265899.925780 0.849729180 -0.223033145 0.572697222 -0.041122857 0.049241059 -0.031321157 0.997448325
1548265899.959310 0.846644938 -0.224410430 0.572342217 -0.043077439 0.045739770 -0.033021107 0.997477710
1548265899.992880 0.845768213 -0.214547485 0.571705103 -0.043466292 0.043095160 -0.037001446 0.997438908
1548265900.026390 0.840375125 -0.216147020 0.574195623 -0.046402767 0.041308664 -0.039891791 0.997270823
1548265900.059910 0.834405363 -0.213047415 0.575559318 -0.048967358 0.038392466 -0.044301007 0.997078538
1548265900.093510 0.829169035 -0.211964622 0.579564035 -0.051537216 0.036343697 -0.048885290 0.996811569
1548265900.127030 0.830666065 -0.209931210 0.581714690 -0.053375777 0.033844907 -0.052534852 0.996617079
1548265900.160500 0.828590930 -0.213491365 0.582578659 -0.055748511 0.032841451 -0.055455264 0.996362507
1548265900.194060 0.821757913 -0.212341771 0.584279656 -0.056515560 0.031609636 -0.056949392 0.996274829
1548265900.227530 0.827149153 -0.209182799 0.586699128 -0.056188788 0.028871462 -0.059696119 0.996215641
1548265900.261040 0.815194726 -0.202139571 0.583926141 -0.054571800 0.031325892 -0.060435660 0.996186793
1548265900.294560 0.816885114 -0.204655781 0.584926963 -0.054320887 0.030256446 -0.060890038 0.996205866
1548265900.328090 0.818041503 -0.200387359 0.585143447 -0.052259106 0.030685911 -0.061543886 0.996262908
1548265900.361720 0.816328704 -0.199444190 0.583217204 -0.050439429 0.031355664 -0.061787874 0.996320724
1548265900.395240 0.815970004 -0.201012015 0.582070947 -0.049191914 0.031570505 -0.062490817 0.996332467
1548265900.428750 0.817140639 -0.199569926 0.579796731 -0.047068510 0.032236140 -0.063120052 0.996374071
1548265900.462150 0.814093590 -0.199250698 0.578028798 -0.045345616 0.033293389 -0.063975908 0.996364594
1548265900.495660 0.810032547 -0.201988190 0.576672256 -0.044715997 0.033877838 -0.064383052 0.996347129
1548265900.529170 0.809137523 -0.197945133 0.573551416 -0.042670023 0.033767849 -0.065493748 0.996368170
1548265900.562690 0.805749476 -0.201170355 0.572289348 -0.042228885 0.034234293 -0.064859025 0.996412575
1548265900.596200 0.809789062 -0.200933412 0.570472419 -0.041257761 0.031865187 -0.065055326 0.996519029
1548265900.629720 0.805127144 -0.191561580 0.567426741 -0.038867641 0.033601888 -0.066654317 0.996452451
1548265900.663230 0.801188171 -0.198800683 0.566582739 -0.039849054 0.034004502 -0.065132126 0.996500671
1548265900.696750 0.804088414 -0.198522732 0.565132201 -0.039688550 0.032086685 -0.067086473 0.996441007
1548265900.730270 0.801242352 -0.195714310 0.565655053 -0.039161790 0.032978371 -0.068108477 0.996363401
1548265900.763720 0.804376125 -0.196480706 0.564927936 -0.039164625 0.031924922 -0.067926832 0.996410012
1548265900.796880 0.803200781 -0.194017053 0.564481020 -0.038845502 0.032054868 -0.068966970 0.996346891
1548265900.830110 0.802668154 -0.196058735 0.564876914 -0.039528370 0.031678785 -0.069198199 0.996316016
1548265900.863620 0.803814471 -0.195140868 0.564530015 -0.039437011 0.031965092 -0.069360785 0.996299207
1548265900.897140 0.802202404 -0.195371076 0.564729154 -0.039531507 0.031318225 -0.068921894 0.996346474
1548265900.930650 0.804759920 -0.191040233 0.563718796 -0.038408767 0.030573849 -0.069901951 0.996345162
1548265900.964170 0.804066360 -0.190615818 0.565716982 -0.038220029 0.031756420 -0.069240980 0.996361613
1548265900.997830 0.802618861 -0.193462953 0.563278317 -0.038919501 0.031380620 -0.068900913 0.996370018
1548265901.031360 0.803340793 -0.191231281 0.564578772 -0.038720947 0.031457480 -0.069825090 0.996311009
1548265901.064950 0.802098691 -0.192369774 0.565559149 -0.039331894 0.031874660 -0.069224328 0.996315718
1548265901.098530 0.804379880 -0.185574606 0.564446807 -0.038990680 0.031234577 -0.068598077 0.996392727
1548265901.132110 0.804725826 -0.189940855 0.565034389 -0.040782593 0.029970774 -0.068198979 0.996387184
1548265901.165500 0.805823088 -0.187962219 0.565363109 -0.041430738 0.028958647 -0.068880707 0.996343493
1548265901.199020 0.803657055 -0.190589547 0.565270185 -0.043156724 0.028995965 -0.067849301 0.996339917
1548265901.232660 0.804306149 -0.189896405 0.565177381 -0.044218294 0.027490458 -0.067763239 0.996341884
1548265901.266190 0.805834889 -0.182414740 0.566971838 -0.044107795 0.027605353 -0.068988182 0.996259570
1548265901.299730 0.808205903 -0.185244724 0.569373965 -0.045853049 0.027468102 -0.068166405 0.996241093
1548265901.333310 0.810420096 -0.188231751 0.569405794 -0.047205161 0.026490277 -0.069483183 0.996113479
1548265901.366830 0.804989457 -0.184026331 0.569548547 -0.047028828 0.028511452 -0.069778524 0.996045351
1548265901.400280 0.807678342 -0.182650194 0.570300579 -0.047622249 0.027519293 -0.069763549 0.996046126
1548265901.433860 0.810575426 -0.186345890 0.571667731 -0.048975781 0.027364643 -0.070523463 0.995931208
1548265901.467480 0.809673309 -0.184785947 0.573435187 -0.049095664 0.028141908 -0.070492901 0.995905817
1548265901.501120 0.811274648 -0.184154555 0.575367808 -0.049326632 0.028220568 -0.071585461 0.995814264
1548265901.534660 0.811531663 -0.184125841 0.575178206 -0.049531691 0.028918413 -0.071204334 0.995811403
1548265901.568360 0.806794941 -0.185349002 0.576045334 -0.050179105 0.029388281 -0.071153753 0.995768845
1548265901.601880 0.809713900 -0.186063111 0.576463223 -0.050478168 0.028875334 -0.071334429 0.995755792
1548265901.635400 0.811284959 -0.189995259 0.576300561 -0.051225323 0.028044682 -0.070270114 0.995817065
1548265901.668910 0.812398493 -0.187885553 0.575530648 -0.050408442 0.028321452 -0.070333809 0.995846391
1548265901.702430 0.815408409 -0.187771469 0.575734198 -0.049716134 0.028822059 -0.068413727 0.996000588
1548265901.735940 0.819683373 -0.193359599 0.575691938 -0.050176427 0.028434923 -0.066882737 0.996092618
1548265901.769460 0.822948575 -0.188747540 0.576206982 -0.048479579 0.028865116 -0.065749422 0.996239722
1548265901.802970 0.823473930 -0.185535550 0.574569881 -0.047200616 0.030284382 -0.064385667 0.996348083
1548265901.836380 0.820714533 -0.189725935 0.574241936 -0.047942076 0.031604052 -0.062409583 0.996397436
1548265901.869840 0.824456871 -0.187042028 0.575738370 -0.047438882 0.030667497 -0.061973594 0.996477962
1548265901.903350 0.828296363 -0.190846205 0.574296892 -0.048009727 0.031515837 -0.060802139 0.996496320
