1548265882.499630 0.000000000 0.000000000 0.000000000 0.000000000 0.000000000 0.000000000 1.000000000
1548265882.533150 0.004044334 -0.006812437 -0.001108367 -0.002395232 -0.006795789 -0.005258512 0.999960244
1548265882.566560 0.084517799 -0.035714455 -0.024702922 -0.007154407 -0.013892458 -0.010826892 0.999819279
1548265882.600030 -0.005809935 -0.000383474 -0.005433716 -0.003654837 0.006412398 -0.013071202 0.999887347
1548265882.633440 0.006760868 -0.007637817 -0.009225676 -0.006759190 0.003437172 -0.018274253 0.999804258
1548265882.665210 0.029689515 -0.012640384 -0.019284349 -0.010688228 0.009066341 -0.018852891 0.999724030
1548265882.698670 -0.030564800 0.017531365 -0.001189393 -0.009037330 0.018905649 -0.018456202 0.999610066
1548265882.732180 0.007389029 -0.001564218 -0.010081214 -0.015339797 0.008628625 -0.018910358 0.999666274
1548265882.765670 0.000717804 0.004627852 -0.006880452 -0.017243536 0.010398899 -0.015220816 0.999681354
1548265882.799210 0.003066818 0.009331354 -0.003124963 -0.019813869 0.007629303 -0.010906126 0.999715090
1548265882.832700 0.012213491 0.004486601 -0.006093794 -0.022641854 0.005342742 -0.006956563 0.999705195
1548265882.866180 0.017056832 0.006885897 -0.010026940 -0.024245743 0.003146504 -0.003712623 0.999694169
1548265882.899700 0.022605078 0.000750472 -0.013264850 -0.026298309 0.001974802 -0.001517848 0.999651074
1548265882.933210 0.022858005 0.004447317 -0.018072098 -0.024807453 0.001663520 0.000411156 0.999690771
1548265882.966730 0.028637772 0.001726669 -0.026424197 -0.023560205 -0.000221099 0.000480487 0.999722242
1548265883.000250 0.041549806 -0.000384953 -0.035404291 -0.021486094 -0.000730477 -0.000883079 0.999768496
1548265883.033800 0.024475716 0.013444356 -0.042977367 -0.017123302 0.003732179 -0.001297494 0.999845564
1548265883.067340 0.028622357 0.013230190 -0.052181024 -0.015578336 0.002519464 -0.003512181 0.999869287
1548265883.100860 0.033132792 0.020138187 -0.062016189 -0.013451790 0.003460463 -0.004808971 0.999891937
1548265883.134400 0.025965026 0.024956811 -0.068802387 -0.012903676 0.005003985 -0.006455824 0.999883354
1548265883.167910 0.028202776 0.027263304 -0.075482599 -0.012853274 0.004908523 -0.007213574 0.999879301
1548265883.201430 0.019615622 0.032262500 -0.079875603 -0.012429882 0.005734629 -0.007035850 0.999881566
1548265883.234950 0.027088441 0.032957718 -0.086694293 -0.013180091 0.003720563 -0.007373127 0.999879003
1548265883.268460 0.034830894 0.031056214 -0.092787474 -0.014532904 0.004311814 -0.007861063 0.999854207
1548265883.301800 0.017875422 0.041575577 -0.092764445 -0.013373109 0.007748837 -0.007067115 0.999855578
1548265883.335310 0.028260570 0.035661072 -0.097925745 -0.014487083 0.004541664 -0.007604237 0.999855816
1548265883.368830 0.037406605 0.029416839 -0.104321979 -0.015017971 0.005068379 -0.007676920 0.999844909
1548265883.402280 0.027730441 0.036094598 -0.105669029 -0.012902102 0.008904850 -0.005798610 0.999860287
1548265883.435790 0.027938498 0.035512350 -0.109408669 -0.011738789 0.007956094 -0.005413832 0.999884784
1548265883.469300 0.051783923 0.032747563 -0.119497009 -0.010744522 0.006645238 -0.004950297 0.999907970
1548265883.502820 0.039807729 0.039881676 -0.116936907 -0.008699218 0.011688027 -0.003549175 0.999887526
1548265883.536330 0.047862895 0.038280938 -0.122446731 -0.007900222 0.012965409 -0.002963729 0.999880373
1548265883.569820 0.070291899 0.030808259 -0.133546963 -0.008589520 0.016609205 -0.001061368 0.999824584
1548265883.603340 0.048608545 0.034268208 -0.126406625 -0.006853539 0.025932247 0.000325206 0.999640167
1548265883.636850 0.076308630 0.023926836 -0.134125262 -0.006546636 0.026481718 0.002213009 0.999625385
1548265883.670370 0.049162425 0.037062734 -0.132701635 -0.001837923 0.038967051 0.003576218 0.999232411
1548265883.703910 0.052617766 0.027508324 -0.136335105 -0.000797516 0.043864626 0.003682212 0.999030352
1548265883.737430 0.089185081 0.017208135 -0.146414295 -0.000003829 0.046294592 0.006097919 0.998909235
1548265883.770950 0.051690716 0.022705974 -0.145998865 0.003147088 0.061264310 0.007764940 0.998086393
1548265883.804530 0.057018686 0.022331338 -0.138344258 0.005264347 0.065898128 0.010037174 0.997761965
1548265883.838180 0.041535191 0.033910759 -0.133303493 0.009243672 0.073040523 0.012331178 0.997209907
1548265883.871940 0.051315542 0.024929095 -0.138544559 0.009592002 0.075048417 0.014563306 0.997027397
1548265883.905460 0.040093489 0.025179718 -0.132628351 0.011869963 0.080234095 0.016544675 0.996568024
1548265883.939000 0.050239556 0.022470091 -0.133615315 0.013726118 0.080704778 0.018057013 0.996479928
1548265883.972510 0.088942856 0.001946465 -0.143587187 0.012643371 0.081516735 0.019381259 0.996403277
1548265884.006030 0.042144291 0.022680057 -0.128380656 0.018183352 0.094498374 0.021177825 0.995133638
1548265884.039550 0.047389798 0.021188850 -0.125258625 0.020296512 0.095259778 0.021559102 0.995011985
1548265884.073060 0.055645775 0.017326897 -0.128115475 0.020832373 0.098555475 0.021785274 0.994674921
1548265884.106580 0.037439093 0.020918891 -0.119413085 0.022350123 0.103268504 0.021839254 0.994162560
1548265884.140090 0.062165227 0.017010015 -0.123427905 0.022274971 0.102629304 0.020614231 0.994256556
1548265884.173590 0.036449991 0.016849119 -0.114239752 0.022680927 0.112169847 0.021860149 0.993189633
1548265884.206970 0.031868104 0.018519739 -0.112275295 0.023875689 0.112829939 0.021187495 0.993101418
1548265884.240470 0.043743704 0.030294307 -0.111061379 0.025800947 0.114143841 0.020234931 0.992922962
1548265884.273990 0.023614710 0.045304760 -0.102818511 0.028066374 0.122170523 0.020582225 0.991898715
1548265884.307480 0.030519566 0.034247734 -0.105020478 0.025497198 0.122132525 0.020131165 0.991981983
1548265884.340990 0.050268147 0.028521357 -0.104129121 0.022865366 0.123374864 0.019858366 0.991897941
1548265884.374510 0.029822007 0.036792297 -0.094926417 0.021747118 0.131208524 0.019350180 0.990927339
1548265884.408030 0.047448579 0.025947601 -0.098842390 0.017896803 0.131707609 0.018975476 0.990945339
1548265884.441190 0.052886024 0.019292127 -0.096925363 0.014994266 0.139729574 0.019071912 0.989892423
1548265884.474710 0.023175124 0.025885018 -0.078668065 0.015231963 0.149328098 0.019222783 0.988483489
1548265884.508230 0.043763224 0.014810192 -0.094174698 0.013002051 0.149560332 0.019199815 0.988480687
1548265884.541970 0.048671417 0.017522968 -0.083591238 0.012411008 0.157898009 0.020625148 0.987161994
1548265884.575610 0.037807368 0.012245080 -0.075866319 0.011601449 0.166273966 0.022664536 0.985750854
1548265884.609120 0.033314817 0.009421336 -0.072479255 0.011168624 0.174047843 0.025817128 0.984335363
1548265884.642640 0.028529996 0.015394192 -0.069962949 0.013367691 0.180054128 0.029988930 0.983108580
1548265884.676150 0.027760141 -0.006466728 -0.071623504 0.010521027 0.186219305 0.033503085 0.981880426
1548265884.709670 0.038822848 0.001557982 -0.073821031 0.013072500 0.193021268 0.039172757 0.980325162
1548265884.743190 0.036433235 0.008690838 -0.071218036 0.015736829 0.200536460 0.044792857 0.978535175
1548265884.776700 0.049067151 0.000020123 -0.074080162 0.015852446 0.205555201 0.050020233 0.977237761
1548265884.810220 0.063018113 0.006707118 -0.088223122 0.017542033 0.212216899 0.055558715 0.975484252
1548265884.843710 0.055516176 0.004472524 -0.080626637 0.017897641 0.223231688 0.061858006 0.972636044
1548265884.877190 0.033862092 0.005019630 -0.063053638 0.018224197 0.234562919 0.068548411 0.969509780
1548265884.910640 0.022814423 -0.002615314 -0.058419343 0.017109148 0.242711157 0.073994242 0.967121184
1548265884.944160 0.012981541 0.008481018 -0.050400920 0.018723182 0.249705970 0.077853717 0.965005279
1548265884.977740 0.013139238 0.007969027 -0.051204056 0.018195421 0.254569769 0.082554862 0.963352382
1548265885.011250 0.009190122 0.012290119 -0.049235038 0.017715430 0.259572148 0.084941447 0.961817741
1548265885.044770 -0.009180055 0.007483436 -0.042774547 0.015839877 0.265685827 0.085727505 0.960109890
1548265885.078290 -0.004546619 0.007816914 -0.044384576 0.013532767 0.267942160 0.087081216 0.959396005
1548265885.111800 0.002836462 0.035089884 -0.051283926 0.015267518 0.270126224 0.086649716 0.958796382
1548265885.145320 -0.014802949 0.011647859 -0.044039346 0.009279965 0.278395981 0.089221783 0.956268311
1548265885.178890 -0.022314144 0.012622014 -0.042357989 0.009107236 0.282735258 0.092411056 0.954692602
1548265885.212670 -0.022526739 0.016772578 -0.045972135 0.009412268 0.286267161 0.095026135 0.953379512
1548265885.245870 -0.041956604 0.003882361 -0.036196571 0.007166172 0.293739051 0.098459467 0.950774252
1548265885.279380 -0.063573420 -0.008438931 -0.025879225 0.005685043 0.299613446 0.101285584 0.948652029
1548265885.312810 -0.046299104 0.004472475 -0.039004263 0.007533850 0.298354745 0.103256665 0.948823392
1548265885.346410 -0.045850918 0.004583126 -0.044796262 0.006593230 0.303195238 0.106347822 0.946952641
1548265885.380420 -0.059448760 -0.001863489 -0.033181001 0.005512853 0.309916526 0.109553665 0.944414794
1548265885.413960 -0.042108200 0.009389475 -0.050964072 0.006388295 0.310652047 0.111444250 0.943946362
1548265885.447470 -0.050215714 0.007991978 -0.038608242 0.004933538 0.320222020 0.114249676 0.940415084
1548265885.480990 -0.066497423 0.009660811 -0.033333886 0.004732679 0.327196479 0.115898266 0.937810063
1548265885.514510 -0.059023112 0.019684272 -0.035252217 0.004295015 0.331344515 0.117756389 0.936122715
1548265885.548020 -0.065428987 0.008083132 -0.024096269 0.001361052 0.337656617 0.119853012 0.933606684
1548265885.581520 -0.066229247 0.023362158 -0.027415918 0.002395591 0.341087192 0.121775821 0.932107508
1548265885.614860 -0.074033804 0.020555930 -0.021772455 0.000952858 0.346818030 0.123623654 0.929749191
1548265885.648370 -0.076940194 0.012077020 -0.014875576 -0.001023966 0.351264298 0.125324249 0.927850306
1548265885.681670 -0.074708521 0.001210793 -0.011372418 -0.003106966 0.354055107 0.126336485 0.926646888
1548265885.715190 -0.072825104 0.004316717 -0.011759438 -0.002876800 0.356645256 0.127356917 0.925513983
1548265885.748850 -0.076947071 -0.000333877 -0.008100773 -0.003925530 0.360531360 0.128393456 0.923859775
1548265885.782220 -0.073157988 0.001152414 -0.008076349 -0.004169400 0.364778757 0.130617931 0.921877444
1548265885.815880 -0.074519925 0.000679466 -0.005926823 -0.004279186 0.369224221 0.132868052 0.919783294
1548265885.849400 -0.079032369 -0.001776064 0.006003438 -0.004337902 0.375407904 0.135933638 0.916827202
1548265885.882880 -0.082644247 -0.006727874 0.011956100 -0.004015237 0.379913688 0.139299050 0.914464474
1548265885.916400 -0.083385549 -0.005670891 0.012801656 -0.002406407 0.383205920 0.142612949 0.912583649
1548265885.949930 -0.086106084 -0.006247593 0.015713938 -0.001070505 0.387235016 0.146677181 0.910238266
1548265885.983450 -0.091638550 -0.016753150 0.026172103 -0.001069141 0.391448975 0.150737673 0.907769084
1548265886.016980 -0.094759606 -0.010161295 0.028252449 0.001777834 0.394094288 0.153606310 0.906141043
1548265886.050490 -0.096544802 -0.015396944 0.031972345 0.002196381 0.396676481 0.156807706 0.904463530
1548265886.084010 -0.101485223 -0.021644233 0.037846144 0.002361549 0.399313390 0.160071120 0.902729452
1548265886.117600 -0.101617433 -0.025915647 0.044486996 0.003451741 0.400839448 0.163514420 0.901431561
1548265886.151160 -0.099611096 -0.029529376 0.045346990 0.005617754 0.401100874 0.166740015 0.900713205
1548265886.184730 -0.098397449 -0.030716700 0.042074278 0.007252091 0.400224000 0.167912573 0.900873721
1548265886.218240 -0.104907192 -0.032731246 0.050916031 0.009085190 0.403427631 0.170013979 0.899032176
1548265886.251770 -0.104063988 -0.021885185 0.048128314 0.013083405 0.402300447 0.171396375 0.899225473
1548265886.285280 -0.099648952 -0.028172772 0.044220615 0.013306972 0.403035492 0.172683761 0.898646533
1548265886.318790 -0.101415001 -0.041429773 0.051558215 0.013836724 0.406175613 0.174408481 0.896889985
1548265886.352310 -0.105137058 -0.037231963 0.051581796 0.016998360 0.407039762 0.174456030 0.896434486
1548265886.385830 -0.112488374 -0.038886409 0.057470325 0.019194148 0.409294486 0.174160928 0.895420313
1548265886.419490 -0.115207039 -0.042208306 0.058253199 0.021670680 0.410887778 0.174876764 0.894494116
1548265886.453000 -0.122518964 -0.044995472 0.060255405 0.024281155 0.412788659 0.175173372 0.893493295
1548265886.486520 -0.116316438 -0.035620335 0.040990915 0.026658036 0.412856668 0.173922449 0.893638432
1548265886.520030 -0.118374333 -0.021615226 0.044520952 0.030651830 0.419234693 0.174658805 0.890391469
1548265886.553550 -0.119633012 -0.026038662 0.043171916 0.032412998 0.420723975 0.175793439 0.889402807
1548265886.586910 -0.117875963 -0.049320091 0.034201983 0.030196367 0.425344527 0.177451238 0.886950552
1548265886.620090 -0.140952110 -0.030521462 0.064803571 0.036431130 0.435688525 0.178460374 0.881476104
1548265886.653600 -0.139362410 -0.043006979 0.058455259 0.036644753 0.437534750 0.178748652 0.880493820
1548265886.687120 -0.140294954 -0.046611823 0.058454428 0.037330225 0.444352448 0.181206644 0.876539528
1548265886.720630 -0.151114002 -0.062873058 0.067408189 0.037544906 0.449229836 0.186268672 0.872975886
1548265886.754150 -0.155906051 -0.070631303 0.070961073 0.036938217 0.453034043 0.186981902 0.870880842
1548265886.787670 -0.167718574 -0.060973536 0.076029457 0.037805881 0.460992515 0.187909693 0.866456330
1548265886.821180 -0.168024570 -0.067636497 0.078796901 0.037271492 0.464445680 0.190388367 0.864091039
1548265886.854700 -0.176700979 -0.060747363 0.085525766 0.037315179 0.469384193 0.189642563 0.861580968
1548265886.888210 -0.178150713 -0.061055385 0.097589590 0.036221504 0.476945281 0.192454979 0.856838524
1548265886.921730 -0.184686869 -0.072573073 0.098046035 0.034438107 0.481570512 0.195181325 0.853702605
1548265886.955230 -0.191270158 -0.069198303 0.094857670 0.033992104 0.486645937 0.195768058 0.850702703
1548265886.988750 -0.203497887 -0.062294446 0.110178933 0.034853637 0.494289160 0.196806967 0.846008539
1548265887.022280 -0.209078774 -0.081710339 0.111378871 0.032648347 0.497637153 0.200413942 0.843282640
1548265887.055800 -0.222982764 -0.079937175 0.117204830 0.033000913 0.503436208 0.199794427 0.839967310
1548265887.089320 -0.228184745 -0.092103101 0.121883869 0.031769730 0.507869244 0.202176780 0.836770058
1548265887.122870 -0.230403274 -0.094734453 0.119177468 0.031725761 0.510166943 0.202929556 0.835190237
1548265887.156400 -0.241480932 -0.093500033 0.124766089 0.032557420 0.514700532 0.203411326 0.832254291
1548265887.189910 -0.246293500 -0.097784355 0.134707198 0.033743899 0.516764522 0.204611897 0.830632150
1548265887.223460 -0.261982232 -0.096301518 0.145766839 0.034438998 0.521772385 0.205156237 0.827332139
1548265887.257080 -0.255625963 -0.106876001 0.143023387 0.034386404 0.522123337 0.209827185 0.825940251
1548265887.290490 -0.250790536 -0.086430594 0.148984537 0.037757199 0.521872878 0.209126934 0.826128960
1548265887.324010 -0.264924526 -0.116391167 0.137480617 0.033974349 0.524731934 0.214521378 0.823093414
1548265887.357520 -0.268230647 -0.117917515 0.146000087 0.034231342 0.527333379 0.217302397 0.820687115
1548265887.391040 -0.273433626 -0.106234655 0.147955641 0.035637911 0.526843369 0.217701718 0.820836067
1548265887.424660 -0.267217547 -0.097126767 0.151310623 0.035191949 0.526726127 0.217768371 0.820912957
1548265887.458180 -0.256837815 -0.109131135 0.144781202 0.031732585 0.527031422 0.219974637 0.820269525
1548265887.491690 -0.276228517 -0.106114447 0.162301198 0.033170406 0.530129313 0.219994575 0.818208396
1548265887.525210 -0.272882581 -0.103813492 0.159203961 0.032567564 0.530980945 0.218471617 0.818088472
1548265887.558720 -0.280804187 -0.111257829 0.173247740 0.032020278 0.534978688 0.218365297 0.815530002
1548265887.592200 -0.282473892 -0.113323420 0.181304991 0.032029714 0.536483884 0.217469335 0.814779878
1548265887.625650 -0.279377967 -0.112959296 0.179318473 0.031701405 0.537602425 0.216757238 0.814245045
1548265887.659100 -0.281717241 -0.113441147 0.189134002 0.032368738 0.540827334 0.217946380 0.811761916
1548265887.692610 -0.282218724 -0.116395913 0.203363135 0.033614449 0.542209208 0.219150603 0.810464203
1548265887.726110 -0.269145340 -0.113179222 0.188921258 0.034227096 0.540324092 0.220733166 0.811267734
1548265887.759600 -0.275250316 -0.111223929 0.201626599 0.034623723 0.543370128 0.221980184 0.808872581
1548265887.793080 -0.277125150 -0.120393805 0.217578471 0.034404125 0.547412455 0.225729793 0.805109918
1548265887.826460 -0.273917288 -0.119765118 0.221567899 0.034485426 0.547934294 0.226770073 0.804458916
1548265887.859920 -0.262969017 -0.115106650 0.228677616 0.034686387 0.549722612 0.229076564 0.802574456
1548265887.893440 -0.258401334 -0.120844260 0.233815059 0.034512341 0.551169574 0.232009068 0.800745189
1548265887.926950 -0.251840502 -0.118895777 0.239308640 0.034412887 0.552548528 0.233814493 0.799272597
1548265887.960470 -0.239701867 -0.118547179 0.238219127 0.034194343 0.554246366 0.236356482 0.797356486
1548265887.993980 -0.231596366 -0.133639038 0.248201668 0.033454217 0.557109892 0.239791945 0.794360876
1548265888.027500 -0.229245886 -0.130554765 0.257488966 0.034140486 0.559350193 0.240303144 0.792600870
1548265888.061020 -0.219486281 -0.136168331 0.265639514 0.034336358 0.561116874 0.242910579 0.790546238
1548265888.094560 -0.209287286 -0.138246372 0.267263889 0.034357507 0.562328577 0.244116262 0.789311945
1548265888.128110 -0.199173182 -0.140232012 0.265293956 0.033119600 0.565148354 0.246500507 0.786605358
1548265888.161670 -0.194281057 -0.133484304 0.288464427 0.032856479 0.572159290 0.246387839 0.781567097
1548265888.195670 -0.180228293 -0.146708652 0.292427719 0.031426352 0.576024652 0.249933645 0.777651072
1548265888.229180 -0.175801039 -0.135487035 0.307077646 0.033099577 0.579924405 0.249185085 0.774918616
1548265888.262700 -0.167720631 -0.147199094 0.313802719 0.031712268 0.584474623 0.251273662 0.770873070
1548265888.296210 -0.151363894 -0.159401521 0.318641454 0.031098276 0.586654723 0.253813297 0.768406093
1548265888.329730 -0.148690403 -0.159577727 0.326090276 0.031484183 0.590305746 0.253394514 0.765727818
1548265888.363320 -0.137948379 -0.152402729 0.337174684 0.033149857 0.594813287 0.253104419 0.762257457
1548265888.397010 -0.126616284 -0.164018288 0.341237634 0.032786205 0.597474396 0.255303860 0.759453356
1548265888.430530 -0.122035071 -0.160238788 0.339054495 0.033902224 0.599213779 0.254966319 0.758146226
1548265888.464040 -0.122723989 -0.160540476 0.348382235 0.033718284 0.604929805 0.254611015 0.753721595
1548265888.497380 -0.108162403 -0.168483153 0.354116559 0.033171628 0.607823610 0.257539928 0.750415385
1548265888.530830 -0.093884058 -0.174268946 0.348833352 0.032699704 0.607817352 0.258675933 0.750050366
1548265888.564200 -0.096604250 -0.157954425 0.371426195 0.034094609 0.613867819 0.254960060 0.746323824
1548265888.597340 -0.083537765 -0.170654729 0.366352677 0.032413151 0.616821587 0.258524776 0.742728353
1548265888.630850 -0.080940470 -0.169384211 0.380167305 0.032775428 0.621932209 0.258782238 0.738348007
1548265888.664370 -0.069569059 -0.174410373 0.382516563 0.031482905 0.625680029 0.259596318 0.734944284
1548265888.697880 -0.069411874 -0.170479089 0.398862779 0.032049827 0.631484330 0.259514004 0.729967654
1548265888.731560 -0.058897160 -0.168124393 0.406336159 0.031686161 0.636597693 0.260356307 0.725226820
1548265888.765210 -0.057812110 -0.166563094 0.413659662 0.030903902 0.642178178 0.259977162 0.720460951
1548265888.798810 -0.068181023 -0.167685628 0.455752164 0.029971829 0.653745532 0.259305418 0.710267007
1548265888.832330 -0.043834418 -0.189769194 0.440723658 0.025106492 0.658440113 0.265786290 0.703693092
1548265888.865760 -0.024013625 -0.204088256 0.438717037 0.022519609 0.661255717 0.270659685 0.699268997
1548265888.899140 -0.031308591 -0.198367968 0.449773729 0.022950280 0.667916119 0.272476077 0.692183614
1548265888.932500 -0.014862710 -0.202436849 0.462594122 0.021919250 0.675506294 0.277606517 0.682748437
1548265888.966010 0.003488705 -0.215081841 0.465188503 0.019769462 0.679865181 0.282872468 0.676295578
1548265888.999530 -0.005402833 -0.204760045 0.482597083 0.021681825 0.688277006 0.284300387 0.667066693
1548265889.033040 0.014804530 -0.204227969 0.468583941 0.021160655 0.692805946 0.290514529 0.659676731
1548265889.066720 0.014644938 -0.189627349 0.475407273 0.022617277 0.700585186 0.292235881 0.650589764
1548265889.100280 -0.007466383 -0.151252836 0.471431851 0.026310433 0.707770944 0.291010857 0.643180132
1548265889.133880 0.037939437 -0.184938386 0.518092513 0.023374682 0.720819652 0.298725098 0.625008762
1548265889.167490 0.069246992 -0.224481940 0.490095824 0.018821385 0.721763253 0.308689445 0.619204581
1548265889.200830 0.073883034 -0.225115985 0.496614277 0.019775962 0.727463841 0.310140014 0.611733913
1548265889.234310 0.083830215 -0.234663904 0.497620255 0.020738708 0.732735515 0.312641412 0.604089379
1548265889.267630 0.084448233 -0.231878370 0.491905987 0.023551889 0.736914098 0.312602729 0.598901093
1548265889.301080 0.084540404 -0.237980515 0.500931919 0.023321060 0.743640542 0.311481833 0.591129422
1548265889.334590 0.099535421 -0.252682805 0.500155628 0.023569793 0.748590052 0.312843353 0.584111691
1548265889.368180 0.091385685 -0.251122296 0.514644504 0.025720958 0.755938292 0.309808940 0.576119900
1548265889.401890 0.096330322 -0.259195685 0.508140802 0.028618852 0.758939683 0.313398570 0.570063889
1548265889.435440 0.097175881 -0.257589132 0.504610658 0.031149145 0.759613812 0.312596053 0.569473624
1548265889.468960 0.100619651 -0.267482668 0.507277787 0.030420192 0.761667848 0.313397676 0.566320181
1548265889.502470 0.102716975 -0.266571969 0.502535701 0.031667110 0.762066841 0.315064967 0.564787924
1548265889.535990 0.105832033 -0.264995933 0.504258573 0.030360319 0.763253629 0.314206630 0.563734293
1548265889.569470 0.116216280 -0.271995217 0.507582843 0.027809355 0.765538394 0.315200806 0.560201764
1548265889.602790 0.124968782 -0.272631913 0.510046661 0.025313130 0.767402112 0.314697117 0.558049262
1548265889.636240 0.124697268 -0.255546063 0.524363577 0.023032263 0.772238135 0.310726941 0.553684533
1548265889.669650 0.141947687 -0.266641498 0.525392771 0.018863885 0.775061965 0.313276410 0.548435032
1548265889.703150 0.151024893 -0.262973726 0.535503864 0.016755059 0.777515411 0.312558562 0.545432150
1548265889.736660 0.166679516 -0.263827741 0.542754114 0.012954950 0.780246198 0.312642187 0.541574478
1548265889.770170 0.178160191 -0.268722236 0.538891494 0.011572551 0.780898690 0.315778226 0.538838923
1548265889.803680 0.189863160 -0.269157082 0.545094728 0.008611165 0.783081472 0.315683991 0.535773098
1548265889.837200 0.199960098 -0.266235888 0.548185229 0.006890661 0.785460114 0.317046642 0.531494439
1548265889.870680 0.209136337 -0.263201743 0.544134676 0.006555970 0.786145985 0.319605440 0.528945863
1548265889.904200 0.229950398 -0.272551596 0.544206738 0.002169235 0.788190007 0.320873141 0.525159240
1548265889.937710 0.245883003 -0.275843322 0.542120218 0.000773647 0.790610790 0.323740184 0.519736826
1548265889.971260 0.249612838 -0.256590337 0.535490453 0.005815473 0.790711999 0.326043844 0.518108249
1548265890.004790 0.272801459 -0.273768455 0.560060501 -0.000116567 0.796046257 0.325007230 0.510568857
1548265890.038340 0.268426746 -0.236279160 0.530755460 0.003796779 0.797879994 0.324403763 0.508070052
1548265890.071860 0.283188164 -0.229912579 0.513948202 0.007593513 0.798890591 0.329769880 0.502959192
1548265890.105380 0.297098398 -0.234830111 0.528081834 0.005035692 0.803054810 0.329610884 0.496421516
1548265890.138920 0.308135718 -0.228499979 0.524705887 0.004034101 0.806155324 0.331015438 0.490434647
1548265890.172490 0.322261900 -0.229419902 0.522104979 0.003131927 0.809622586 0.333810389 0.482775390
1548265890.206090 0.336270571 -0.218335986 0.526854694 0.003003232 0.814372599 0.334353894 0.474337131
1548265890.239610 0.358037323 -0.224525690 0.527473211 -0.000575583 0.819419265 0.337018222 0.463649094
1548265890.273280 0.367445320 -0.210145444 0.512475729 0.002229869 0.821797073 0.340757310 0.456649899
1548265890.307030 0.373839855 -0.203225464 0.504009724 0.003046553 0.823951542 0.343251407 0.450858176
1548265890.340580 0.380402327 -0.192970395 0.501781166 0.003624573 0.826694667 0.344559103 0.444794208
1548265890.374130 0.396765172 -0.197112754 0.492145061 0.001341113 0.829228103 0.348292708 0.437116802
1548265890.407670 0.438107491 -0.223864824 0.530070484 -0.003271479 0.836993694 0.352607399 0.418448180
1548265890.441260 0.445008576 -0.218032658 0.520553291 -0.002031538 0.839272320 0.355136544 0.411698788
1548265890.474700 0.452639490 -0.216742426 0.506651998 -0.001892800 0.840654254 0.358450353 0.405968189
1548265890.508220 0.464708745 -0.208986342 0.512858629 -0.002201058 0.844273269 0.359480441 0.397456437
1548265890.541740 0.474510789 -0.216390118 0.499767840 -0.003627625 0.845399678 0.364477515 0.390438676
1548265890.575280 0.484786421 -0.210152358 0.497994274 -0.006316363 0.848477483 0.365434259 0.382758170
1548265890.608840 0.496578246 -0.199099109 0.490814447 -0.005785586 0.851263344 0.368402123 0.373626977
1548265890.642360 0.499251902 -0.200779364 0.470890969 -0.006654693 0.851528108 0.371973068 0.369447798
1548265890.675870 0.502882123 -0.181579039 0.475914210 -0.008542486 0.855831325 0.369562298 0.361805856
1548265890.709400 0.517922938 -0.183230311 0.469566137 -0.011126754 0.858846843 0.372816145 0.351093143
1548265890.742920 0.526465118 -0.171442598 0.475529522 -0.012661820 0.863353431 0.372813851 0.339809358
1548265890.776420 0.499210119 -0.210282668 0.368829429 -0.019402865 0.854746103 0.388358653 0.343817055
1548265890.809910 0.500351787 -0.203943118 0.366955698 -0.021932034 0.858709514 0.390085340 0.331617743
1548265890.843410 0.526462615 -0.202485532 0.368794560 -0.023237649 0.862280965 0.394912839 0.316188931
1548265890.876930 0.527578831 -0.191866666 0.344092757 -0.022537000 0.862681031 0.399737418 0.309004128
1548265890.910430 0.535950184 -0.183622047 0.338448912 -0.021413881 0.865188777 0.403419733 0.297056019
1548265890.943930 0.551321328 -0.179229453 0.334453076 -0.020698395 0.867649615 0.407135010 0.284599394
1548265890.977410 0.562332928 -0.166945577 0.332717270 -0.018836360 0.870466173 0.408429176 0.274079263
1548265891.010920 0.621298730 -0.172579095 0.357046038 -0.020928215 0.875533521 0.410798877 0.253470451
1548265891.044310 0.639603019 -0.165632963 0.360860378 -0.018955780 0.878326178 0.412461579 0.240955040
1548265891.077790 0.647966564 -0.167051733 0.351246953 -0.017956492 0.878796101 0.415073633 0.234752744
1548265891.111210 0.639815629 -0.163723320 0.334287375 -0.015057755 0.878539085 0.418483555 0.229812518
1548265891.144720 0.659041345 -0.153288454 0.338910282 -0.012287155 0.879774153 0.419018894 0.224208936
1548265891.178180 0.647070527 -0.159254819 0.316703379 -0.014169854 0.878575563 0.420271039 0.226443052
1548265891.211530 0.669506550 -0.158344209 0.310106337 -0.015376441 0.879754245 0.422524333 0.217414707
1548265891.245000 0.686634421 -0.151287079 0.331394196 -0.014154383 0.882797241 0.419267535 0.211384460
1548265891.278480 0.673565984 -0.155117974 0.326586097 -0.014781126 0.883423865 0.418372482 0.210495293
1548265891.312000 0.684705019 -0.144491613 0.323915303 -0.012803969 0.884581387 0.419123918 0.204173788
1548265891.345540 0.690123618 -0.144648358 0.315935493 -0.013124482 0.884587407 0.419672787 0.202996448
1548265891.379110 0.674880445 -0.140055507 0.304991841 -0.014051531 0.885286570 0.419375628 0.200485289
1548265891.412580 0.706412673 -0.132161722 0.311343551 -0.012242219 0.886999965 0.420744330 0.189882517
1548265891.446060 0.696467638 -0.131917879 0.298340708 -0.011732548 0.886580586 0.420946687 0.191418633
1548265891.479570 0.698498726 -0.124605820 0.296950430 -0.011194530 0.887692571 0.421284407 0.185461774
1548265891.513080 0.716553628 -0.118319161 0.296157330 -0.010818465 0.888162553 0.422374398 0.180693462
1548265891.546610 0.712468624 -0.114866719 0.287738800 -0.010550059 0.887679100 0.423314929 0.180884048
1548265891.580130 0.716270387 -0.110383533 0.282085001 -0.011723327 0.888028681 0.425224125 0.174505100
1548265891.613670 0.740619540 -0.102523640 0.280637115 -0.008002263 0.887453496 0.429519475 0.166958973
1548265891.647190 0.755214155 -0.103206620 0.271484852 -0.007931895 0.885917902 0.431369394 0.170314357
1548265891.680700 0.757215381 -0.096721724 0.266657948 -0.007770751 0.885578454 0.431790918 0.171017736
1548265891.714190 0.765832782 -0.080777124 0.267329991 -0.002951127 0.885130703 0.431884021 0.173237205
1548265891.747690 0.769510627 -0.081921376 0.253043562 -0.003560938 0.882889330 0.433296353 0.180964008
1548265891.781220 0.772628367 -0.072517313 0.245796874 -0.002556681 0.881817937 0.434005708 0.184471175
1548265891.814810 0.775257468 -0.059542328 0.238152757 0.001849551 0.879762471 0.435102195 0.191574082
1548265891.848320 0.786932707 -0.058251314 0.222932279 -0.001473227 0.877670109 0.435936511 0.199129015
1548265891.881840 0.796051502 -0.050488364 0.214130595 -0.002476999 0.876388013 0.436311454 0.203887746
1548265891.915370 0.806896806 -0.041982092 0.209655136 -0.003513021 0.875404119 0.436599165 0.207452476
1548265891.948950 0.813293338 -0.035302375 0.199760139 -0.005906390 0.873980880 0.436677128 0.213156477
1548265891.982480 0.825237691 -0.030120162 0.188416466 -0.009610829 0.872992039 0.437274814 0.215831652
1548265892.016020 0.844171762 -0.022483142 0.176875129 -0.011034798 0.871890545 0.438686550 0.217345983
1548265892.049560 0.851653337 -0.020542147 0.162292525 -0.015110047 0.870556474 0.438902706 0.221962959
1548265892.083090 0.862742484 -0.011291767 0.156899244 -0.016079638 0.870287240 0.439128369 0.222503588
1548265892.116610 0.868950784 -0.007337063 0.141150922 -0.018665897 0.868788362 0.439496577 0.227378830
1548265892.150120 0.877101839 0.000360942 0.135658771 -0.020773159 0.869052231 0.439091057 0.226970717
1548265892.183650 0.887389481 0.010701187 0.132366702 -0.020185888 0.869117081 0.438592881 0.227737248
1548265892.217160 0.891708672 0.009905359 0.116929539 -0.023612086 0.867745459 0.439360380 0.231133774
1548265892.250680 0.900576651 0.022604745 0.113828503 -0.022820884 0.868168414 0.439217985 0.229892015
1548265892.284700 0.907458186 0.030648774 0.105764791 -0.020782109 0.867081225 0.439749062 0.233150214
1548265892.318240 0.918876886 0.032310870 0.096026234 -0.024537053 0.866454303 0.439004660 0.236494794
1548265892.351750 0.925286889 0.045778222 0.096613236 -0.021451553 0.867179215 0.437918067 0.236151993
1548265892.385270 0.929544508 0.053683802 0.092548780 -0.020024452 0.866416097 0.436701149 0.241276428
1548265892.418790 0.937158406 0.052944839 0.078930691 -0.022204494 0.864940643 0.437552869 0.244810387
1548265892.452280 0.940506876 0.065193579 0.078403339 -0.018886819 0.864709318 0.437008381 0.246869951
1548265892.485800 0.940154850 0.065677434 0.067078874 -0.019086825 0.862525940 0.437557101 0.253433377
1548265892.519220 0.948082387 0.071566381 0.063884035 -0.019341795 0.861856043 0.437978953 0.254959792
1548265892.552740 0.944325209 0.083424993 0.064927302 -0.014623147 0.860642135 0.437857479 0.259542108
1548265892.586340 0.949542701 0.081720129 0.053815041 -0.015550818 0.857645869 0.439800382 0.266040236
1548265892.619770 0.956108689 0.087431893 0.047607165 -0.015970748 0.856060803 0.441699326 0.267967463
1548265892.653290 0.962054551 0.100190349 0.052333146 -0.011762572 0.854507446 0.442646086 0.271556914
1548265892.686800 0.965102315 0.097528197 0.035356853 -0.013495961 0.850525975 0.446201652 0.278078228
1548265892.720320 0.971792817 0.105840400 0.031350523 -0.012525857 0.848652899 0.448494643 0.280149937
1548265892.753840 0.974931717 0.113170214 0.027900726 -0.011622337 0.845886230 0.450216204 0.285738975
1548265892.787340 0.985006571 0.111488812 0.017570565 -0.015672864 0.842717052 0.453121722 0.290281057
1548265892.820710 0.991192639 0.123897560 0.022051232 -0.014532435 0.841686666 0.453774571 0.292303085
1548265892.854220 0.995653689 0.128731310 0.017302422 -0.015022021 0.839082420 0.454533368 0.298520476
1548265892.887740 1.000437379 0.131162435 0.012741014 -0.016876448 0.836441457 0.455838770 0.303795725
1548265892.921260 1.010179162 0.146202579 0.022212885 -0.016166080 0.835649550 0.455061972 0.307159841
1548265892.954790 1.011042237 0.137413785 0.006197020 -0.021551199 0.829832017 0.458581060 0.317203075
1548265892.988290 1.023401022 0.145984367 0.009662713 -0.024504224 0.827912986 0.460254520 0.319570690
1548265893.021750 1.019131064 0.162244573 0.007343069 -0.023313988 0.823791027 0.461688370 0.328129083
1548265893.055180 1.032039881 0.164015144 -0.002314975 -0.028925864 0.818528652 0.465368092 0.335569233
1548265893.088680 1.036117673 0.175777093 0.005125766 -0.030813873 0.815365374 0.466090590 0.342037112
1548265893.122210 1.045048118 0.180693522 0.006026600 -0.035023585 0.810643196 0.468633890 0.349303961
1548265893.155710 1.056895614 0.183010712 0.005743205 -0.040669911 0.806451738 0.470900744 0.355294287
1548265893.189220 1.055214167 0.194656730 0.018504309 -0.039124522 0.803316653 0.470151871 0.363467783
1548265893.222720 1.063442588 0.193425074 0.005567382 -0.045726247 0.796147525 0.472538680 0.375187129
1548265893.256230 1.075726390 0.198598549 0.013597659 -0.049385011 0.793565810 0.474149942 0.378148586
1548265893.289750 1.073362827 0.208692759 0.020402668 -0.045999538 0.789098442 0.473127097 0.389048129
1548265893.323280 1.091462731 0.204568207 0.016683578 -0.054138418 0.784077585 0.474388987 0.396543086
1548265893.356810 1.094787598 0.210430086 0.023273844 -0.053971216 0.782265723 0.474597096 0.399881244
1548265893.390310 1.097237945 0.217376545 0.039804012 -0.050055768 0.779048145 0.472552150 0.408989996
1548265893.423830 1.108385921 0.216825500 0.038101647 -0.055323627 0.774251878 0.471219748 0.418837965
1548265893.457350 1.113118410 0.218904525 0.050328236 -0.056416530 0.773377657 0.470124781 0.421529144
1548265893.490860 1.113563299 0.219922632 0.053985778 -0.054255988 0.768085182 0.468957990 0.432642907
1548265893.524340 1.116818786 0.219065189 0.057810880 -0.056872111 0.763580859 0.466727078 0.442578435
1548265893.557850 1.120204687 0.220762044 0.066908963 -0.057057064 0.761914730 0.465319782 0.446886927
1548265893.591400 1.124394059 0.220675498 0.069881290 -0.055975556 0.756464303 0.463626415 0.457907230
1548265893.624890 1.128738284 0.225964054 0.071277417 -0.057965711 0.752772033 0.460347176 0.466963291
1548265893.658400 1.122935772 0.226643249 0.078668594 -0.054347284 0.749393284 0.457906395 0.475160778
1548265893.691890 1.147317410 0.223416701 0.097394608 -0.056835551 0.746065617 0.454761624 0.483060747
1548265893.725430 1.154392838 0.223684594 0.104041472 -0.058627475 0.743855298 0.451765418 0.489029855
1548265893.758920 1.152828574 0.211313248 0.121157207 -0.055888314 0.740968227 0.448891908 0.496325135
1548265893.792430 1.153649449 0.221397460 0.119648248 -0.055630427 0.736016512 0.443233430 0.508654177
1548265893.825950 1.156745315 0.216279775 0.128888518 -0.057963163 0.735675037 0.439385563 0.512213588
1548265893.859450 1.156544447 0.210648641 0.139379665 -0.058539696 0.734315276 0.435373366 0.517498076
1548265893.892940 1.149264336 0.210768238 0.141215205 -0.057723001 0.731330454 0.430380344 0.525924504
1548265893.926460 1.153557301 0.202781603 0.147042826 -0.059818186 0.730473459 0.427536607 0.529190600
1548265893.959970 1.151618600 0.199711204 0.149003223 -0.059211675 0.727941036 0.423973322 0.535576761
1548265893.993490 1.162777781 0.187225357 0.157863781 -0.062948860 0.728053212 0.421924025 0.536615312
1548265894.027010 1.163990021 0.178807765 0.163679034 -0.063352577 0.728438556 0.419676125 0.537806273
1548265894.060510 1.162360549 0.173350304 0.164223716 -0.061533846 0.726599514 0.417428344 0.542236388
1548265894.094000 1.157930732 0.169648960 0.176448837 -0.061111514 0.728593290 0.412853569 0.543110609
1548265894.127430 1.163763404 0.161855817 0.164983824 -0.057882316 0.724640787 0.415403247 0.546795666
1548265894.160950 1.157111168 0.160232216 0.171944991 -0.056488693 0.723106444 0.411295772 0.552052379
1548265894.194190 1.154071927 0.156107441 0.179624513 -0.056247696 0.724177539 0.409779131 0.551800787
1548265894.227710 1.157772064 0.149581254 0.169621691 -0.053634860 0.720000207 0.412780315 0.555279553
1548265894.261220 1.155598998 0.147881836 0.173963785 -0.053588815 0.717706263 0.410278201 0.560087264
1548265894.294740 1.155937791 0.143326670 0.183199748 -0.054435741 0.718631029 0.408789724 0.559908152
1548265894.328360 1.159685850 0.138849378 0.172638983 -0.052057765 0.714112818 0.410804302 0.564422488
1548265894.361920 1.154460192 0.136648461 0.183672667 -0.053225096 0.713340282 0.406168431 0.568629801
1548265894.395560 1.156799316 0.131431445 0.190611392 -0.055169456 0.714169204 0.404758036 0.568409681
1548265894.429080 1.161461830 0.120092250 0.186960697 -0.053563785 0.711233974 0.407003611 0.570635736
1548265894.462460 1.155660987 0.123563819 0.194278419 -0.053020082 0.709567010 0.401324570 0.576751351
1548265894.495940 1.158707380 0.114818454 0.200703278 -0.054556437 0.710228264 0.399389356 0.577137351
1548265894.529350 1.167471647 0.102276556 0.185375616 -0.052847859 0.705141425 0.402497411 0.581359148
1548265894.562970 1.162335038 0.100439191 0.194327310 -0.050353542 0.702901781 0.397004247 0.588031709
1548265894.596530 1.161382079 0.093693189 0.206439808 -0.050900258 0.704672337 0.393102705 0.588486433
1548265894.630040 1.165330529 0.085490718 0.193145156 -0.049279366 0.700379491 0.394304752 0.592928231
1548265894.663670 1.165974975 0.078002043 0.194061279 -0.047698043 0.696576715 0.391668499 0.599250853
1548265894.697250 1.162089229 0.075741343 0.205609217 -0.047478739 0.697444201 0.386347681 0.601708293
1548265894.730770 1.169427276 0.061150141 0.198820278 -0.044998325 0.693689466 0.387980461 0.605178714
1548265894.764280 1.158325195 0.066074848 0.201075464 -0.041528746 0.689819634 0.380911440 0.614272535
1548265894.797780 1.162592649 0.057849474 0.203088194 -0.042529292 0.690457523 0.378477484 0.614991426
1548265894.831250 1.165324926 0.050521176 0.190187708 -0.038935620 0.686013341 0.378488600 0.620174229
1548265894.864670 1.168091416 0.042088952 0.198841706 -0.038115088 0.684271276 0.374291718 0.624680519
1548265894.898180 1.160730958 0.042868674 0.211733311 -0.036435965 0.686113417 0.367534280 0.626768947
1548265894.931800 1.158739567 0.044220958 0.199610218 -0.030085742 0.683172047 0.366604984 0.630849838
1548265894.965360 1.156436443 0.038153704 0.199208394 -0.026133439 0.678572476 0.362362087 0.638396561
1548265894.998900 1.161522985 0.023907194 0.208451614 -0.026541503 0.679574370 0.360298365 0.638481975
1548265895.032410 1.158445120 0.026810732 0.201109245 -0.020823894 0.676508427 0.358598590 0.642891705
1548265895.065910 1.160468340 0.024133980 0.191737771 -0.016985523 0.669324100 0.356280118 0.651752412
1548265895.099380 1.164772272 0.007894324 0.221721783 -0.020332858 0.673754334 0.352410227 0.649190784
1548265895.132890 1.167491198 0.004357555 0.211069107 -0.018122593 0.671051860 0.353755265 0.651320279
1548265895.166460 1.172606468 0.002345591 0.199339628 -0.015226590 0.663961649 0.353812069 0.658589482
1548265895.199970 1.178134203 -0.008206383 0.223663360 -0.018589821 0.665520430 0.349915236 0.659011602
1548265895.233600 1.180135131 -0.007412130 0.215941459 -0.015802069 0.662647545 0.350539565 0.661642313
1548265895.267120 1.184286833 -0.008555027 0.194923356 -0.009546951 0.654086769 0.352503866 0.669193804
1548265895.300640 1.193370461 -0.023071909 0.222171575 -0.008849971 0.653668284 0.347980767 0.671973825
1548265895.334150 1.202692628 -0.038852420 0.234197423 -0.008800758 0.655546963 0.345222235 0.671567082
1548265895.367700 1.198821068 -0.032928567 0.211184517 -0.000351659 0.649807394 0.342638522 0.678490341
1548265895.401220 1.197507620 -0.037102059 0.225111365 0.005657050 0.648757756 0.336131126 0.682713151
1548265895.434700 1.202015162 -0.058687173 0.235885277 0.006821746 0.650361896 0.332319379 0.683042228
1548265895.467870 1.192586780 -0.050520100 0.214127705 0.016413748 0.644314587 0.327100545 0.691082120
1548265895.501390 1.197005987 -0.069446206 0.225102738 0.017977206 0.642736971 0.320754081 0.695473075
1548265895.534900 1.206217289 -0.085458077 0.215296373 0.017434519 0.639883041 0.316751152 0.699938893
1548265895.568420 1.206581354 -0.092457652 0.211426318 0.019969825 0.636779368 0.312452495 0.704618096
1548265895.601970 1.202598095 -0.096087806 0.210212216 0.023639623 0.632588089 0.306414783 0.710903287
1548265895.635440 1.208526254 -0.114085019 0.210842043 0.021696201 0.629605472 0.302301615 0.715360045
1548265895.668930 1.212981105 -0.128497168 0.220073834 0.021735599 0.629974425 0.299535304 0.716197193
1548265895.702450 1.212306499 -0.134753168 0.223951742 0.024235755 0.629568696 0.296390206 0.717780471
1548265895.735960 1.214145541 -0.143868297 0.216549158 0.026476173 0.625476301 0.295669973 0.721566141
1548265895.769480 1.216316938 -0.150061041 0.224635050 0.028754817 0.624753654 0.294542223 0.722565532
1548265895.803020 1.215876698 -0.151456118 0.216121778 0.032736991 0.620138288 0.293273091 0.726875305
1548265895.836560 1.220423937 -0.158672959 0.209872112 0.035553843 0.614722311 0.293062776 0.731414080
1548265895.870050 1.223883748 -0.172561318 0.214536652 0.035933319 0.612603903 0.292536378 0.733381093
1548265895.903560 1.228429079 -0.187039807 0.214116246 0.037240162 0.609918654 0.294553488 0.734745324
1548265895.937080 1.230373263 -0.191952139 0.210177422 0.040245514 0.604158998 0.293971151 0.739562809
1548265895.970620 1.236706257 -0.200499535 0.212579384 0.041526236 0.599806786 0.293863833 0.743068933
1548265896.004140 1.238324642 -0.196054146 0.205409080 0.045905214 0.591331422 0.291967034 0.750316620
1548265896.037650 1.240524888 -0.206563786 0.206091926 0.046458282 0.583540857 0.290559411 0.756899536
1548265896.071170 1.247403741 -0.218579903 0.209950402 0.044713698 0.578858435 0.290097564 0.760767341
1548265896.104690 1.252089262 -0.216193363 0.202673212 0.046631664 0.568614662 0.287174910 0.769437134
1548265896.138210 1.257851720 -0.224264011 0.206170395 0.046469621 0.559538186 0.283733577 0.777337015
1548265896.171800 1.277512789 -0.242347568 0.202280983 0.041549318 0.547668695 0.282907665 0.786317945
1548265896.205310 1.281609535 -0.246069521 0.210559532 0.040140271 0.538698196 0.276513278 0.794816554
1548265896.238830 1.283346772 -0.249699548 0.216462955 0.039264940 0.530048847 0.270338506 0.802759945
1548265896.272350 1.286988854 -0.253698885 0.226025730 0.037431229 0.521378398 0.262853622 0.810969472
1548265896.306000 1.283229470 -0.256048113 0.240012705 0.034197189 0.515850186 0.253477633 0.817605197
1548265896.339380 1.287422419 -0.260039300 0.247819841 0.029710261 0.508780599 0.245476067 0.824621797
1548265896.372900 1.289692402 -0.261338443 0.256690681 0.025706610 0.502025425 0.236923352 0.831370533
1548265896.406410 1.282142282 -0.267636001 0.268490374 0.022983655 0.496040314 0.229611233 0.837074935
1548265896.439920 1.277285695 -0.284242630 0.285116255 0.018050343 0.491677344 0.227011576 0.840472102
1548265896.473440 1.282321572 -0.277617544 0.294585943 0.014891853 0.485597134 0.218032926 0.846424997
1548265896.506960 1.285781026 -0.285946280 0.298556685 0.011064315 0.478459418 0.215924203 0.851076305
1548265896.540470 1.278401017 -0.284528792 0.314748824 0.008017184 0.471498907 0.207989708 0.856950879
1548265896.573990 1.259812832 -0.277709574 0.330423445 0.005099562 0.469493121 0.200383231 0.859881818
1548265896.607390 1.269819856 -0.280360967 0.335955113 0.000414491 0.462715715 0.199161530 0.863845289
1548265896.640900 1.273240924 -0.279078722 0.341911227 -0.003388728 0.453735679 0.195776194 0.869358480
1548265896.674410 1.265584588 -0.275338024 0.350244820 -0.006969810 0.447787166 0.190878794 0.873500645
1548265896.707930 1.260092497 -0.273201615 0.363211423 -0.010949308 0.442770690 0.187889770 0.876659393
1548265896.741440 1.264345407 -0.269805461 0.369967580 -0.014363780 0.436026573 0.186144859 0.880354822
1548265896.774970 1.265691876 -0.265974075 0.380275130 -0.017356576 0.429930151 0.182727396 0.884007633
1548265896.808290 1.266249537 -0.262686044 0.387138337 -0.020006059 0.425445467 0.179995805 0.886677742
1548265896.841960 1.272486806 -0.265543252 0.391564876 -0.023105145 0.419563293 0.180201232 0.889359474
1548265896.875480 1.265964389 -0.259755522 0.397572100 -0.024113033 0.414475858 0.176992625 0.892357528
1548265896.908990 1.270492792 -0.253908306 0.400089443 -0.025598485 0.409373671 0.174501792 0.895157576
1548265896.942440 1.276725531 -0.259450406 0.402454674 -0.028115574 0.402728200 0.175105691 0.897974133
1548265896.975870 1.265078306 -0.251563013 0.410840869 -0.028723663 0.399537772 0.170542374 0.900255442
1548265897.009390 1.270400167 -0.255605102 0.414757401 -0.031359684 0.396262795 0.170727476 0.901578903
1548265897.042990 1.268796921 -0.252218306 0.418690443 -0.032354519 0.390904427 0.168196127 0.904354453
1548265897.076510 1.267917275 -0.244101822 0.422963411 -0.033099778 0.387430996 0.164279148 0.906539559
1548265897.110030 1.264239669 -0.248378441 0.428337842 -0.035283446 0.385316342 0.164120913 0.907386780
1548265897.143540 1.258895278 -0.244596869 0.435184687 -0.036125254 0.382416427 0.161627382 0.909026504
1548265897.177060 1.260874987 -0.237285450 0.434312344 -0.036374040 0.378966123 0.159859702 0.910772502
1548265897.210570 1.250811696 -0.233457059 0.442789793 -0.037405636 0.378851056 0.158346802 0.911042809
1548265897.244020 1.248850465 -0.232191741 0.447830886 -0.039237805 0.377041578 0.157171085 0.911919594
1548265897.277540 1.253072381 -0.230723128 0.448400438 -0.040584169 0.373586178 0.157219887 0.913273335
1548265897.311050 1.248010039 -0.225876287 0.451797009 -0.041482575 0.371889979 0.156133354 0.914111257
1548265897.344550 1.251743555 -0.225104392 0.452922493 -0.043848738 0.369342387 0.155629456 0.915119112
1548265897.377990 1.246049762 -0.221110642 0.458890349 -0.045077987 0.368275285 0.155231431 0.915556908
1548265897.411500 1.246859193 -0.219999090 0.461124212 -0.046707489 0.365448624 0.154441759 0.916740656
1548265897.445020 1.252698541 -0.215918377 0.461627364 -0.047278993 0.361961395 0.153450683 0.918260038
1548265897.478530 1.249300361 -0.215456933 0.464514524 -0.047831923 0.360325575 0.152609259 0.919014692
1548265897.512050 1.248515606 -0.219819322 0.465768725 -0.048770413 0.356974661 0.153848141 0.920065880
1548265897.545570 1.245940208 -0.211266816 0.469290495 -0.047412802 0.351615250 0.152178153 0.922475219
1548265897.579080 1.243650317 -0.208649606 0.470098257 -0.047772098 0.347809643 0.150707141 0.924139380
1548265897.612600 1.235846996 -0.213853136 0.477271825 -0.049166784 0.344980091 0.151291713 0.925030887
1548265897.646100 1.235490680 -0.208598480 0.474965930 -0.049349625 0.338537246 0.149017721 0.927766562
1548265897.679600 1.234828472 -0.211935505 0.475469768 -0.051422708 0.334029257 0.147788897 0.929482937
1548265897.713120 1.233412981 -0.216147557 0.480253428 -0.052962162 0.329766095 0.147714153 0.930929542
1548265897.746640 1.220266223 -0.208240047 0.483150274 -0.051392384 0.322730213 0.145903349 0.933764577
1548265897.780160 1.228905201 -0.204418376 0.479142100 -0.051855117 0.314004928 0.143969968 0.937008321
1548265897.813760 1.225566030 -0.200864568 0.486505508 -0.051754363 0.309687167 0.142670542 0.938648224
1548265897.847450 1.227860332 -0.197216734 0.485121578 -0.051374774 0.299672246 0.140398547 0.942255497
1548265897.880960 1.222574949 -0.188925847 0.481465459 -0.051150776 0.292435944 0.135725930 0.945221245
1548265897.914480 1.216606021 -0.192886546 0.484457850 -0.053248882 0.289814532 0.134463534 0.946092844
1548265897.948000 1.190512180 -0.196680680 0.502893150 -0.054772515 0.288072735 0.131764308 0.946917236
1548265897.981670 1.190866351 -0.189994454 0.503933430 -0.055597372 0.279908687 0.126149476 0.950077057
1548265898.015030 1.185290337 -0.182570010 0.507552683 -0.055995971 0.275532126 0.123984657 0.951616645
1548265898.048540 1.175902963 -0.184564084 0.513516068 -0.058268998 0.271257758 0.122875012 0.952851355
1548265898.082030 1.180396914 -0.176006392 0.505542099 -0.058635529 0.263846278 0.120017014 0.955271125
1548265898.115480 1.175597072 -0.179550201 0.511184096 -0.061689157 0.261849016 0.118451074 0.955823660
1548265898.149000 1.163310647 -0.183175176 0.521382630 -0.064023256 0.257859111 0.117413424 0.956882298
1548265898.182520 1.163370728 -0.183372080 0.526284099 -0.064862929 0.248802662 0.113701977 0.959667563
1548265898.216030 1.159844160 -0.188721150 0.528889120 -0.067033291 0.244068116 0.109197944 0.961255968
1548265898.249230 1.142437458 -0.190983653 0.541332960 -0.067315556 0.242364928 0.106521823 0.961967230
1548265898.282750 1.133570790 -0.190666944 0.549424648 -0.066682383 0.236122251 0.101986445 0.964053154
1548265898.316260 1.114893317 -0.188832447 0.554568708 -0.065161727 0.230830967 0.098694131 0.965779722
1548265898.349780 1.111048222 -0.187853381 0.552050292 -0.063623615 0.220590487 0.092512757 0.968882501
1548265898.383300 1.112660050 -0.188064173 0.550602376 -0.063522652 0.216926083 0.089177750 0.970028520
1548265898.416810 1.089402199 -0.189606190 0.557047725 -0.063139491 0.214236140 0.085808232 0.970954835
1548265898.450300 1.085466743 -0.189165071 0.556430221 -0.063731954 0.205484718 0.081386521 0.973185778
1548265898.483760 1.078755140 -0.187165409 0.554137707 -0.065464146 0.200413033 0.078768276 0.974343181
1548265898.517280 1.073505282 -0.189182505 0.554039836 -0.069392540 0.194197044 0.077112228 0.975461900
1548265898.550790 1.067248940 -0.182982966 0.557405591 -0.072888032 0.188635707 0.076630123 0.976335883
1548265898.584310 1.062536240 -0.192171216 0.563811123 -0.080404446 0.181604221 0.074364237 0.977253795
1548265898.617910 1.054636478 -0.191185668 0.571321428 -0.085198782 0.177202687 0.072809547 0.977772534
1548265898.651420 1.054766297 -0.195496231 0.577723444 -0.090874188 0.168058902 0.070143655 0.979069948
1548265898.684960 1.045977354 -0.197235495 0.587343395 -0.094907798 0.169095382 0.068844199 0.978600919
1548265898.718670 1.041942835 -0.208557844 0.601608634 -0.100088090 0.165122479 0.069899380 0.978688419
1548265898.752330 1.048768878 -0.210017771 0.600348175 -0.102930255 0.157388359 0.067620888 0.979827404
1548265898.785730 1.045398235 -0.208066672 0.605335295 -0.103800528 0.155187234 0.066561371 0.980159163
1548265898.819220 1.042667627 -0.217731431 0.610296786 -0.106447585 0.150387958 0.065681040 0.980682611
1548265898.852680 1.041062117 -0.221204489 0.615500152 -0.106761180 0.144353896 0.062352356 0.981771946
1548265898.886190 1.035072803 -0.222620994 0.617889106 -0.105153643 0.142591372 0.060093645 0.982343733
1548265898.919610 1.025389433 -0.225611582 0.622248888 -0.103092797 0.139791891 0.059388801 0.983007133
1548265898.953120 1.025145769 -0.228954479 0.620408654 -0.099554129 0.130868599 0.055958096 0.984799981
1548265898.986740 1.023544312 -0.225794598 0.620092928 -0.094727248 0.128784239 0.052962936 0.985716164
1548265899.020320 1.014090776 -0.238384098 0.614231586 -0.092462033 0.126880735 0.052291650 0.986213803
1548265899.053860 1.005025625 -0.234092683 0.611781299 -0.086037159 0.121644743 0.047688369 0.987687171
1548265899.087370 1.003538370 -0.222617432 0.608657122 -0.078568392 0.118073560 0.043296918 0.988944411
1548265899.120890 0.992004991 -0.227398142 0.605681419 -0.074310981 0.117213592 0.040059045 0.989512086
1548265899.154430 0.982760310 -0.238017723 0.603801727 -0.071119711 0.113702878 0.036493815 0.990293801
1548265899.188040 0.982213557 -0.221835911 0.601700604 -0.062962770 0.109411769 0.029933630 0.991548657
1548265899.221550 0.970146000 -0.233658746 0.597937346 -0.060578018 0.111539453 0.026425870 0.991559863
1548265899.255070 0.954057217 -0.241774872 0.593552291 -0.058029063 0.110368028 0.024628740 0.991889596
1548265899.288680 0.960486531 -0.228429094 0.589618087 -0.051942825 0.102276333 0.018940657 0.993218362
1548265899.322260 0.951182842 -0.231927976 0.582012892 -0.049567830 0.100033581 0.017817875 0.993588865
1548265899.355980 0.941928089 -0.230435625 0.578587055 -0.047424410 0.095861353 0.013881215 0.994167447
1548265899.389500 0.938258290 -0.233427018 0.575260043 -0.046543609 0.090572730 0.011311611 0.994737327
1548265899.423020 0.933578730 -0.227092087 0.574196100 -0.044429507 0.087978519 0.008328023 0.995096207
1548265899.456530 0.920036674 -0.233157992 0.570578158 -0.045007102 0.085957237 0.008568463 0.995244861
1548265899.490050 0.923439443 -0.231376559 0.564230859 -0.044556189 0.076402485 0.005120226 0.996067882
1548265899.523570 0.917676091 -0.225513086 0.566862524 -0.043605320 0.073570810 0.002086248 0.996334076
1548265899.557080 0.913890243 -0.233824864 0.566989839 -0.045033075 0.069738604 0.001311598 0.996547461
1548265899.590600 0.910375416 -0.226171419 0.568114638 -0.043186523 0.064821079 -0.002464598 0.996958911
1548265899.624110 0.909004390 -0.227069288 0.567257345 -0.042735636 0.062176444 -0.005252514 0.997135997
1548265899.657630 0.904371023 -0.225325122 0.567346513 -0.041579559 0.060069982 -0.007929946 0.997296274
1548265899.691140 0.895724058 -0.228101686 0.565239727 -0.041591652 0.058386233 -0.011410876 0.997361958
1548265899.724660 0.875570297 -0.230083674 0.563965082 -0.041859362 0.059234180 -0.014602368 0.997259200
1548265899.758200 0.866084218 -0.231492743 0.562539577 -0.042232152 0.057035025 -0.017921165 0.997317553
1548265899.791710 0.865395486 -0.226744756 0.561538458 -0.041217159 0.053821720 -0.022171022 0.997453153
1548265899.825230 0.858869493 -0.227700785 0.561674833 -0.041310452 0.052515555 -0.024290243 0.997469544
1548265899.858740 0.852537334 -0.225748941 0.560416996 -0.040988848 0.050254777 -0.026713477 0.997537374
1548265899.892260 0.852491081 -0.223004356 0.560545027 -0.040811721 0.047345951 -0.029324783 0.997613609
1548265899.925780 0.848395944 -0.221157908 0.560270846 -0.041189525 0.046138417 -0.030968158 0.997604966
1548265899.959310 0.848176658 -0.222684965 0.559279621 -0.043136444 0.042241648 -0.032550152 0.997644901
1548265899.992880 0.844401181 -0.214252129 0.559185565 -0.043907691 0.040040251 -0.036739841 0.997556567
1548265900.026390 0.840764701 -0.214062572 0.561732531 -0.046422452 0.038024511 -0.039326578 0.997422934
1548265900.059910 0.833213627 -0.208922818 0.562063694 -0.048428219 0.035360191 -0.043993119 0.997230649
1548265900.093510 0.827638865 -0.208020449 0.565702438 -0.051090591 0.033226136 -0.049002614 0.996937573
1548265900.127030 0.829795659 -0.207724333 0.569522619 -0.053292599 0.030711871 -0.052384961 0.996730924
1548265900.160500 0.826490521 -0.210291535 0.571548939 -0.055459742 0.029950999 -0.055064850 0.996491373
1548265900.194060 0.817387581 -0.210635006 0.572971702 -0.056576595 0.029088536 -0.057161186 0.996336043
1548265900.227530 0.823645353 -0.204144433 0.573306322 -0.055605408 0.026191708 -0.060006645 0.996303797
1548265900.261040 0.819715917 -0.200987801 0.571717143 -0.054569997 0.027279327 -0.060191013 0.996320724
1548265900.294560 0.820354044 -0.201393813 0.574354649 -0.053989958 0.026308397 -0.061005302 0.996328890
1548265900.328090 0.819135010 -0.196126685 0.572108328 -0.051663008 0.027279532 -0.061773341 0.996378899
1548265900.361720 0.818876386 -0.199565053 0.570064545 -0.050728630 0.027696526 -0.061563533 0.996428311
1548265900.395240 0.822471261 -0.201285884 0.570371985 -0.049481463 0.027046749 -0.062088028 0.996476352
1548265900.428750 0.817111671 -0.201163918 0.567004442 -0.047735386 0.028990639 -0.063159578 0.996439517
1548265900.462150 0.815193653 -0.199926496 0.565340579 -0.045879442 0.029875379 -0.063888460 0.996454120
1548265900.495660 0.813077807 -0.204187661 0.563870609 -0.045556087 0.030101467 -0.064061053 0.996451080
1548265900.529170 0.809954464 -0.198292866 0.561884582 -0.043133009 0.030471170 -0.065344438 0.996464312
1548265900.562690 0.805529177 -0.202283636 0.560525715 -0.042796470 0.031075263 -0.064668208 0.996504307
1548265900.596200 0.809833646 -0.198225036 0.559332490 -0.041092630 0.028620156 -0.065059274 0.996624112
1548265900.629720 0.808098376 -0.191936105 0.556076705 -0.039198343 0.029773928 -0.066644549 0.996561825
1548265900.663230 0.807669580 -0.195347503 0.555026412 -0.039495945 0.029591935 -0.065012075 0.996663332
1548265900.696750 0.810269535 -0.191832989 0.553316593 -0.038610000 0.027873892 -0.066984609 0.996616960
1548265900.730270 0.809054196 -0.190716356 0.553797841 -0.038378801 0.028402146 -0.067813165 0.996554971
1548265900.763720 0.808370352 -0.194049418 0.553262591 -0.038991079 0.028080359 -0.067695089 0.996548355
1548265900.796880 0.807299793 -0.193513408 0.553776801 -0.039064422 0.028033461 -0.069005899 0.996456861
1548265900.830110 0.808042705 -0.197746977 0.554209530 -0.040051289 0.027535163 -0.068995491 0.996432304
1548265900.863620 0.808335245 -0.192680448 0.553960502 -0.039209999 0.027885348 -0.069137134 0.996446192
1548265900.897140 0.806943059 -0.193661198 0.553794086 -0.039446123 0.027158678 -0.068560295 0.996496797
1548265900.930650 0.807753325 -0.192196563 0.551247656 -0.038940988 0.026884286 -0.069437191 0.996463418
1548265900.964170 0.804810762 -0.190860823 0.552373707 -0.038596507 0.028477490 -0.069123335 0.996454358
1548265900.997830 0.807100475 -0.193377182 0.551988125 -0.039116118 0.027269581 -0.068681300 0.996498466
1548265901.031360 0.804971695 -0.189334676 0.552456796 -0.038568657 0.027954396 -0.069576018 0.996438742
1548265901.064950 0.802360177 -0.191244856 0.553219318 -0.039366439 0.028663104 -0.069036268 0.996424973
1548265901.098530 0.802483141 -0.182768449 0.552462041 -0.038649395 0.028539574 -0.068315297 0.996506274
1548265901.132110 0.801704049 -0.187675491 0.551837027 -0.040630605 0.027365530 -0.068234921 0.996465862
1548265901.165500 0.804322243 -0.187354967 0.553541899 -0.041597780 0.026015885 -0.068665251 0.996432602
1548265901.199020 0.802818477 -0.188164592 0.554874897 -0.043106999 0.025949968 -0.067675635 0.996437848
1548265901.232660 0.807033122 -0.189636230 0.555268943 -0.044542629 0.023743743 -0.067557678 0.996437728
1548265901.266190 0.808476746 -0.180268094 0.555715740 -0.043957267 0.023885608 -0.068560913 0.996391833
1548265901.299730 0.805745959 -0.187233746 0.557016611 -0.046514418 0.024672037 -0.068101875 0.996288002
1548265901.333310 0.809783876 -0.184661597 0.558990896 -0.046834435 0.023285277 -0.069603235 0.996202648
1548265901.366830 0.804603279 -0.183421463 0.559300184 -0.047268063 0.025413368 -0.069349423 0.996147871
1548265901.400280 0.808585107 -0.183790430 0.560217083 -0.048167467 0.024225788 -0.069270402 0.996139884
1548265901.433860 0.809383392 -0.181115210 0.559446812 -0.048245717 0.024458632 -0.070357531 0.996054173
1548265901.467480 0.808774054 -0.183755428 0.560846448 -0.049243119 0.025028182 -0.070353091 0.995991588
1548265901.501120 0.809757531 -0.183526233 0.561151922 -0.049401909 0.025320346 -0.071228109 0.995914102
1548265901.534660 0.811095238 -0.185546488 0.561624646 -0.050036777 0.025809580 -0.070511073 0.995920897
1548265901.568360 0.810067713 -0.185224757 0.561408222 -0.050219789 0.025460869 -0.070779778 0.995901585
1548265901.601880 0.810288846 -0.184288800 0.562812269 -0.050317213 0.025475208 -0.071091942 0.995874047
1548265901.635400 0.813060343 -0.186854467 0.562319636 -0.050759662 0.024401519 -0.070095643 0.995949090
1548265901.668910 0.813555181 -0.185778126 0.562954724 -0.050278936 0.024749644 -0.070090637 0.995965242
1548265901.702430 0.816814065 -0.186929882 0.562002063 -0.049829338 0.025159422 -0.068334468 0.996099591
1548265901.735940 0.819175243 -0.192593306 0.561989188 -0.050285395 0.025256921 -0.066629775 0.996189713
1548265901.769460 0.822371364 -0.187732145 0.563532710 -0.048616819 0.025682613 -0.065791324 0.996317387
1548265901.802970 0.823699355 -0.184105918 0.562100828 -0.047258496 0.027015284 -0.064359717 0.996441007
1548265901.836380 0.820795059 -0.185806572 0.561676264 -0.047446195 0.028367387 -0.062430043 0.996517241
1548265901.869840 0.830039859 -0.186123535 0.563125014 -0.047552135 0.026396560 -0.061749130 0.996608794
1548265901.903350 0.832141697 -0.188434005 0.561909080 -0.047791846 0.027478877 -0.060789786 0.996627033
