frame_id dynamic_keypoints dynamic_map_points suppressed_map_points dynamic_objects static_objects total_objects
1 274 0 0 2 4 6
1 274 0 0 2 4 6
2 255 0 0 2 4 6
2 255 0 0 2 4 6
3 227 0 0 2 5 7
3 227 0 0 2 5 7
4 260 0 0 2 3 5
4 260 0 0 2 3 5
5 338 0 0 2 2 4
5 338 0 0 2 2 4
6 400 0 0 2 0 2
6 400 0 0 2 0 2
7 383 0 0 2 1 3
7 383 0 0 2 1 3
8 262 0 0 2 4 6
8 262 0 0 2 4 6
9 245 0 0 2 4 6
9 245 0 0 2 4 6
10 255 0 0 2 4 6
10 255 0 0 2 4 6
11 251 0 0 2 3 5
11 251 0 0 2 3 5
12 199 0 0 2 5 7
12 199 0 0 2 5 7
13 269 0 0 2 4 6
13 269 0 0 2 4 6
14 291 0 0 2 3 5
14 291 0 0 2 3 5
15 321 0 0 2 2 4
15 321 0 0 2 2 4
16 306 0 0 2 2 4
16 306 0 0 2 2 4
17 392 0 0 2 1 3
17 392 0 0 2 1 3
18 350 0 0 2 1 3
18 350 0 0 2 1 3
19 388 0 0 2 1 3
19 388 0 0 2 1 3
20 403 0 0 2 1 3
20 403 0 0 2 1 3
21 355 0 0 2 2 4
21 355 0 0 2 2 4
22 353 0 0 2 2 4
22 353 0 0 2 2 4
23 351 0 0 2 3 5
23 351 0 0 2 3 5
24 380 0 0 2 3 5
24 380 0 0 2 3 5
25 507 0 0 2 3 5
25 507 0 0 2 3 5
26 559 0 0 2 3 5
26 559 0 0 2 3 5
27 463 0 0 2 4 6
27 463 0 0 2 4 6
28 461 0 0 2 4 6
28 461 0 0 2 4 6
29 479 0 0 2 4 6
29 479 0 0 2 4 6
30 537 0 0 2 2 4
30 537 0 0 2 2 4
31 504 0 0 2 2 4
31 504 0 0 2 2 4
32 472 0 0 2 2 4
32 472 0 0 2 2 4
33 493 0 0 2 3 5
33 493 0 0 2 3 5
34 485 0 0 2 1 3
34 485 0 0 2 1 3
35 453 0 0 2 3 5
35 453 0 0 2 3 5
36 464 0 0 2 3 5
36 464 0 0 2 3 5
37 497 0 0 2 2 4
37 497 0 0 2 2 4
38 489 0 0 2 1 3
38 489 0 0 2 1 3
39 434 0 0 2 1 3
39 434 0 0 2 1 3
40 460 0 0 2 1 3
40 460 0 0 2 1 3
41 444 0 0 2 1 3
41 444 0 0 2 1 3
42 419 0 0 2 1 4
42 419 0 0 2 1 4
43 422 0 0 2 1 4
43 422 0 0 2 1 4
44 390 0 0 2 1 3
44 390 0 0 2 1 3
45 346 0 0 1 2 3
45 346 0 0 1 2 3
46 336 0 0 1 1 2
46 336 0 0 1 1 2
47 347 0 0 1 2 3
47 347 0 0 1 2 3
48 302 0 0 1 2 3
48 302 0 0 1 2 3
49 284 0 0 1 1 2
49 284 0 0 1 1 2
50 316 0 0 1 1 2
50 316 0 0 1 1 2
51 330 0 0 1 3 4
51 330 0 0 1 3 4
52 292 0 0 1 2 3
52 292 0 0 1 2 3
53 302 0 0 1 3 4
53 302 0 0 1 3 4
54 349 0 0 1 2 3
54 349 0 0 1 2 3
55 368 0 0 2 1 3
55 368 0 0 2 1 3
56 371 0 0 2 2 4
56 371 0 0 2 2 4
57 395 0 0 2 2 4
57 395 0 0 2 2 4
58 443 0 0 2 3 5
58 443 0 0 2 3 5
59 447 0 0 2 2 4
59 447 0 0 2 2 4
60 476 0 0 2 2 4
60 476 0 0 2 2 4
61 519 0 0 2 1 3
61 519 0 0 2 1 3
62 496 0 0 2 1 3
62 496 0 0 2 1 3
63 498 0 0 2 1 3
63 498 0 0 2 1 3
64 549 0 0 2 1 3
64 549 0 0 2 1 3
65 562 0 0 2 1 3
65 562 0 0 2 1 3
66 586 0 0 2 2 4
66 586 0 0 2 2 4
67 586 0 0 2 1 3
67 586 0 0 2 1 3
68 666 0 0 2 1 3
68 666 0 0 2 1 3
69 612 0 0 2 1 3
69 612 0 0 2 1 3
70 626 0 0 2 1 3
70 626 0 0 2 1 3
71 666 0 0 2 1 3
71 666 0 0 2 1 3
72 632 0 0 2 1 3
72 632 0 0 2 1 3
105 226 0 11 1 2 3
106 227 0 7 1 3 4
106 227 0 0 1 3 4
107 221 0 0 1 3 4
107 221 0 0 1 3 4
108 187 0 0 1 3 4
108 187 0 0 1 3 4
109 196 0 0 1 4 5
109 196 0 0 1 4 5
110 235 0 0 1 4 5
110 235 0 0 1 4 5
111 196 0 0 1 3 4
111 196 0 0 1 3 4
112 234 0 0 1 3 4
112 234 0 0 1 3 4
113 222 0 0 1 2 3
113 222 0 0 1 2 3
114 258 0 0 1 2 3
114 258 0 0 1 2 3
115 301 0 0 1 1 2
115 301 0 0 1 1 2
116 290 0 0 1 2 3
116 290 0 0 1 2 3
117 284 0 0 1 1 2
117 284 0 0 1 1 2
118 269 0 0 1 1 2
118 269 0 0 1 1 2
119 236 0 0 1 3 4
119 236 0 0 1 3 4
120 209 0 0 1 3 4
120 209 0 0 1 3 4
121 218 0 0 1 1 2
121 218 0 0 1 1 2
122 188 0 0 1 1 2
122 188 0 0 1 1 2
123 172 0 0 1 2 4
123 172 0 0 1 2 4
124 132 0 0 1 3 5
124 132 0 0 1 3 5
125 91 0 0 1 4 5
125 91 0 0 1 4 5
126 72 0 0 1 4 5
126 72 0 0 1 4 5
127 70 0 0 1 3 4
127 70 0 0 1 3 4
128 76 0 0 1 2 3
128 76 0 0 1 2 3
129 66 0 0 1 2 3
129 66 0 0 1 2 3
130 53 0 0 1 2 3
130 53 0 0 1 2 3
131 41 0 0 1 2 3
131 41 0 0 1 2 3
132 39 0 0 1 2 3
132 39 0 0 1 2 3
133 26 0 0 1 3 4
133 26 0 0 1 3 4
134 28 0 0 1 4 5
134 28 0 0 1 4 5
135 19 0 0 1 3 4
135 19 0 0 1 3 4
136 0 0 0 0 4 4
136 0 0 0 0 4 4
137 0 0 0 0 4 4
137 0 0 0 0 4 4
138 0 0 0 0 4 4
138 0 0 0 0 4 4
139 0 0 0 0 2 2
139 0 0 0 0 2 2
140 0 0 0 0 2 2
140 0 0 0 0 2 2
141 0 0 0 0 2 2
141 0 0 0 0 2 2
142 0 0 0 0 2 2
142 0 0 0 0 2 2
143 0 0 0 0 2 2
143 0 0 0 0 2 2
144 0 0 0 0 2 2
144 0 0 0 0 2 2
145 0 0 0 0 2 2
145 0 0 0 0 2 2
146 0 0 0 0 2 2
146 0 0 0 0 2 2
147 0 0 0 0 2 2
147 0 0 0 0 2 2
148 0 0 0 0 2 2
148 0 0 0 0 2 2
149 0 0 0 0 2 2
149 0 0 0 0 2 2
150 0 0 0 0 4 4
150 0 0 0 0 4 4
151 0 0 0 0 3 4
151 0 0 0 0 3 4
152 0 0 0 0 3 3
152 0 0 0 0 3 3
153 0 0 0 0 3 3
153 0 0 0 0 3 3
154 0 0 0 0 3 3
154 0 0 0 0 3 3
155 0 0 0 0 2 2
155 0 0 0 0 2 2
156 0 0 0 0 2 2
156 0 0 0 0 2 2
157 0 0 0 0 2 2
157 0 0 0 0 2 2
158 0 0 0 0 2 2
158 0 0 0 0 2 2
159 20 0 0 1 2 3
159 20 0 0 1 2 3
160 36 0 0 1 2 3
160 36 0 0 1 2 3
161 43 0 0 1 2 3
161 43 0 0 1 2 3
162 53 0 0 1 2 3
162 53 0 0 1 2 3
163 50 0 0 1 2 3
163 50 0 0 1 2 3
164 70 0 0 1 2 3
164 70 0 0 1 2 3
165 81 0 0 1 2 3
165 81 0 0 1 2 3
166 66 0 0 1 2 3
166 66 0 0 1 2 3
167 76 0 0 1 2 4
167 76 0 0 1 2 4
168 94 0 0 1 2 3
168 94 0 0 1 2 3
169 111 0 0 1 2 3
169 111 0 0 1 2 3
170 116 0 0 1 3 5
170 116 0 0 1 3 5
171 138 0 0 1 2 3
171 138 0 0 1 2 3
172 76 0 0 1 3 4
172 76 0 0 1 3 4
173 71 0 0 1 3 4
173 71 0 0 1 3 4
174 68 0 0 1 2 3
174 68 0 0 1 2 3
175 56 0 0 1 3 4
175 56 0 0 1 3 4
176 85 0 0 2 3 5
176 85 0 0 2 3 5
177 102 0 0 1 3 4
177 102 0 0 1 3 4
178 67 0 0 1 3 5
178 67 0 0 1 3 5
179 113 0 0 2 2 4
179 113 0 0 2 2 4
180 90 0 0 1 3 5
180 90 0 0 1 3 5
181 73 0 0 1 3 5
181 73 0 0 1 3 5
182 73 0 0 2 3 5
182 73 0 0 2 3 5
183 47 0 0 1 3 4
183 47 0 0 1 3 4
184 36 0 0 1 3 4
184 36 0 0 1 3 4
185 28 0 0 1 3 4
185 28 0 0 1 3 4
186 31 0 0 1 4 5
186 31 0 0 1 4 5
187 42 0 0 1 3 4
187 42 0 0 1 3 4
188 43 0 0 1 2 4
188 43 0 0 1 2 4
189 35 0 0 1 2 3
189 35 0 0 1 2 3
190 31 0 0 1 2 3
190 31 0 0 1 2 3
191 40 0 0 1 3 4
191 40 0 0 1 3 4
192 32 0 0 1 2 3
192 32 0 0 1 2 3
193 21 0 0 1 2 3
193 21 0 0 1 2 3
194 20 0 0 1 2 3
194 20 0 0 1 2 3
195 16 0 0 1 2 4
195 16 0 0 1 2 4
196 19 0 0 1 3 4
196 19 0 0 1 3 4
197 0 0 0 0 4 4
197 0 0 0 0 4 4
198 0 0 0 0 4 4
198 0 0 0 0 4 4
199 0 0 0 0 2 3
199 0 0 0 0 2 3
200 0 0 0 0 2 2
200 0 0 0 0 2 2
201 0 0 0 0 3 4
201 0 0 0 0 3 4
202 0 0 0 0 2 2
202 0 0 0 0 2 2
203 0 0 0 0 3 3
203 0 0 0 0 3 3
204 0 0 0 0 3 3
204 0 0 0 0 3 3
205 0 0 0 0 2 2
205 0 0 0 0 2 2
206 0 0 0 0 2 2
206 0 0 0 0 2 2
207 0 0 0 0 2 2
207 0 0 0 0 2 2
208 5 0 0 1 2 3
208 5 0 0 1 2 3
209 0 0 0 0 2 2
209 0 0 0 0 2 2
210 0 0 0 0 2 2
210 0 0 0 0 2 2
211 0 0 0 0 2 2
211 0 0 0 0 2 2
212 0 0 0 0 2 2
212 0 0 0 0 2 2
213 0 0 0 0 2 2
213 0 0 0 0 2 2
214 0 0 0 0 2 2
214 0 0 0 0 2 2
215 0 0 0 0 3 3
215 0 0 0 0 3 3
216 0 0 0 0 3 3
216 0 0 0 0 3 3
217 0 0 0 0 3 3
217 0 0 0 0 3 3
218 51 0 0 1 3 4
218 51 0 0 1 3 4
219 70 0 0 1 3 4
219 70 0 0 1 3 4
220 153 0 0 2 3 5
220 153 0 0 2 3 5
221 205 0 0 1 2 3
221 205 0 0 1 2 3
222 272 0 0 1 2 3
222 272 0 0 1 2 3
223 458 0 0 1 2 3
223 458 0 0 1 2 3
224 391 0 0 1 2 3
224 391 0 0 1 2 3
225 453 0 0 1 2 3
225 453 0 0 1 2 3
226 510 0 0 1 3 4
226 510 0 0 1 3 4
227 501 0 0 1 2 3
227 501 0 0 1 2 3
228 518 0 0 1 2 3
228 518 0 0 1 2 3
229 486 0 0 1 3 4
229 486 0 0 1 3 4
230 515 0 0 2 2 4
230 515 0 0 2 2 4
231 478 0 0 2 2 4
231 478 0 0 2 2 4
232 507 0 0 2 2 4
232 507 0 0 2 2 4
233 519 0 0 1 2 3
233 519 0 0 1 2 3
234 502 0 0 2 1 3
234 502 0 0 2 1 3
235 499 0 0 2 2 4
235 499 0 0 2 2 4
236 474 0 0 1 2 3
236 474 0 0 1 2 3
237 475 0 0 1 1 2
237 475 0 0 1 1 2
238 485 0 0 1 1 2
238 485 0 0 1 1 2
239 486 0 0 1 1 2
239 486 0 0 1 1 2
240 472 0 0 1 1 2
240 472 0 0 1 1 2
241 497 0 0 1 1 2
241 497 0 0 1 1 2
242 478 0 0 1 1 2
242 478 0 0 1 1 2
243 295 0 0 1 2 3
243 295 0 0 1 2 3
244 357 0 0 1 1 2
244 357 0 0 1 1 2
245 360 0 0 1 1 2
245 360 0 0 1 1 2
246 313 0 0 1 1 2
246 313 0 0 1 1 2
247 258 0 0 1 1 4
247 258 0 0 1 1 4
248 292 0 0 1 1 3
248 292 0 0 1 1 3
249 282 0 0 1 1 2
249 282 0 0 1 1 2
250 258 0 0 1 1 2
250 258 0 0 1 1 2
251 241 0 0 1 1 2
251 241 0 0 1 1 2
252 276 0 0 1 1 2
252 276 0 0 1 1 2
253 278 0 0 1 1 3
253 278 0 0 1 1 3
254 234 0 0 1 3 7
254 234 0 0 1 3 7
255 223 0 0 1 3 5
255 223 0 0 1 3 5
256 187 0 0 1 2 5
256 187 0 0 1 2 5
257 176 0 0 1 3 6
257 176 0 0 1 3 6
258 190 0 0 1 4 6
258 190 0 0 1 4 6
259 158 0 0 1 3 6
259 158 0 0 1 3 6
260 203 0 0 1 2 4
260 203 0 0 1 2 4
261 210 0 0 1 2 4
261 210 0 0 1 2 4
262 218 0 0 1 2 3
262 218 0 0 1 2 3
263 226 0 0 1 2 3
263 226 0 0 1 2 3
264 216 0 0 1 2 4
264 216 0 0 1 2 4
265 231 0 0 1 2 3
265 231 0 0 1 2 3
266 242 0 0 1 2 5
266 242 0 0 1 2 5
267 230 0 0 1 2 4
267 230 0 0 1 2 4
268 227 0 0 1 2 4
268 227 0 0 1 2 4
269 259 0 0 1 2 4
269 259 0 0 1 2 4
270 238 0 0 1 2 3
270 238 0 0 1 2 3
271 234 0 0 1 2 3
271 234 0 0 1 2 3
272 207 0 0 1 2 4
272 207 0 0 1 2 4
273 210 0 0 1 2 4
273 210 0 0 1 2 4
274 206 0 0 1 2 4
274 206 0 0 1 2 4
275 199 0 0 1 2 3
275 199 0 0 1 2 3
276 185 0 0 1 2 3
276 185 0 0 1 2 3
277 190 0 0 1 2 4
277 190 0 0 1 2 4
278 181 0 0 1 2 4
278 181 0 0 1 2 4
279 192 0 0 1 2 4
279 192 0 0 1 2 4
280 178 0 0 1 2 5
280 178 0 0 1 2 5
281 183 0 0 1 2 4
281 183 0 0 1 2 4
282 182 0 0 1 2 3
282 182 0 0 1 2 3
283 172 0 0 1 2 4
283 172 0 0 1 2 4
284 170 0 0 1 2 5
284 170 0 0 1 2 5
285 176 0 0 1 2 4
285 176 0 0 1 2 4
286 195 0 0 1 2 5
286 195 0 0 1 2 5
287 178 0 0 1 2 5
287 178 0 0 1 2 5
288 174 0 0 1 3 7
288 174 0 0 1 3 7
289 162 0 0 1 3 6
289 162 0 0 1 3 6
290 184 0 0 1 3 6
290 184 0 0 1 3 6
291 164 0 0 1 4 7
291 164 0 0 1 4 7
292 171 0 0 1 4 7
292 171 0 0 1 4 7
293 167 0 0 1 3 6
293 167 0 0 1 3 6
294 161 0 0 1 4 7
294 161 0 0 1 4 7
295 140 0 0 1 4 6
295 140 0 0 1 4 6
296 142 0 0 1 4 6
296 142 0 0 1 4 6
297 150 0 0 1 4 7
297 150 0 0 1 4 7
298 178 0 0 1 4 7
298 178 0 0 1 4 7
299 199 0 0 1 4 7
299 199 0 0 1 4 7
300 235 0 0 1 3 6
300 235 0 0 1 3 6
301 233 0 0 1 4 7
301 233 0 0 1 4 7
302 216 0 0 1 3 6
302 216 0 0 1 3 6
303 222 0 0 1 3 6
303 222 0 0 1 3 6
304 222 0 0 1 4 6
304 222 0 0 1 4 6
305 228 0 0 1 4 7
305 228 0 0 1 4 7
306 228 0 0 1 4 6
306 228 0 0 1 4 6
307 240 0 0 1 4 6
307 240 0 0 1 4 6
308 209 0 0 1 4 7
308 209 0 0 1 4 7
309 193 0 0 1 4 7
309 193 0 0 1 4 7
310 195 0 0 1 4 5
310 195 0 0 1 4 5
311 231 0 0 1 2 3
311 231 0 0 1 2 3
312 213 0 0 1 4 6
312 213 0 0 1 4 6
313 256 0 0 1 3 5
313 256 0 0 1 3 5
314 237 0 0 1 4 7
314 237 0 0 1 4 7
315 254 0 0 1 4 7
315 254 0 0 1 4 7
316 234 0 0 1 4 6
316 234 0 0 1 4 6
317 277 0 0 1 3 4
317 277 0 0 1 3 4
318 255 0 0 1 3 5
318 255 0 0 1 3 5
319 248 0 0 1 3 4
319 248 0 0 1 3 4
320 231 0 0 1 3 4
320 231 0 0 1 3 4
321 192 0 0 1 3 4
321 192 0 0 1 3 4
322 194 0 0 1 3 4
322 194 0 0 1 3 4
323 189 0 0 1 4 5
323 189 0 0 1 4 5
324 161 0 0 1 4 6
324 161 0 0 1 4 6
325 164 0 0 1 4 5
325 164 0 0 1 4 5
326 139 0 0 1 3 4
326 139 0 0 1 3 4
327 130 0 0 1 3 4
327 130 0 0 1 3 4
328 123 0 0 1 3 4
328 123 0 0 1 3 4
329 138 0 0 1 3 4
329 138 0 0 1 3 4
330 149 0 0 1 3 5
330 149 0 0 1 3 5
331 113 0 0 1 4 6
331 113 0 0 1 4 6
332 111 0 0 1 3 4
332 111 0 0 1 3 4
333 91 0 0 1 3 4
333 91 0 0 1 3 4
334 64 0 0 1 3 4
334 64 0 0 1 3 4
335 64 0 0 1 4 5
335 64 0 0 1 4 5
336 60 0 0 1 4 5
336 60 0 0 1 4 5
337 45 0 0 1 5 6
337 45 0 0 1 5 6
338 58 0 0 1 3 4
338 58 0 0 1 3 4
339 41 0 0 1 3 4
339 41 0 0 1 3 4
340 39 0 0 1 4 5
340 39 0 0 1 4 5
341 45 0 0 1 3 4
341 45 0 0 1 3 4
342 61 0 0 1 3 4
342 61 0 0 1 3 4
343 28 0 0 1 4 5
343 28 0 0 1 4 5
344 93 0 0 1 3 4
344 93 0 0 1 3 4
345 100 0 0 1 5 6
345 100 0 0 1 5 6
346 71 0 0 1 3 4
346 71 0 0 1 3 4
347 123 0 0 1 3 5
347 123 0 0 1 3 5
348 65 0 0 1 3 4
348 65 0 0 1 3 4
349 54 0 0 1 3 4
349 54 0 0 1 3 4
350 74 0 0 1 3 4
350 74 0 0 1 3 4
351 29 0 0 1 4 6
351 29 0 0 1 4 6
352 28 0 0 1 4 5
352 28 0 0 1 4 5
353 31 0 0 1 4 5
353 31 0 0 1 4 5
354 30 0 0 1 5 6
354 30 0 0 1 5 6
355 30 0 0 1 5 6
355 30 0 0 1 5 6
356 40 0 0 1 6 7
356 40 0 0 1 6 7
357 40 0 0 1 4 5
357 40 0 0 1 4 5
358 37 0 0 1 5 6
358 37 0 0 1 5 6
359 43 0 0 1 5 6
359 43 0 0 1 5 6
360 0 0 0 0 5 5
360 0 0 0 0 5 5
361 0 0 0 0 5 5
361 0 0 0 0 5 5
362 0 0 0 0 5 5
362 0 0 0 0 5 5
363 0 0 0 0 5 5
363 0 0 0 0 5 5
364 0 0 0 0 5 5
364 0 0 0 0 5 5
365 0 0 0 0 5 5
365 0 0 0 0 5 5
366 0 0 0 0 4 4
366 0 0 0 0 4 4
367 0 0 0 0 5 5
367 0 0 0 0 5 5
368 10 0 0 1 5 6
368 10 0 0 1 5 6
369 12 0 0 1 4 5
369 12 0 0 1 4 5
370 9 0 0 1 4 5
370 9 0 0 1 4 5
371 4 0 0 1 4 5
371 4 0 0 1 4 5
372 0 0 0 0 4 4
372 0 0 0 0 4 4
373 0 0 0 0 5 5
373 0 0 0 0 5 5
374 4 0 0 1 5 6
374 4 0 0 1 5 6
375 4 0 0 1 4 5
375 4 0 0 1 4 5
376 0 0 0 0 4 4
376 0 0 0 0 4 4
377 0 0 0 1 4 5
377 0 0 0 1 4 5
378 0 0 0 1 4 5
378 0 0 0 1 4 5
379 0 0 0 1 5 6
379 0 0 0 1 5 6
380 0 0 0 0 4 5
380 0 0 0 0 4 5
381 0 0 0 0 4 4
381 0 0 0 0 4 4
382 0 0 0 0 4 5
382 0 0 0 0 4 5
383 6 0 0 1 4 6
383 6 0 0 1 4 6
384 0 0 0 0 5 5
384 0 0 0 0 5 5
385 0 0 0 0 5 5
385 0 0 0 0 5 5
386 0 0 0 0 4 4
386 0 0 0 0 4 4
387 0 0 0 0 4 4
387 0 0 0 0 4 4
388 0 0 0 0 5 5
388 0 0 0 0 5 5
389 0 0 0 0 5 5
389 0 0 0 0 5 5
390 0 0 0 0 5 5
390 0 0 0 0 5 5
391 0 0 0 0 5 5
391 0 0 0 0 5 5
392 0 0 0 0 5 5
392 0 0 0 0 5 5
393 0 0 0 0 5 5
393 0 0 0 0 5 5
394 0 0 0 0 5 5
394 0 0 0 0 5 5
395 0 0 0 0 5 5
395 0 0 0 0 5 5
396 0 0 0 0 5 5
396 0 0 0 0 5 5
397 0 0 0 0 4 4
397 0 0 0 0 4 4
398 0 0 0 0 5 5
398 0 0 0 0 5 5
399 0 0 0 0 5 5
399 0 0 0 0 5 5
400 0 0 0 0 5 5
400 0 0 0 0 5 5
401 0 0 0 0 5 5
401 0 0 0 0 5 5
402 0 0 0 0 5 6
402 0 0 0 0 5 6
403 0 0 0 0 5 5
403 0 0 0 0 5 5
404 0 0 0 0 5 5
404 0 0 0 0 5 5
405 0 0 0 0 5 5
405 0 0 0 0 5 5
406 0 0 0 0 5 5
406 0 0 0 0 5 5
407 0 0 0 0 5 5
407 0 0 0 0 5 5
408 0 0 0 0 5 5
408 0 0 0 0 5 5
409 0 0 0 0 5 5
409 0 0 0 0 5 5
410 0 0 0 0 5 5
410 0 0 0 0 5 5
411 0 0 0 0 5 5
411 0 0 0 0 5 5
412 0 0 0 0 5 5
412 0 0 0 0 5 5
413 0 0 0 0 5 5
413 0 0 0 0 5 5
414 0 0 0 0 5 5
414 0 0 0 0 5 5
415 0 0 0 0 5 5
415 0 0 0 0 5 5
416 0 0 0 0 5 5
416 0 0 0 0 5 5
417 0 0 0 0 4 4
417 0 0 0 0 4 4
418 0 0 0 0 4 4
418 0 0 0 0 4 4
419 326 0 0 1 4 5
419 326 0 0 1 4 5
420 316 0 0 1 4 5
420 316 0 0 1 4 5
421 346 0 0 1 3 4
421 346 0 0 1 3 4
422 357 0 0 1 3 4
422 357 0 0 1 3 4
423 388 0 0 1 3 4
423 388 0 0 1 3 4
424 376 0 0 1 3 4
424 376 0 0 1 3 4
425 387 0 0 1 3 4
425 387 0 0 1 3 4
426 388 0 0 1 3 4
426 388 0 0 1 3 4
427 381 0 0 1 3 4
427 381 0 0 1 3 4
428 386 0 0 1 3 4
428 386 0 0 1 3 4
429 366 0 0 1 3 4
429 366 0 0 1 3 4
430 376 0 0 1 3 4
430 376 0 0 1 3 4
431 282 0 0 1 4 5
431 282 0 0 1 4 5
432 351 0 0 1 4 5
432 351 0 0 1 4 5
433 367 0 0 1 4 5
433 367 0 0 1 4 5
434 357 0 0 1 4 5
434 357 0 0 1 4 5
435 331 0 0 1 3 4
435 331 0 0 1 3 4
436 384 0 0 1 3 4
436 384 0 0 1 3 4
437 428 0 0 1 3 4
437 428 0 0 1 3 4
438 379 0 0 1 3 4
438 379 0 0 1 3 4
439 349 0 0 1 3 4
439 349 0 0 1 3 4
440 364 0 0 1 3 4
440 364 0 0 1 3 4
441 316 0 0 1 3 4
441 316 0 0 1 3 4
442 302 0 0 1 2 3
442 302 0 0 1 2 3
443 315 0 0 1 2 3
443 315 0 0 1 2 3
444 323 0 0 1 3 4
444 323 0 0 1 3 4
445 313 0 0 1 3 4
445 313 0 0 1 3 4
446 416 0 0 1 1 2
446 416 0 0 1 1 2
447 457 0 0 1 1 2
447 457 0 0 1 1 2
448 501 0 0 1 1 2
448 501 0 0 1 1 2
449 593 0 0 1 2 3
449 593 0 0 1 2 3
450 554 0 0 1 3 4
450 554 0 0 1 3 4
451 559 0 0 1 2 3
451 559 0 0 1 2 3
452 578 0 0 1 3 4
452 578 0 0 1 3 4
453 585 0 0 1 3 4
453 585 0 0 1 3 4
454 583 0 0 1 2 4
454 583 0 0 1 2 4
455 576 0 0 1 2 4
455 576 0 0 1 2 4
456 599 0 0 1 2 4
456 599 0 0 1 2 4
457 566 0 0 1 2 4
457 566 0 0 1 2 4
458 568 0 0 1 2 4
458 568 0 0 1 2 4
459 557 0 0 1 2 4
459 557 0 0 1 2 4
460 511 0 0 1 2 4
460 511 0 0 1 2 4
461 522 0 0 1 2 4
461 522 0 0 1 2 4
462 543 0 0 1 2 3
462 543 0 0 1 2 3
463 498 0 0 1 2 3
463 498 0 0 1 2 3
464 491 0 0 1 2 3
464 491 0 0 1 2 3
465 489 0 0 1 2 4
465 489 0 0 1 2 4
466 494 0 0 1 2 4
466 494 0 0 1 2 4
467 500 0 0 1 2 6
467 500 0 0 1 2 6
468 489 0 0 1 2 5
468 489 0 0 1 2 5
469 514 0 0 1 2 5
469 514 0 0 1 2 5
470 517 0 0 1 2 5
470 517 0 0 1 2 5
471 533 0 0 1 2 5
471 533 0 0 1 2 5
472 520 0 0 1 2 4
472 520 0 0 1 2 4
473 537 0 0 1 2 4
473 537 0 0 1 2 4
474 529 0 0 1 2 3
474 529 0 0 1 2 3
475 564 0 0 1 2 3
475 564 0 0 1 2 3
476 471 0 0 1 2 3
476 471 0 0 1 2 3
477 486 0 0 1 2 5
477 486 0 0 1 2 5
478 503 0 0 1 2 4
478 503 0 0 1 2 4
479 499 0 0 1 2 4
479 499 0 0 1 2 4
480 432 0 0 1 3 5
480 432 0 0 1 3 5
481 409 0 0 1 3 5
481 409 0 0 1 3 5
482 367 0 0 1 3 5
482 367 0 0 1 3 5
483 363 0 0 1 3 5
483 363 0 0 1 3 5
484 348 0 0 1 3 5
484 348 0 0 1 3 5
485 342 0 0 1 3 5
485 342 0 0 1 3 5
486 349 0 0 1 3 5
486 349 0 0 1 3 5
487 340 0 0 1 3 5
487 340 0 0 1 3 5
488 351 0 0 1 3 5
488 351 0 0 1 3 5
489 342 0 0 1 3 5
489 342 0 0 1 3 5
490 378 0 0 1 3 5
490 378 0 0 1 3 5
491 435 0 0 1 2 4
491 435 0 0 1 2 4
492 379 0 0 1 3 5
492 379 0 0 1 3 5
493 407 0 0 1 3 5
493 407 0 0 1 3 5
494 402 0 0 1 3 5
494 402 0 0 1 3 5
495 412 0 0 1 3 5
495 412 0 0 1 3 5
496 433 0 0 1 3 5
496 433 0 0 1 3 5
497 426 0 0 1 3 5
497 426 0 0 1 3 5
498 397 0 0 1 3 4
498 397 0 0 1 3 4
499 384 0 0 1 3 5
499 384 0 0 1 3 5
500 441 0 0 1 3 5
500 441 0 0 1 3 5
501 385 0 0 1 3 5
501 385 0 0 1 3 5
502 405 0 0 1 3 5
502 405 0 0 1 3 5
503 418 0 0 1 3 5
503 418 0 0 1 3 5
504 455 0 0 1 3 6
504 455 0 0 1 3 6
505 428 0 0 1 3 6
505 428 0 0 1 3 6
506 371 0 0 1 3 5
506 371 0 0 1 3 5
507 348 0 0 1 3 5
507 348 0 0 1 3 5
508 397 0 0 1 3 5
508 397 0 0 1 3 5
509 362 0 0 1 3 5
509 362 0 0 1 3 5
510 339 0 0 1 3 5
510 339 0 0 1 3 5
511 336 0 0 2 3 6
511 336 0 0 2 3 6
512 339 0 0 1 3 4
512 339 0 0 1 3 4
513 312 0 0 1 3 5
513 312 0 0 1 3 5
514 310 0 0 1 3 4
514 310 0 0 1 3 4
515 193 0 0 1 4 5
515 193 0 0 1 4 5
516 158 0 0 1 4 6
516 158 0 0 1 4 6
517 262 0 0 1 3 5
517 262 0 0 1 3 5
518 228 0 0 1 3 4
518 228 0 0 1 3 4
519 239 0 0 1 3 4
519 239 0 0 1 3 4
520 265 0 0 1 3 4
520 265 0 0 1 3 4
521 259 0 0 1 3 5
521 259 0 0 1 3 5
522 237 0 0 1 3 4
522 237 0 0 1 3 4
523 247 0 0 1 3 4
523 247 0 0 1 3 4
524 277 0 0 1 3 4
524 277 0 0 1 3 4
525 253 0 0 1 3 4
525 253 0 0 1 3 4
526 247 0 0 1 3 4
526 247 0 0 1 3 4
527 260 0 0 1 3 4
527 260 0 0 1 3 4
528 279 0 0 1 3 4
528 279 0 0 1 3 4
529 325 0 0 1 3 5
529 325 0 0 1 3 5
530 426 0 0 1 2 3
530 426 0 0 1 2 3
531 450 0 0 1 4 6
531 450 0 0 1 4 6
532 537 0 0 1 4 5
532 537 0 0 1 4 5
533 559 0 0 1 3 5
533 559 0 0 1 3 5
534 571 0 0 1 3 4
534 571 0 0 1 3 4
535 577 0 0 1 3 4
535 577 0 0 1 3 4
536 552 0 0 1 3 4
536 552 0 0 1 3 4
537 638 0 0 2 3 5
537 638 0 0 2 3 5
538 671 0 0 2 2 5
538 671 0 0 2 2 5
539 657 0 0 2 2 4
539 657 0 0 2 2 4
779 0 0 1 0 1 1
780 0 0 0 0 1 1
780 0 0 0 0 1 1
781 163 0 0 1 1 2
781 163 0 0 1 1 2
782 176 0 0 1 1 2
782 176 0 0 1 1 2
783 194 0 0 1 1 2
783 194 0 0 1 1 2
784 153 0 0 1 1 2
784 153 0 0 1 1 2
785 0 0 0 0 1 1
785 0 0 0 0 1 1
786 0 0 0 0 1 1
786 0 0 0 0 1 1
787 0 0 0 0 1 1
787 0 0 0 0 1 1
788 0 0 0 0 1 1
788 0 0 0 0 1 1
789 0 0 0 0 1 1
789 0 0 0 0 1 1
790 52 0 0 1 3 4
790 52 0 0 1 3 4
791 0 0 0 0 2 2
791 0 0 0 0 2 2
792 0 0 0 0 2 2
792 0 0 0 0 2 2
793 0 0 0 0 3 3
793 0 0 0 0 3 3
794 67 0 0 1 2 3
794 67 0 0 1 2 3
795 0 0 0 0 2 2
795 0 0 0 0 2 2
796 0 0 0 0 1 1
796 0 0 0 0 1 1
797 0 0 0 0 1 1
797 0 0 0 0 1 1
798 0 0 0 0 1 1
798 0 0 0 0 1 1
799 0 0 0 0 1 1
799 0 0 0 0 1 1
800 84 0 0 1 1 2
800 84 0 0 1 1 2
801 0 0 0 0 1 1
801 0 0 0 0 1 1
802 0 0 0 0 1 1
802 0 0 0 0 1 1
803 0 0 0 0 1 1
803 0 0 0 0 1 1
804 0 0 0 0 1 1
804 0 0 0 0 1 1
805 0 0 0 0 0 0
805 0 0 0 0 0 0
806 0 0 0 0 1 1
806 0 0 0 0 1 1
807 411 0 0 1 1 2
807 411 0 0 1 1 2
808 0 0 0 0 1 1
808 0 0 0 0 1 1
906 0 0 9 0 1 2
1009 122 0 1 1 3 4
1010 146 0 2 1 3 4
1010 146 0 0 1 3 4
1011 153 0 0 1 3 4
1011 153 0 0 1 3 4
1012 164 0 0 1 3 4
1012 164 0 0 1 3 4
1013 170 0 0 1 3 5
1013 170 0 0 1 3 5
1014 153 0 0 1 3 4
1014 153 0 0 1 3 4
1015 97 0 0 1 5 6
1015 97 0 0 1 5 6
1016 148 0 0 1 4 5
1016 148 0 0 1 4 5
1017 126 0 0 1 4 5
1017 126 0 0 1 4 5
1018 128 0 0 1 4 5
1018 128 0 0 1 4 5
1019 122 0 0 1 4 5
1019 122 0 0 1 4 5
1020 137 0 0 1 4 5
1020 137 0 0 1 4 5
