1548265882.499630 0.000000000 0.000000000 0.000000000 0.000000000 0.000000000 0.000000000 1.000000000
1548265882.533150 0.006940988 -0.006391985 -0.001783351 -0.002352658 -0.007178553 -0.005493450 0.999956369
1548265882.566560 0.013106301 -0.014125858 0.003215430 -0.004512397 -0.001327952 -0.013655567 0.999895692
1548265882.600030 -0.005386510 0.000880733 -0.006638672 -0.003471483 0.006111261 -0.012492906 0.999897242
1548265882.633440 -0.000924414 -0.002510693 -0.006255542 -0.005993618 0.004407267 -0.018497957 0.999801219
1548265882.665210 0.000129806 -0.005742554 -0.006763624 -0.010013065 0.014062435 -0.020740122 0.999635816
1548265882.698670 -0.009803446 0.017540507 -0.008669822 -0.008711406 0.015094604 -0.016397079 0.999713659
1548265882.732180 -0.001360933 0.004217905 -0.007096320 -0.014533405 0.009862790 -0.019117994 0.999662936
1548265882.765670 -0.000620897 0.004861190 -0.009276492 -0.017337793 0.010397367 -0.015303385 0.999678493
1548265882.799210 0.004986753 0.006688563 -0.007908809 -0.020510735 0.007025000 -0.010669135 0.999708056
1548265882.832700 0.009597959 0.006970413 -0.008892305 -0.022374727 0.005577752 -0.007139725 0.999708593
1548265882.866180 0.016661627 0.010512071 -0.012537870 -0.023729814 0.002931303 -0.003350397 0.999708474
1548265882.899700 0.020777505 0.006549377 -0.012551657 -0.025390182 0.001987402 -0.001171279 0.999674976
1548265882.933210 0.020562662 0.009947752 -0.020282416 -0.024051117 0.001841702 0.000858539 0.999708652
1548265882.966730 0.018831020 0.010101704 -0.023864673 -0.022233645 0.001236327 0.000729117 0.999751747
1548265883.000250 0.027561838 0.006824341 -0.030477887 -0.020316631 0.001362578 -0.001419827 0.999791682
1548265883.033800 0.020867033 0.017482134 -0.044645615 -0.016475597 0.004250525 -0.001069122 0.999854684
1548265883.067340 0.019843241 0.016361447 -0.052697368 -0.015122428 0.003921019 -0.003968297 0.999870062
1548265883.100860 0.020759029 0.022053473 -0.062168177 -0.013187275 0.005338442 -0.005714199 0.999882460
1548265883.134400 0.014927533 0.028053209 -0.068989195 -0.012399046 0.006745987 -0.007274201 0.999873936
1548265883.167910 0.017784234 0.031434715 -0.074856870 -0.012267449 0.006538538 -0.007852089 0.999872565
1548265883.201430 0.013405464 0.038486931 -0.081792407 -0.011440868 0.006685636 -0.007144351 0.999886692
1548265883.234950 0.019963503 0.038889468 -0.087701797 -0.012343860 0.004817310 -0.007462661 0.999884367
1548265883.268460 0.028869851 0.033845145 -0.094851539 -0.014193290 0.005214142 -0.008347662 0.999850810
1548265883.301800 0.016389348 0.043493867 -0.097567067 -0.013153441 0.008085701 -0.006435639 0.999860108
1548265883.335310 0.011662805 0.039046995 -0.098597050 -0.014074948 0.007390720 -0.008191010 0.999840081
1548265883.368830 0.033905413 0.030792564 -0.108073391 -0.014879072 0.005669946 -0.007402731 0.999845862
1548265883.402280 0.024902301 0.036267929 -0.109673649 -0.013076050 0.009446320 -0.005417977 0.999855220
1548265883.435790 0.026886428 0.038169958 -0.114153288 -0.011393959 0.008251190 -0.004615360 0.999890387
1548265883.469300 0.044044081 0.028020587 -0.120705895 -0.011920734 0.007813826 -0.005412394 0.999883771
1548265883.502820 0.035023797 0.035458256 -0.120939136 -0.009675359 0.012592802 -0.003219696 0.999868691
1548265883.536330 0.050439283 0.026677132 -0.130765632 -0.010117926 0.012852323 -0.003261193 0.999860883
1548265883.569820 0.016062910 0.026317235 -0.119002961 -0.009449515 0.025476396 -0.005574647 0.999615192
1548265883.603340 0.033851929 0.031520959 -0.127456367 -0.007403470 0.028322903 -0.001002270 0.999570906
1548265883.636850 0.072534941 0.022100229 -0.139706060 -0.006756261 0.026929008 0.001234991 0.999613762
1548265883.670370 0.029434834 0.032728739 -0.124995507 -0.002824479 0.042148892 0.001681812 0.999105930
1548265883.703910 0.006669747 0.025791248 -0.113746837 -0.002032894 0.051633820 0.000152253 0.998664021
1548265883.737430 0.086334497 0.017948275 -0.147102818 -0.000161747 0.046803448 0.006116614 0.998885393
1548265883.770950 0.058001641 0.022859246 -0.138629988 0.002363522 0.059714891 0.008943855 0.998172581
1548265883.804530 0.027617007 0.041317794 -0.134803429 0.008140092 0.070406474 0.008981430 0.997444749
1548265883.838180 -0.010005554 0.042197686 -0.121506460 0.009843994 0.081242800 0.010603676 0.996589303
1548265883.871940 0.029856777 0.036506511 -0.136926249 0.011146863 0.078249812 0.013805155 0.996775866
1548265883.905460 0.000790257 0.042142797 -0.128959596 0.014282871 0.086382508 0.014996418 0.996046782
1548265883.939000 0.039448403 0.039597947 -0.132946461 0.016301347 0.082555212 0.018004769 0.996290445
1548265883.972510 0.005147762 0.042714126 -0.118718252 0.018723600 0.094405174 0.015851069 0.995231509
1548265884.006030 0.023558551 0.043657377 -0.128087878 0.021274354 0.097185500 0.021244714 0.994812071
1548265884.039550 -0.003112944 0.044329342 -0.122011364 0.023672132 0.102303706 0.020640876 0.994257271
1548265884.073060 0.001982128 0.041694988 -0.121469967 0.024538353 0.105937101 0.021318233 0.993841410
1548265884.106580 -0.011565476 0.041986063 -0.112259395 0.025685361 0.110149086 0.021351375 0.993353665
1548265884.173590 -0.022179564 0.038200635 -0.110205963 0.025969582 0.120318629 0.021491734 0.992162883
1548265884.206970 -0.024591682 0.035690382 -0.104949772 0.026521502 0.120885372 0.021027049 0.992089331
1548265884.240470 -0.046207435 0.036469311 -0.105070561 0.026869662 0.126428455 0.020346738 0.991402984
1548265884.273990 -0.080499321 0.030874984 -0.091721594 0.025736658 0.136560559 0.020427736 0.990086615
1548265884.307480 -0.109415919 0.021573776 -0.081345066 0.024234599 0.141674772 0.021185031 0.989389777
1548265884.340990 -0.152693957 0.003411724 -0.060524017 0.019334465 0.152952358 0.020430697 0.987833142
1548265884.374510 -0.178689614 0.005889872 -0.054692861 0.017683037 0.160542697 0.020634482 0.986654758
1548265884.408030 -0.141212657 0.025202431 -0.065792255 0.018707925 0.158062801 0.019741992 0.987054408
1548265884.474710 0.007220567 0.024395932 -0.088823855 0.014811242 0.151312724 0.020882193 0.988154352
1548265884.508230 -0.026426528 0.031397637 -0.084201053 0.015458415 0.159188688 0.018525761 0.986953259
1548265884.541970 -0.081667326 0.034373641 -0.067464441 0.015204000 0.176396891 0.020049728 0.983997464
1548265884.575610 -0.110839136 0.040587287 -0.049869463 0.016061435 0.186903417 0.022314394 0.981993496
1548265884.609120 -0.152649879 0.038853433 -0.034329630 0.015981557 0.199862108 0.025333107 0.979366124
1548265884.642640 -0.189793229 0.040893920 -0.025451194 0.017624084 0.210372433 0.029084468 0.977029622
1548265884.676150 -0.221974030 0.039143618 -0.001120779 0.018757870 0.221527100 0.033961691 0.974382102
1548265884.709670 -0.256118655 0.031689584 0.015417569 0.019277262 0.235091254 0.039132975 0.970993876
1548265884.743190 -0.276023626 0.040512033 0.033846926 0.022470867 0.245792806 0.043593504 0.968080878
1548265884.776700 -0.297365129 0.030633897 0.044431664 0.022949388 0.255548447 0.049578939 0.965251386
1548265884.810220 -0.326174587 0.030776195 0.061695661 0.024660856 0.269184828 0.055333260 0.961181343
1548265884.843710 -0.347506344 0.025899580 0.078939646 0.025147092 0.282068014 0.061412536 0.957096517
1548265884.877190 -0.368374705 0.018470516 0.096617632 0.024545949 0.293017000 0.068144508 0.953359783
1548265884.910640 -0.388968945 0.019689849 0.111919448 0.025480272 0.302448988 0.072991230 0.950025082
1548265884.944160 -0.407473505 0.011118393 0.122911841 0.024098789 0.310910165 0.078039289 0.946923435
1548265884.977740 -0.424058259 0.013093380 0.138655096 0.024286997 0.318227082 0.081745662 0.944171250
1548265885.011250 -0.448882937 0.002921080 0.152442545 0.022283375 0.326433659 0.085749671 0.941058695
1548265885.044770 -0.478106976 -0.004180746 0.175960228 0.020247458 0.334575772 0.086353317 0.938185573
1548265885.078290 -0.495076537 -0.026181145 0.190279767 0.014560831 0.340952694 0.088009551 0.935838461
1548265885.111800 -0.528200567 -0.027128052 0.213660643 0.012467491 0.350062340 0.088179626 0.932483375
1548265885.145320 -0.562298954 -0.023351364 0.242318466 0.011412701 0.361095518 0.090194568 0.928086579
1548265885.212670 -0.613032758 -0.044955388 0.286197126 0.008390927 0.377055883 0.095727175 0.921192050
1548265885.279380 -0.561076999 -0.019071486 0.216889337 0.012288827 0.372337669 0.102768213 0.922308147
1548265885.312810 -0.526479602 -0.022352571 0.192763522 0.011883809 0.368667006 0.106259778 0.923391700
1548265885.346410 -0.554581642 -0.034166291 0.206287995 0.009889396 0.377862900 0.109144144 0.919352710
1548265885.380420 -0.550517976 -0.023333266 0.209897608 0.011403762 0.381405562 0.111844890 0.917545915
1548265885.413960 -0.520721674 0.001937656 0.180503875 0.013904135 0.379812300 0.112933807 0.918038785
1548265885.447470 -0.518614054 0.027894760 0.181877986 0.016290516 0.386423379 0.113561489 0.915158629
1548265885.480990 -0.528625906 -0.005790159 0.174809620 0.010020249 0.392594337 0.116411187 0.912259698
1548265885.514510 -0.530287445 0.013118358 0.190753534 0.011960506 0.398618907 0.118387036 0.909364820
1548265885.548020 -0.545305192 -0.019097362 0.200128973 0.006817507 0.406040460 0.122784972 0.905543208
1548265885.581520 -0.539380014 -0.009919632 0.200083256 0.006516854 0.409031957 0.123557411 0.904092848
1548265885.681670 -0.592109978 -0.026891785 0.256137401 0.003333980 0.429194152 0.129131407 0.893927455
1548265885.715190 -0.595889211 -0.032000273 0.259510249 0.002617843 0.432790339 0.130106255 0.892052710
1548265885.748850 -0.591102719 -0.021885296 0.255559474 0.003906890 0.434933782 0.131194830 0.890845239
1548265885.782220 -0.560382426 -0.024903243 0.241464868 0.002776278 0.435601830 0.134291217 0.890061378
1548265885.815880 -0.552955687 -0.045821976 0.234024316 -0.000104519 0.438657165 0.137667924 0.888046980
1548265885.849400 -0.552529514 -0.025714057 0.237607002 0.003004326 0.443360806 0.139436260 0.885426283
1548265885.882880 -0.565165401 -0.037237551 0.252838701 0.002839288 0.449160725 0.142659143 0.881983519
1548265885.916400 -0.573747694 -0.050986171 0.267150432 0.002322540 0.454820454 0.146366850 0.878470063
1548265885.949930 -0.583484292 -0.061317503 0.271565884 0.003271265 0.459045529 0.151183128 0.875448585
1548265885.983450 -0.573207617 -0.056497853 0.277270466 0.004870640 0.462226659 0.152880043 0.873470366
1548265886.016980 -0.537218571 -0.058066830 0.248514175 0.005495133 0.458452821 0.156932920 0.874735892
1548265886.050490 -0.587335467 -0.100213118 0.307079852 0.002808544 0.470411271 0.162575364 0.867337644
1548265886.084010 -0.585329592 -0.077802889 0.309136778 0.007176028 0.471893549 0.163817212 0.866272986
1548265886.117600 -0.580672801 -0.058498167 0.271327645 0.011435693 0.469440401 0.167216972 0.866910279
1548265886.151160 -0.567821085 -0.061428405 0.284283370 0.012891550 0.468922436 0.167749032 0.867067337
1548265886.184730 -0.635338128 -0.097964518 0.363476545 0.012969693 0.482006699 0.170637473 0.859292805
1548265886.218240 -0.655435681 -0.109117202 0.391720831 0.013538290 0.488279283 0.171433613 0.855576158
1548265886.251770 -0.668298900 -0.119341731 0.412766606 0.014194557 0.491107255 0.172608823 0.853708565
1548265886.285280 -0.693032444 -0.122534409 0.449563801 0.015829418 0.498598039 0.171424717 0.849566340
1548265886.318790 -0.656892240 -0.120189376 0.394732386 0.018724767 0.491497070 0.175554961 0.852795660
1548265886.352310 -0.647308946 -0.113349073 0.377188951 0.021870885 0.489339709 0.176499829 0.853765845
1548265886.385830 -0.644345701 -0.117974654 0.372465253 0.023324013 0.489436567 0.176851481 0.853599072
1548265886.419490 -0.651460290 -0.114425875 0.378443182 0.027017929 0.491725713 0.176637843 0.852217674
1548265886.453000 -0.653665364 -0.112997830 0.377463192 0.030078543 0.492680877 0.176417947 0.851608753
1548265886.486520 -0.643233418 -0.070480682 0.364809155 0.036982253 0.493403941 0.171148583 0.851993561
1548265886.520030 -0.670506299 -0.083897240 0.396156013 0.038123745 0.504395843 0.173532307 0.844995856
1548265886.553550 -0.677535295 -0.094246581 0.409465432 0.039416753 0.508084238 0.173742205 0.842680454
1548265886.586910 -0.700343490 -0.112767175 0.448975980 0.038898718 0.519081950 0.174260721 0.835867226
1548265886.620090 -0.698649287 -0.115987383 0.442060053 0.041775890 0.522372007 0.178557888 0.832766116
1548265886.653600 -0.728209198 -0.126247853 0.469151080 0.043265995 0.529141188 0.178480193 0.828421712
1548265886.687120 -0.748705924 -0.138039067 0.508394122 0.043751776 0.541233599 0.179004148 0.820432484
1548265886.720630 -0.744320393 -0.156505480 0.504064322 0.044512901 0.543396294 0.185626149 0.817485154
1548265886.754150 -0.764280319 -0.147721991 0.536778212 0.047840375 0.549938202 0.184919164 0.813070834
1548265886.787670 -0.787836015 -0.160733357 0.566395700 0.046522368 0.560625076 0.186906427 0.805357814
1548265886.821180 -0.784004211 -0.192319840 0.583116829 0.042678356 0.565563858 0.191205665 0.801097035
1548265886.854700 -0.798313200 -0.201256946 0.613861918 0.040779490 0.573530436 0.190567583 0.795665681
1548265886.888210 -0.811821401 -0.215638861 0.646332443 0.038310982 0.583735466 0.193181172 0.787696779
1548265886.921730 -0.818135202 -0.223347977 0.657865763 0.038299270 0.588309824 0.196508363 0.783459783
1548265886.955230 -0.833395541 -0.236576706 0.694637299 0.035996344 0.597808361 0.196797371 0.776273310
1548265886.988750 -0.849942803 -0.247298092 0.730008066 0.035684247 0.606832385 0.199025586 0.768680632
1548265887.022280 -0.864886880 -0.262728959 0.765685976 0.034747150 0.613610446 0.200950161 0.762819648
1548265887.055800 -0.867014766 -0.274828881 0.787301123 0.032888006 0.619367063 0.200784862 0.758279800
1548265887.089320 -0.872707129 -0.289839596 0.818646073 0.031592496 0.626000047 0.202387989 0.752439320
1548265887.122870 -0.881334722 -0.308855236 0.857416630 0.030212972 0.632585943 0.203484714 0.746670067
1548265887.156400 -0.892583787 -0.310048401 0.893123031 0.031590298 0.639927387 0.203286737 0.740384638
1548265887.189910 -0.898670197 -0.322006077 0.913949847 0.031917416 0.642850876 0.203978091 0.737642825
1548265887.223460 -0.906583369 -0.305111378 0.912336767 0.034841254 0.645050049 0.204274714 0.735505462
1548265887.257080 -0.901469946 -0.316737890 0.898349285 0.035373233 0.644750357 0.209728256 0.734206915
1548265887.290490 -0.907411098 -0.306518912 0.903834462 0.038049594 0.645583868 0.209264636 0.733472586
1548265887.324010 -0.914556384 -0.309117109 0.942838430 0.037484940 0.651838422 0.208342552 0.728213549
1548265887.357520 -0.915038109 -0.310172349 0.953875959 0.037974954 0.654361069 0.210884422 0.725187778
1548265887.391040 -0.913527846 -0.312327206 0.926881254 0.038214479 0.650684893 0.214681938 0.727365494
1548265887.424660 -0.910987496 -0.294394135 0.911077082 0.038737185 0.649128020 0.214577019 0.728758514
1548265887.458180 -0.909067452 -0.309290498 0.920607567 0.036286097 0.651405156 0.217958897 0.725843370
1548265887.491690 -0.901262701 -0.314648539 0.930057406 0.034091681 0.651821434 0.216944292 0.725879967
1548265887.525210 -0.885020792 -0.293286026 0.885871708 0.035884086 0.647166073 0.216577306 0.730056584
1548265887.558720 -0.879217386 -0.304994464 0.880698323 0.034589682 0.648486197 0.218028039 0.728514194
1548265887.592200 -0.883462191 -0.303676128 0.895879686 0.034982435 0.650709152 0.216406405 0.726995230
1548265887.625650 -0.901469707 -0.315965593 0.932979941 0.033914387 0.657707572 0.215423286 0.721015453
1548265887.659100 -0.904882431 -0.330673963 0.964557528 0.033054654 0.663163662 0.217100158 0.715533972
1548265887.692610 -0.905898035 -0.340242982 0.988257468 0.033870686 0.666068196 0.218607709 0.712331772
1548265887.726110 -0.900617540 -0.330196857 0.959144652 0.036320202 0.662711978 0.220518231 0.714748442
1548265887.759600 -0.893186569 -0.320843518 0.965333402 0.036828466 0.664464474 0.220503807 0.713097930
1548265887.793080 -0.887712598 -0.326216400 0.986352742 0.036881391 0.667905390 0.222099736 0.709375739
1548265887.826460 -0.882322967 -0.325367659 0.997105479 0.037221573 0.669160068 0.222886696 0.707927167
1548265887.859920 -0.872842014 -0.328795016 0.983906925 0.036668848 0.669100463 0.226392776 0.706899047
1548265887.893440 -0.864640653 -0.328477621 0.985962629 0.037609313 0.670056105 0.229238108 0.705025017
1548265887.926950 -0.858192086 -0.326251149 0.985031664 0.037756182 0.670947671 0.230925724 0.703617036
1548265887.960470 -0.845521092 -0.321814984 0.971163392 0.038916517 0.671602070 0.234816924 0.701638877
1548265887.993980 -0.833544672 -0.331802636 0.983188331 0.038793929 0.674637079 0.237538412 0.697807491
1548265888.027500 -0.825049102 -0.347376108 1.020648241 0.036997844 0.679881990 0.238157168 0.692584157
1548265888.061020 -0.812553465 -0.360015512 1.052235484 0.035888664 0.684201300 0.239199147 0.688014805
1548265888.094560 -0.813088596 -0.331713289 1.015084743 0.040734202 0.681257069 0.240278289 0.690286815
1548265888.128110 -0.793635070 -0.397105008 1.135186076 0.032401640 0.697195828 0.242593497 0.673807442
1548265888.161670 -0.787971616 -0.337199092 1.079021335 0.039203826 0.694598854 0.242361829 0.676207244
1548265888.195670 -0.775779247 -0.341260433 1.115847230 0.038367786 0.701787829 0.242003098 0.668921769
1548265888.229180 -0.765364945 -0.354548812 1.138035417 0.038523104 0.705962956 0.244949549 0.663424432
1548265888.262700 -0.747019470 -0.371901542 1.179873109 0.036045518 0.713774383 0.245845437 0.654818177
1548265888.296210 -0.729389906 -0.381908029 1.200219512 0.034434535 0.718345761 0.245941445 0.649851084
1548265888.329730 -0.725034535 -0.386700213 1.176909208 0.036448188 0.717627108 0.248510703 0.649557769
1548265888.363320 -0.705914259 -0.410827070 1.199404836 0.033714067 0.723461866 0.251014262 0.642229080
1548265888.397010 -0.698406637 -0.407209575 1.217426181 0.036070425 0.727569759 0.250210822 0.637758255
1548265888.430530 -0.684720099 -0.416740268 1.246404648 0.035028152 0.732451439 0.249368712 0.632537007
1548265888.464040 -0.673370898 -0.427216202 1.263552904 0.034423031 0.737802267 0.250603974 0.625827909
1548265888.497380 -0.656498134 -0.438330710 1.288886309 0.032703485 0.742700994 0.251304090 0.619816065
1548265888.530830 -0.645217299 -0.447162807 1.303715587 0.032906182 0.745188832 0.251822382 0.616600573
1548265888.564200 -0.622217953 -0.460075438 1.332178593 0.029451158 0.751202524 0.252052456 0.609341443
1548265888.597340 -0.617218316 -0.465754569 1.351111770 0.029987546 0.756207287 0.252671629 0.602833569
1548265888.630850 -0.588489115 -0.478532940 1.383255839 0.027016802 0.763158381 0.253379941 0.593850136
1548265888.664370 -0.579305589 -0.490209877 1.405243397 0.026792526 0.767760694 0.254486054 0.587420285
1548265888.697880 -0.559291005 -0.500618041 1.433789253 0.024977760 0.773870647 0.255223662 0.579103708
1548265888.731560 -0.531784952 -0.514169753 1.462509513 0.023323890 0.780675173 0.257284641 0.569040298
1548265888.765210 -0.512873173 -0.521430850 1.476890087 0.021400649 0.785927296 0.258046508 0.561491072
1548265888.798810 -0.486534685 -0.549297869 1.520081639 0.017121922 0.794967711 0.260859042 0.547435641
1548265888.832330 -0.468589365 -0.550802231 1.528303742 0.016014596 0.801234245 0.264300197 0.536574900
1548265888.865760 -0.529235601 -0.451568931 1.473021030 0.030045617 0.798271775 0.259007543 0.542931437
1548265888.899140 -0.462405890 -0.527608514 1.547605515 0.017274717 0.810193539 0.264341176 0.522887945
1548265888.932500 -0.450372159 -0.526935756 1.511059999 0.019262368 0.811526120 0.271730751 0.516930163
1548265888.966010 -0.421602309 -0.535317719 1.541374445 0.018915823 0.817841291 0.274918139 0.505171120
1548265888.999530 -0.390362442 -0.534381270 1.583605289 0.017845435 0.826834381 0.275682896 0.489923805
1548265889.033040 -0.366725773 -0.554485857 1.585057020 0.017713400 0.832131743 0.283125788 0.476531982
1548265889.066720 -0.372648507 -0.539230645 1.569120526 0.019447502 0.835597813 0.284609318 0.469463110
1548265889.100280 -0.314679921 -0.562316120 1.626030684 0.016158620 0.847769797 0.288654506 0.444639057
1548265889.133880 -0.282358199 -0.566113830 1.632288218 0.017132400 0.853866756 0.292745948 0.430020809
1548265889.167490 -0.249522761 -0.571721137 1.649936795 0.018112320 0.859640956 0.295082957 0.416671842
1548265889.200830 -0.226544902 -0.578182459 1.678687215 0.015943665 0.865640223 0.294224262 0.404777557
1548265889.234310 -0.204223812 -0.581988335 1.694124103 0.017850576 0.870542884 0.294027567 0.394188136
1548265889.267630 -0.163145348 -0.594276309 1.711686254 0.018052466 0.875910878 0.294396102 0.381818265
1548265889.301080 -0.133396566 -0.598026574 1.731450319 0.017645076 0.882168591 0.292321682 0.368802518
1548265889.334590 -0.103580572 -0.611722291 1.745516658 0.018471058 0.887256026 0.291902483 0.356691033
1548265889.368180 -0.070776597 -0.631932557 1.771845818 0.015949635 0.892869055 0.290826708 0.343438983
1548265889.401890 -0.040686794 -0.637220204 1.778762817 0.017672971 0.896934450 0.290866315 0.332555205
1548265889.435440 -0.017078241 -0.644284606 1.788498640 0.018450003 0.899088204 0.290195614 0.327240705
1548265889.468960 0.011046041 -0.651966989 1.801504374 0.017260332 0.901744425 0.290193409 0.319916964
1548265889.502470 0.021780381 -0.652498782 1.801240087 0.017751573 0.902533352 0.291264862 0.316675305
1548265889.535990 0.019887624 -0.649919450 1.794322014 0.017227123 0.902658463 0.290989041 0.316601187
1548265889.569470 0.026692735 -0.651990235 1.792398214 0.016551675 0.903740048 0.291968048 0.312625319
1548265889.602790 0.070949174 -0.659934819 1.807796597 0.011315388 0.906629920 0.292322516 0.304042280
1548265889.636240 0.124459252 -0.674811602 1.824542999 0.003870008 0.910278082 0.294116408 0.291332036
1548265889.669650 0.163433045 -0.687692165 1.823376298 -0.000167270 0.912115276 0.297523886 0.282002151
1548265889.703150 0.226890579 -0.689514816 1.844812274 -0.006988083 0.915359318 0.297521472 0.271200001
1548265889.736660 0.226259232 -0.687651157 1.840218782 -0.007727780 0.915941358 0.298330843 0.268310159
1548265889.770170 0.273868114 -0.691099226 1.845517993 -0.011007447 0.918035805 0.300032943 0.258977443
1548265889.803680 0.345502585 -0.693745434 1.860374331 -0.016555291 0.921104848 0.301144779 0.246177942
1548265889.837200 0.403179169 -0.703092754 1.865537405 -0.019427726 0.923212707 0.304818928 0.233208641
1548265889.870680 0.437196046 -0.681730986 1.882173777 -0.019374769 0.925953805 0.302853197 0.224753544
1548265889.904200 0.443260938 -0.681695402 1.879745245 -0.022344885 0.926292658 0.303893685 0.221655756
1548265889.937710 0.489495665 -0.685560107 1.876918793 -0.024586530 0.927934170 0.307059646 0.209876388
1548265889.971260 0.527626753 -0.683383048 1.860875130 -0.023776758 0.928679347 0.309931934 0.202315345
1548265890.004790 0.508287489 -0.686254382 1.855780959 -0.023926318 0.928548396 0.310384274 0.202205375
1548265890.038340 0.467469931 -0.669808865 1.838084579 -0.020892283 0.929483235 0.309285611 0.199916944
1548265890.071860 0.474819720 -0.660613954 1.826385379 -0.017810682 0.930489421 0.310186625 0.194052801
1548265890.105380 0.457948744 -0.638396740 1.828050137 -0.015750403 0.931956708 0.307038784 0.192186967
1548265890.138920 0.506661952 -0.633025289 1.827668667 -0.018286131 0.934451342 0.308066189 0.177655831
1548265890.172490 0.556951761 -0.632789552 1.827924252 -0.019750981 0.936647534 0.309811890 0.162227780
1548265890.206090 0.601442933 -0.627041757 1.823692799 -0.022467513 0.938824058 0.310408115 0.147483572
1548265890.239610 0.642643571 -0.626559973 1.815526962 -0.025288379 0.940501094 0.312301517 0.131475911
1548265890.273280 0.535551190 -0.635511100 1.764419198 -0.017720712 0.937316537 0.318017006 0.141381904
1548265890.307030 0.489389986 -0.603415489 1.753391385 -0.012694850 0.938197374 0.315048337 0.142720401
1548265890.340580 0.477997780 -0.594376683 1.733032346 -0.011336098 0.938257575 0.316487879 0.139210656
1548265890.374130 0.413091332 -0.584953725 1.696680069 -0.007974036 0.936810017 0.318922371 0.143568426
1548265890.407670 0.455810905 -0.583621562 1.693431854 -0.009348047 0.938529551 0.320517570 0.127841130
1548265890.441260 0.496688724 -0.584604681 1.688731432 -0.010476926 0.939780772 0.322237611 0.113425128
1548265890.474700 0.527174711 -0.583443820 1.674568772 -0.011042452 0.940200448 0.324788451 0.102047078
1548265890.508220 0.567030847 -0.570562601 1.671437860 -0.013101142 0.941640675 0.324544340 0.088386931
1548265890.541740 0.575257897 -0.571618021 1.673926592 -0.010831069 0.941927254 0.326149583 0.079259977
1548265890.575280 0.617543936 -0.559093058 1.663750172 -0.014243565 0.942697585 0.327094674 0.064245805
1548265890.608840 0.646016657 -0.560819685 1.641041160 -0.014650499 0.942002058 0.331528932 0.050060213
1548265890.642360 0.645269752 -0.554836929 1.638986468 -0.014292315 0.942373455 0.331321627 0.044203192
1548265890.675870 0.586583912 -0.546124876 1.635031819 -0.012550559 0.942504287 0.330870986 0.045305550
1548265890.709400 0.619123280 -0.536171913 1.621311545 -0.014757123 0.942741513 0.331873298 0.029677924
1548265890.742920 0.657466114 -0.522785366 1.602723002 -0.017836273 0.942479312 0.333554804 0.012481018
1548265890.776420 0.686631322 -0.512672544 1.606180668 -0.021127488 0.942736030 0.332842648 -0.004261425
1548265890.809910 0.619988203 -0.532264888 1.578990698 -0.016120376 0.940070689 0.340522289 -0.007199243
1548265890.843410 0.634821415 -0.529963911 1.552516937 -0.015794775 0.938101053 0.345358342 -0.021084586
1548265890.876930 0.671735525 -0.515287042 1.542643428 -0.017822586 0.937406719 0.345749319 -0.037529863
1548265890.910430 0.666018188 -0.513580203 1.534092188 -0.015342037 0.936250091 0.347589225 -0.048806861
1548265890.943930 0.609554589 -0.502245665 1.542785406 -0.007957553 0.936975360 0.345661372 -0.050319962
1548265890.977410 0.611564636 -0.499106586 1.514441252 -0.004865672 0.935224950 0.348836511 -0.060362924
1548265891.010920 0.617854238 -0.501511037 1.516943812 -0.002511727 0.934691072 0.348275393 -0.071067654
1548265891.044310 0.638692439 -0.486543357 1.509191155 -0.000307657 0.934100032 0.346873790 -0.084472455
1548265891.077790 0.651797116 -0.481504440 1.497524977 0.001576801 0.933164656 0.347292453 -0.092678063
1548265891.111210 0.671117842 -0.470688462 1.488633037 0.001983096 0.932366133 0.346544087 -0.102940150
1548265891.144720 0.657663405 -0.467539936 1.477172852 0.009554384 0.931595743 0.347879559 -0.104966275
1548265891.178180 0.679567337 -0.454873711 1.477284670 0.006498698 0.932007015 0.345071852 -0.110662140
1548265891.211530 0.700325012 -0.452748090 1.457314134 0.005853168 0.930128634 0.346744090 -0.120810017
1548265891.245000 0.667483389 -0.465761274 1.451335073 0.009272120 0.930094540 0.348188460 -0.116632015
1548265891.278480 0.648819983 -0.473461896 1.445416570 0.007114473 0.930117548 0.348478377 -0.115730710
1548265891.312000 0.666553617 -0.463324338 1.439213991 0.009796929 0.929193854 0.347715259 -0.124887563
1548265891.345540 0.662853479 -0.465809733 1.434888959 0.010220037 0.929082036 0.347856790 -0.125290751
1548265891.379110 0.633606553 -0.466288567 1.432701111 0.010971233 0.928748548 0.348102719 -0.127005249
1548265891.412580 0.675873756 -0.448736250 1.416567326 0.011686823 0.927377224 0.346881568 -0.139671445
1548265891.446060 0.722954690 -0.428452790 1.400068879 0.007836225 0.926838458 0.344493151 -0.149109185
1548265891.479570 0.677471399 -0.445291460 1.404217601 0.012109121 0.926144958 0.346982569 -0.147349879
1548265891.513080 0.663394153 -0.440142930 1.400180221 0.015416086 0.925966024 0.347223163 -0.147598505
1548265891.546610 0.659644127 -0.439517826 1.395096779 0.016204126 0.925406337 0.348370522 -0.148318753
1548265891.580130 0.652807117 -0.436234027 1.393429041 0.017413128 0.924016893 0.349439353 -0.154213160
1548265891.613670 0.663124323 -0.427060395 1.368441582 0.021044748 0.921936989 0.352542013 -0.159070551
1548265891.647190 0.670736611 -0.414191514 1.364270926 0.022231033 0.922949314 0.351399601 -0.155527115
1548265891.680700 0.665189326 -0.416007280 1.351009488 0.022486875 0.922166646 0.353911161 -0.154434174
1548265891.714190 0.660322070 -0.398259580 1.355234385 0.029818837 0.923285723 0.351907700 -0.151047140
1548265891.747690 0.664352298 -0.401687622 1.332846880 0.026291844 0.923321486 0.354960531 -0.144184589
1548265891.781220 0.665761411 -0.395817608 1.320402145 0.026329223 0.923264802 0.356238067 -0.141362593
1548265891.814810 0.677485406 -0.377044976 1.317971945 0.029772786 0.924431026 0.354542822 -0.137259930
1548265891.848320 0.671103239 -0.368756980 1.301101208 0.028377801 0.924998879 0.356306672 -0.128908172
1548265891.881840 0.675480425 -0.370998919 1.284367085 0.025399972 0.924725771 0.358754426 -0.124628879
1548265891.915370 0.669598579 -0.364964813 1.277871251 0.026206987 0.924874485 0.359960526 -0.119786240
1548265891.948950 0.671157181 -0.360198379 1.257947087 0.023064572 0.924593031 0.362523437 -0.114771657
1548265891.982480 0.676174998 -0.359350562 1.237416863 0.019028358 0.923758388 0.365414768 -0.113050401
1548265892.016020 0.680100620 -0.351658553 1.223262191 0.018538032 0.923552275 0.366596341 -0.110971369
1548265892.049560 0.672643065 -0.352423489 1.205381393 0.014806196 0.923318684 0.368958801 -0.105512038
1548265892.083090 0.678896546 -0.332845896 1.197914004 0.014954642 0.923881471 0.367401332 -0.105998531
1548265892.116610 0.680466115 -0.340341151 1.175079346 0.010020358 0.922939003 0.371090651 -0.101857044
1548265892.150120 0.673163474 -0.331628263 1.169699550 0.009545990 0.923192739 0.370666653 -0.101144820
1548265892.183650 0.677683651 -0.324664176 1.153932333 0.009502803 0.922929466 0.371501178 -0.100487366
1548265892.217160 0.680784583 -0.329525203 1.127358675 0.003718397 0.921902895 0.374832034 -0.097888574
1548265892.250680 0.687759995 -0.313826740 1.119213343 0.003949229 0.922168195 0.373616248 -0.100005865
1548265892.284700 0.687163949 -0.304599464 1.108117580 0.005768221 0.922557116 0.373535395 -0.096573643
1548265892.318240 0.682442844 -0.308743030 1.095227361 0.003325460 0.922332764 0.375206411 -0.092256971
1548265892.351750 0.678649426 -0.292583793 1.093166232 0.006861713 0.923465192 0.372561157 -0.091449909
1548265892.385270 0.681196690 -0.289599210 1.082068682 0.006813903 0.923911810 0.372585148 -0.086722411
1548265892.418790 0.676200211 -0.291072458 1.069019198 0.005334688 0.923623383 0.374299109 -0.082411289
1548265892.452280 0.674295306 -0.277652204 1.067621112 0.008269323 0.924579084 0.372439384 -0.079837278
1548265892.485800 0.674122870 -0.278328925 1.055385947 0.007433391 0.924309850 0.374238402 -0.074442774
1548265892.519220 0.674141407 -0.273589492 1.047577500 0.007385496 0.924130499 0.375127792 -0.072162554
1548265892.552740 0.669201732 -0.260415405 1.049557924 0.011948346 0.924969971 0.373804003 -0.067515463
1548265892.586340 0.669001520 -0.263024509 1.034913301 0.011063487 0.924148500 0.376972318 -0.060983565
1548265892.619770 0.665738940 -0.260948837 1.028653145 0.011581556 0.923378706 0.379316270 -0.057937857
1548265892.653290 0.668012977 -0.244194895 1.031214952 0.016320590 0.923914969 0.378442556 -0.053814232
1548265892.686800 0.662009001 -0.250322163 1.012466192 0.014757911 0.922054291 0.383970290 -0.046529084
1548265892.720320 0.666099191 -0.238434374 1.006205678 0.017358510 0.921428025 0.385518938 -0.045213152
1548265892.753840 0.660114765 -0.236277923 1.001886368 0.018833730 0.920561433 0.388257772 -0.038312890
1548265892.787340 0.669289231 -0.236089766 0.983098984 0.014462482 0.918714404 0.393139541 -0.034583576
1548265892.820710 0.667742968 -0.223778784 0.983859718 0.017252386 0.918549061 0.393660367 -0.031645976
1548265892.854220 0.673538744 -0.220375985 0.970525265 0.015413013 0.917556584 0.396448404 -0.026096527
1548265892.887740 0.673673451 -0.217941135 0.967292309 0.013643266 0.916873276 0.398424804 -0.020368569
1548265892.921260 0.669456899 -0.204116493 0.973437130 0.015400152 0.917238593 0.397801489 -0.013790548
1548265892.954790 0.669109166 -0.212169394 0.961117685 0.010989255 0.914840579 0.403635740 -0.004913146
1548265892.988290 0.678848326 -0.198315307 0.957192838 0.008885037 0.913886547 0.405865163 -0.002428570
1548265893.021750 0.675691307 -0.186241463 0.956737936 0.009580512 0.912771106 0.408324271 0.005324249
1548265893.055180 0.685390234 -0.183989376 0.947354198 0.004773398 0.910342515 0.413650990 0.012108093
1548265893.088680 0.683829486 -0.174522132 0.943518758 0.003127519 0.908511877 0.417344391 0.020496130
1548265893.122210 0.689535022 -0.167186067 0.944875419 0.000924777 0.906646907 0.420973957 0.027773861
1548265893.155710 0.693911731 -0.158836022 0.934630334 -0.002964012 0.904178619 0.425725520 0.034784764
1548265893.189220 0.701270998 -0.146016434 0.938876510 -0.003271669 0.903328419 0.426751435 0.043247040
1548265893.222720 0.702605426 -0.148887455 0.929739416 -0.009052288 0.900217533 0.431829810 0.055222660
1548265893.256230 0.720072806 -0.135570779 0.924591124 -0.012148991 0.898555875 0.434909940 0.057472922
1548265893.289750 0.714925468 -0.125343218 0.933566570 -0.008776941 0.898196101 0.433910340 0.069917746
1548265893.323280 0.718517900 -0.134342983 0.920098841 -0.015964923 0.894429743 0.439644098 0.080334418
1548265893.356810 0.731144428 -0.120680071 0.925553501 -0.015868194 0.894526720 0.439075470 0.082358085
1548265893.390310 0.739233494 -0.109143920 0.934727848 -0.013835681 0.894528568 0.437037379 0.092873536
1548265893.423830 0.739321113 -0.116486013 0.921179712 -0.019944256 0.891021669 0.441057563 0.105597317
1548265893.457350 0.755332470 -0.104627334 0.935272872 -0.020223057 0.892212093 0.438482910 0.106213436
1548265893.490860 0.760871708 -0.102155082 0.934629202 -0.019790316 0.890584946 0.438744962 0.118193306
1548265893.524340 0.763610423 -0.097551264 0.933963478 -0.023017948 0.889242768 0.438267350 0.128993109
1548265893.557850 0.771345377 -0.096441083 0.944889247 -0.023004148 0.889109313 0.437081873 0.133846417
1548265893.591400 0.776063859 -0.093826674 0.942877173 -0.023438076 0.887251914 0.436793000 0.146446690
1548265893.624890 0.785963058 -0.091512106 0.947569430 -0.027625520 0.886387467 0.435461193 0.154685661
1548265893.658400 0.785892010 -0.093298100 0.954177797 -0.025594126 0.885430813 0.434141010 0.163947433
1548265893.691890 0.797205806 -0.092508353 0.955609858 -0.027828716 0.883658826 0.432453454 0.177077919
1548265893.725430 0.805047035 -0.088929661 0.960281372 -0.030153539 0.883376062 0.430031508 0.183876112
1548265893.758920 0.812624037 -0.084747411 0.969540417 -0.026945028 0.883268595 0.426494211 0.192907229
1548265893.792430 0.815061867 -0.090890802 0.966301799 -0.031235196 0.880556405 0.425544322 0.206293061
1548265893.825950 0.822005153 -0.092253223 0.976569712 -0.034632571 0.881273031 0.421902478 0.210135058
1548265893.859450 0.820781887 -0.091641210 0.985747933 -0.035335373 0.881359279 0.417980105 0.217370436
1548265893.892940 0.825021267 -0.092205308 0.989402890 -0.037538692 0.880700409 0.415000975 0.225237265
1548265893.926460 0.836618960 -0.099052228 0.991882801 -0.041158158 0.880353868 0.413722783 0.228290454
1548265893.959970 0.831565797 -0.102267288 0.997747838 -0.041449416 0.879873157 0.410011202 0.236634761
1548265893.993490 0.842698753 -0.103132769 1.009665608 -0.045394875 0.881021261 0.406059742 0.238445699
1548265894.027010 0.849909604 -0.109491818 1.014547110 -0.046728112 0.881545365 0.404135287 0.239518166
1548265894.060510 0.848586082 -0.115563907 1.013360381 -0.045724172 0.880734146 0.402551681 0.245293289
1548265894.094000 0.851701856 -0.115269572 1.028141856 -0.046679549 0.882847607 0.397423834 0.245876804
1548265894.127430 0.851471305 -0.124961480 1.015200734 -0.043379948 0.880521953 0.399681240 0.251105994
1548265894.160950 0.849857569 -0.125998348 1.026602626 -0.042843729 0.880767167 0.395744652 0.256514817
1548265894.194190 0.854933321 -0.127823293 1.036102772 -0.043605469 0.881850183 0.393776894 0.255692363
1548265894.227710 0.855676532 -0.140059307 1.024042487 -0.040814534 0.878906310 0.397752196 0.260098249
1548265894.261220 0.858701289 -0.139722183 1.031288385 -0.041838773 0.878401041 0.395599872 0.264881015
1548265894.294740 0.862115204 -0.141281694 1.037558198 -0.042557545 0.878840327 0.394288212 0.265264690
1548265894.328360 0.859014571 -0.146941110 1.031615734 -0.039952829 0.876782894 0.395335048 0.270861089
1548265894.361920 0.863386154 -0.148505285 1.040393710 -0.042653114 0.876470327 0.392672032 0.275298297
1548265894.395560 0.871082544 -0.150223032 1.048437119 -0.044832073 0.877374113 0.391155124 0.274230689
1548265894.429080 0.869124711 -0.162671566 1.033535242 -0.042304251 0.874122679 0.394663572 0.279929638
1548265894.462460 0.872963488 -0.159315020 1.047708154 -0.044322103 0.874713182 0.389495671 0.284965783
1548265894.495940 0.881454289 -0.164414674 1.052804112 -0.046459213 0.875333607 0.387793422 0.285042048
1548265894.529350 0.872136593 -0.173542932 1.039435387 -0.042236660 0.872567832 0.389048368 0.292374402
1548265894.562970 0.880386412 -0.176998779 1.046585083 -0.042978976 0.871910512 0.385375291 0.299016386
1548265894.596530 0.891300559 -0.180830404 1.055306554 -0.045308720 0.873167157 0.382378519 0.298852712
1548265894.630040 0.883938670 -0.190105677 1.047596574 -0.042419031 0.871214509 0.382476866 0.304790735
1548265894.663670 0.886355579 -0.192888767 1.051248431 -0.042007577 0.869907975 0.379233360 0.312534094
1548265894.697250 0.894327462 -0.197517693 1.059370160 -0.043983992 0.870550215 0.376076669 0.314283520
1548265894.730770 0.884723783 -0.206497267 1.051562071 -0.039619558 0.868266284 0.375254571 0.322068185
1548265894.764280 0.884876907 -0.204612449 1.065941215 -0.040420078 0.867887735 0.368319780 0.330874056
1548265894.797780 0.904581189 -0.215514436 1.073629737 -0.044364039 0.869406462 0.366554320 0.328332484
1548265894.831250 0.900933683 -0.230304092 1.050817728 -0.040379327 0.865782380 0.369414181 0.335147053
1548265894.864670 0.908369422 -0.236364931 1.061072588 -0.041254152 0.865584314 0.364851356 0.340507478
1548265894.898180 0.916415036 -0.237154201 1.078759551 -0.042555340 0.868077636 0.358361244 0.340892196
1548265894.931800 0.907962084 -0.243612260 1.060635328 -0.037324060 0.865633905 0.358514577 0.347494036
1548265894.965360 0.911700904 -0.247324482 1.067084193 -0.035749637 0.864537179 0.353417784 0.355518311
1548265894.998900 0.916645050 -0.252758473 1.077165842 -0.035470691 0.865829945 0.349570632 0.356203228
1548265895.032410 0.904983938 -0.261016279 1.057953000 -0.029869054 0.862533212 0.350501657 0.363720924
1548265895.065910 0.906847060 -0.261964202 1.056356072 -0.028454332 0.859703720 0.346980393 0.373770654
1548265895.099380 0.925536811 -0.264731497 1.084517479 -0.032574903 0.862938821 0.341600746 0.370923787
1548265895.132890 0.925658047 -0.275304407 1.068685889 -0.029862652 0.860644162 0.344858557 0.373460144
1548265895.166460 0.910798609 -0.267316759 1.057424545 -0.024480831 0.856567144 0.342707396 0.385026038
1548265895.199970 0.951622546 -0.284516186 1.085201025 -0.031664472 0.858965635 0.341994256 0.379756868
1548265895.233600 0.940662324 -0.280307025 1.071240783 -0.027878195 0.856484234 0.341657549 0.385911554
1548265895.267120 0.919552624 -0.272308141 1.052097559 -0.019750224 0.851320088 0.339465171 0.399534017
1548265895.300640 0.943860650 -0.279407442 1.077599406 -0.021987600 0.852284968 0.334022850 0.401939839
1548265895.334150 0.960789025 -0.287057340 1.087351203 -0.021829311 0.854254305 0.330232322 0.400898635
1548265895.367700 0.940335989 -0.285586506 1.062041879 -0.013839033 0.850338399 0.327166766 0.411940515
1548265895.401220 0.960204303 -0.301614761 1.077001095 -0.012239862 0.851134360 0.322520822 0.414005816
1548265895.434700 0.970779836 -0.313101947 1.082989097 -0.011642431 0.852405190 0.317565918 0.415236890
1548265895.467870 0.952151656 -0.313997895 1.073735833 -0.005216933 0.849932611 0.310876667 0.425373942
1548265895.501390 0.967993319 -0.329919428 1.080213308 -0.006145875 0.849351883 0.305367380 0.430481583
1548265895.534900 0.975503325 -0.342593133 1.086912036 -0.006891838 0.850041330 0.300120682 0.432793021
1548265895.568420 0.972067714 -0.352993757 1.081667781 -0.005653212 0.847804129 0.296397299 0.439709872
1548265895.601970 0.972324073 -0.361491084 1.083052278 -0.005294954 0.845557511 0.291400254 0.447314560
1548265895.635440 0.990039170 -0.378408551 1.085484624 -0.008748407 0.844641805 0.289413631 0.450270444
1548265895.668930 0.997161806 -0.384154737 1.095082641 -0.008117348 0.845270097 0.285857260 0.451373726
1548265895.702450 0.997930884 -0.387836397 1.098463655 -0.006128257 0.845156133 0.282055825 0.454002231
1548265895.735960 0.999262571 -0.398728609 1.095163345 -0.004620697 0.843122125 0.281342626 0.458224893
1548265895.769480 1.008026958 -0.406514376 1.098327994 -0.003622888 0.842488587 0.280740529 0.459765851
1548265895.803020 1.005519390 -0.407828182 1.096583843 0.000857192 0.840492308 0.278604388 0.464705914
1548265895.836560 1.002772570 -0.412301362 1.093223095 0.004538607 0.837275505 0.277196616 0.471286774
1548265895.870050 1.016170263 -0.428563237 1.092126012 0.003304485 0.835533142 0.278431565 0.473655313
1548265895.903560 1.017651677 -0.431912214 1.091673613 0.006176394 0.834037840 0.277130306 0.477013081
1548265895.937080 1.017449737 -0.440652668 1.083294868 0.008231324 0.829438508 0.277706951 0.484605968
1548265895.970620 1.026600122 -0.447127968 1.083780050 0.009661987 0.826871276 0.277874112 0.488852233
1548265896.004140 1.009989619 -0.440697491 1.082895875 0.016407464 0.821158648 0.274222851 0.500231028
1548265896.037650 1.016301036 -0.448906451 1.082375407 0.016020767 0.816046715 0.273849994 0.508741021
1548265896.071170 1.025132537 -0.457379937 1.083186746 0.014737128 0.812742591 0.274366140 0.513766050
1548265896.104690 1.027962089 -0.457164347 1.076400757 0.015800621 0.806203961 0.272935063 0.524682760
1548265896.138210 1.035982013 -0.463351637 1.079601526 0.014617105 0.800308108 0.270799130 0.534753323
1548265896.171800 1.041846037 -0.465867579 1.071671247 0.014416060 0.792213678 0.269447535 0.547346115
1548265896.205310 1.056029439 -0.472677559 1.075619459 0.009716011 0.785553694 0.267129213 0.558079779
1548265896.238830 1.061525226 -0.472263932 1.078066349 0.007117580 0.779410899 0.262448847 0.568848491
1548265896.272350 1.072598219 -0.478617668 1.079483628 0.003024823 0.772307575 0.259314477 0.579903305
1548265896.306000 1.078584671 -0.479656398 1.097161293 -0.003275559 0.768678784 0.252297819 0.587765217
1548265896.339380 1.086213589 -0.482551903 1.105003715 -0.009986158 0.763780355 0.247737929 0.595957875
1548265896.372900 1.089733243 -0.475685924 1.113360763 -0.016020307 0.758914948 0.239934757 0.605163395
1548265896.406410 1.100293756 -0.483027220 1.118643284 -0.020796007 0.753075480 0.237337917 0.613282621
1548265896.439920 1.105251670 -0.480924100 1.130647779 -0.025643110 0.748585820 0.231824070 0.620660365
1548265896.473440 1.106658340 -0.470721692 1.145636201 -0.031488117 0.744905233 0.223588228 0.627800167
1548265896.506960 1.113814473 -0.484535247 1.150217772 -0.035496470 0.739574850 0.225919500 0.633031964
1548265896.540470 1.115758419 -0.479655236 1.160637140 -0.040268131 0.733138919 0.221195608 0.641839862
1548265896.573990 1.118582845 -0.465368539 1.169378757 -0.046117410 0.728849530 0.214279339 0.648641586
1548265896.607390 1.122351646 -0.468938053 1.179535508 -0.051038500 0.724771917 0.215086222 0.652563095
1548265896.640900 1.129547834 -0.471243948 1.186673284 -0.056085136 0.718259394 0.214992106 0.659345329
1548265896.674410 1.135082483 -0.465001285 1.188283682 -0.060652774 0.711991370 0.213199109 0.666284978
1548265896.707930 1.147850871 -0.452723026 1.187430024 -0.065052815 0.705485225 0.211613804 0.673259497
1548265896.741440 1.143402219 -0.448604554 1.198062897 -0.068106465 0.701190889 0.211527392 0.677457750
1548265896.774970 1.142384171 -0.442530096 1.212387562 -0.071466722 0.697428823 0.209553912 0.681595683
1548265896.808290 1.129835963 -0.437016100 1.237607121 -0.073944643 0.696563840 0.207207143 0.682932079
1548265896.841960 1.140942454 -0.437885493 1.237100959 -0.076919921 0.691346586 0.209104910 0.687312424
1548265896.875480 1.137789607 -0.432893932 1.243781209 -0.078430153 0.687043309 0.207886174 0.691811800
1548265896.908990 1.139215350 -0.424198061 1.251745462 -0.080917515 0.684053898 0.204945445 0.695356011
1548265896.942440 1.148637652 -0.430815279 1.246768355 -0.083005778 0.678215563 0.207621962 0.700019181
1548265896.975870 1.141960740 -0.412943333 1.261589527 -0.085280336 0.675848901 0.200906813 0.703982890
1548265897.009390 1.144949436 -0.417009056 1.265532970 -0.087727286 0.673506737 0.201504141 0.705753982
1548265897.042990 1.145458341 -0.417208612 1.270247698 -0.089515612 0.669376910 0.201424792 0.709471345
1548265897.076510 1.140098095 -0.399944961 1.284396291 -0.090517975 0.668023944 0.196207598 0.712076604
1548265897.110030 1.140846491 -0.404480398 1.282584667 -0.091928564 0.665098011 0.198247120 0.714067101
1548265897.143540 1.151598930 -0.399155796 1.280559063 -0.093822084 0.660730541 0.197621182 0.718037963
1548265897.177060 1.147798896 -0.395782322 1.283328056 -0.095664099 0.658621728 0.195067838 0.720426559
1548265897.210570 1.139640450 -0.380082697 1.292755961 -0.095307350 0.658203542 0.193129390 0.721377611
1548265897.244020 1.143569589 -0.386929870 1.297062635 -0.098442249 0.656051457 0.194339737 0.722590923
1548265897.277540 1.147069931 -0.390735149 1.294484258 -0.100396127 0.653264344 0.195918620 0.724418581
1548265897.311050 1.143477678 -0.380819052 1.297762394 -0.100618564 0.651433945 0.195214525 0.726223826
1548265897.344550 1.144939780 -0.380738080 1.305179238 -0.103253216 0.650378525 0.195198298 0.726804078
1548265897.377990 1.145943999 -0.370946467 1.309427977 -0.103753731 0.649122834 0.195142657 0.727869570
1548265897.411500 1.146288991 -0.374844015 1.313583851 -0.106291473 0.647053659 0.195862040 0.729151368
1548265897.445020 1.154304266 -0.370957732 1.308300614 -0.107040316 0.643815100 0.195981801 0.731871307
1548265897.478530 1.151142955 -0.369559169 1.308757305 -0.107701570 0.642016232 0.195041612 0.733603656
1548265897.512050 1.150045395 -0.373499483 1.315333724 -0.107987076 0.639953732 0.196674138 0.734926760
1548265897.545570 1.153114676 -0.370935500 1.316328049 -0.107512377 0.635181308 0.197153330 0.738996863
1548265897.579080 1.149564624 -0.365966052 1.309340715 -0.107951388 0.630647659 0.195704147 0.743189037
1548265897.612600 1.144887686 -0.377089947 1.322319865 -0.110285401 0.628800511 0.196749344 0.744134903
1548265897.646100 1.136029482 -0.363783032 1.342688680 -0.109834380 0.626484036 0.194210202 0.746817589
1548265897.679600 1.134829283 -0.361788958 1.342731357 -0.111195959 0.622550905 0.193556324 0.750067890
1548265897.713120 1.135750651 -0.369803399 1.354257345 -0.113222674 0.619564116 0.195107356 0.751833797
1548265897.746640 1.123468995 -0.362120479 1.371607304 -0.111782528 0.615154922 0.194044083 0.755933821
1548265897.780160 1.129665852 -0.354402184 1.357359052 -0.112322256 0.607068837 0.192127943 0.762848616
1548265897.813760 1.129050493 -0.352709025 1.362905979 -0.112749159 0.603290498 0.191967949 0.765817583
1548265897.847450 1.115591049 -0.361904234 1.379855037 -0.114174254 0.597955465 0.191128850 0.769989133
1548265897.880960 1.123032212 -0.350941747 1.373107076 -0.115192413 0.590482533 0.188098326 0.776324749
1548265897.914480 1.120495677 -0.349697441 1.380043387 -0.116662145 0.588025212 0.187249184 0.778173506
1548265897.948000 1.114676237 -0.345866829 1.376060128 -0.117225155 0.581245005 0.186242566 0.783406794
1548265897.981670 1.114934802 -0.341291666 1.393271923 -0.120039672 0.576282024 0.182287052 0.787566423
1548265898.015030 1.111683846 -0.340943158 1.397336364 -0.121719822 0.572357178 0.181830376 0.790271640
1548265898.048540 1.108117223 -0.338856339 1.403892040 -0.123398297 0.567567825 0.181761622 0.793474853
1548265898.082030 1.106346011 -0.337516427 1.406761408 -0.125900716 0.562642694 0.180102900 0.796959937
1548265898.115480 1.103356957 -0.338959038 1.409969926 -0.129299328 0.560054541 0.179147020 0.798452795
1548265898.149000 1.106861711 -0.333172053 1.396081567 -0.129583240 0.552368581 0.179573253 0.803648293
1548265898.182520 1.094642043 -0.342380434 1.452173471 -0.133477554 0.552136838 0.176971719 0.803747296
1548265898.216030 1.093851924 -0.343634427 1.453534007 -0.135884002 0.547255039 0.173896685 0.807345867
1548265898.249230 1.090146184 -0.343930900 1.468659282 -0.136673003 0.544396579 0.171974748 0.809553921
1548265898.282750 1.086548805 -0.342260003 1.470317721 -0.136939570 0.537869215 0.167788595 0.814733863
1548265898.316260 1.072409868 -0.343670517 1.483933330 -0.137004465 0.532868803 0.164692074 0.818631291
1548265898.349780 1.077962637 -0.349193513 1.491019845 -0.139008969 0.524394751 0.160004556 0.824672759
1548265898.383300 1.075020552 -0.345568091 1.485610127 -0.138612822 0.520626128 0.156894386 0.827719212
1548265898.416810 1.065498471 -0.346716553 1.495130301 -0.139171496 0.516005397 0.154434368 0.830975175
1548265898.450300 1.063551784 -0.350322098 1.503639698 -0.142034471 0.509185493 0.150797680 0.835354030
1548265898.483760 1.056975961 -0.343517154 1.499548554 -0.142239198 0.503812134 0.150300086 0.838660359
1548265898.517280 1.049815655 -0.335988849 1.501376867 -0.143950954 0.498120487 0.149936914 0.841827214
1548265898.550790 1.047926426 -0.342012048 1.496932030 -0.148863778 0.490371495 0.152763993 0.845008016
1548265898.584310 1.053940177 -0.347399414 1.511572838 -0.157233551 0.484279513 0.152607486 0.847031236
1548265898.617910 1.050148249 -0.344914049 1.508635283 -0.161087960 0.477854133 0.153038368 0.849873722
1548265898.651420 1.051408768 -0.344935745 1.553052545 -0.167304382 0.475322932 0.152974933 0.850103557
1548265898.684960 1.050424218 -0.340787321 1.562217474 -0.170179740 0.475566208 0.153229982 0.849350512
1548265898.718670 1.050736666 -0.347264588 1.580766320 -0.174229637 0.472081929 0.155312240 0.850094557
1548265898.752330 1.060843468 -0.353060544 1.574615121 -0.177667245 0.464383513 0.155932218 0.853503048
1548265898.785730 1.061319947 -0.353743285 1.583517075 -0.179228976 0.462790847 0.156233639 0.853986323
1548265898.819220 1.060758471 -0.357445449 1.592424750 -0.180716783 0.458586454 0.155946478 0.855991006
1548265898.852680 1.065336108 -0.369269550 1.599061131 -0.183506593 0.453142256 0.154227078 0.858604372
1548265898.886190 1.061175108 -0.370569259 1.603752255 -0.182343513 0.451779813 0.152098283 0.859948814
1548265898.919610 1.057352662 -0.362393290 1.606298447 -0.178951398 0.447850645 0.149737105 0.863125145
1548265898.953120 1.054289341 -0.375268877 1.614651203 -0.177573100 0.441847891 0.147207037 0.866930425
1548265898.986740 1.053655505 -0.375324994 1.608761907 -0.174244717 0.439587802 0.143702939 0.869339287
1548265899.020320 1.046454430 -0.380861789 1.615414619 -0.171052501 0.438168079 0.141689613 0.871018827
1548265899.053860 1.033781409 -0.383190006 1.620848894 -0.166920230 0.434468865 0.136028767 0.874568820
1548265899.087370 1.033980489 -0.387223661 1.622636914 -0.164142162 0.432019413 0.131536245 0.876991868
1548265899.120890 1.019328594 -0.388986915 1.634788871 -0.161230862 0.432398170 0.125673845 0.878204167
1548265899.154430 1.010277152 -0.395106882 1.640751839 -0.158296973 0.429751188 0.121301830 0.880648553
1548265899.188040 1.010653377 -0.393872380 1.631994843 -0.154880553 0.424785525 0.114037432 0.884626865
1548265899.221550 1.000144124 -0.396259129 1.636028171 -0.151845828 0.426489502 0.108893223 0.884981275
1548265899.255070 0.986048639 -0.405246168 1.641756177 -0.149492502 0.425177872 0.107129559 0.886227429
1548265899.288680 0.982587159 -0.394832373 1.638542771 -0.145497024 0.419138640 0.100848883 0.890495896
1548265899.322260 0.973658979 -0.400246590 1.640362024 -0.143790975 0.417238533 0.099101648 0.891860425
1548265899.355980 0.965852559 -0.394091845 1.640563011 -0.141511753 0.412688822 0.094876386 0.894796491
1548265899.389500 0.957386315 -0.395862460 1.642311573 -0.140834302 0.408261567 0.092230119 0.897207797
1548265899.423020 0.949730635 -0.396642238 1.643301964 -0.140747204 0.406058460 0.089520395 0.898494720
1548265899.456530 0.948536813 -0.404261589 1.647498131 -0.141415343 0.402924389 0.090041354 0.899747849
1548265899.490050 0.940677106 -0.403689772 1.640650988 -0.141124874 0.394468099 0.087449588 0.903787136
1548265899.523570 0.944474995 -0.404914945 1.643103242 -0.142311230 0.390701562 0.085987240 0.905376196
1548265899.557080 0.935835361 -0.403854102 1.646242380 -0.141626060 0.387928247 0.085169107 0.906752467
1548265899.590600 0.934722185 -0.410137117 1.651386619 -0.143726259 0.383123994 0.082304560 0.908726990
1548265899.624110 0.927960694 -0.406398058 1.654509425 -0.142905787 0.381817639 0.079736814 0.909634650
1548265899.657630 0.921522319 -0.404920012 1.654667974 -0.142424852 0.379981458 0.076450549 0.910760403
1548265899.691140 0.917537034 -0.406331271 1.658034563 -0.142971292 0.377317071 0.073230594 0.912046194
1548265899.724660 0.914763451 -0.402605325 1.658051014 -0.143173188 0.374626338 0.069726326 0.913397372
1548265899.758200 0.906354249 -0.405180335 1.660347223 -0.144171610 0.371887922 0.067363106 0.914535999
1548265899.791710 0.908143103 -0.399695486 1.661786437 -0.144540489 0.368368506 0.063149646 0.916201293
1548265899.825230 0.897685528 -0.398786902 1.667048454 -0.144742355 0.367886722 0.060674973 0.916530192
1548265899.858740 0.895898700 -0.404309660 1.669997096 -0.146214962 0.365002602 0.059307434 0.917538524
1548265899.892260 0.890422881 -0.400707573 1.671396613 -0.146686777 0.362696558 0.056617260 0.918547034
1548265899.925780 0.889638066 -0.398649991 1.673489332 -0.147383273 0.361225337 0.055325914 0.919093847
1548265899.959310 0.891572237 -0.403620034 1.668710113 -0.149478972 0.356458336 0.055897638 0.920580745
1548265899.992880 0.883326650 -0.395421714 1.674770594 -0.151796043 0.354890138 0.051621076 0.921057105
1548265900.026390 0.878043294 -0.384264797 1.674553275 -0.152984142 0.352591366 0.048922997 0.921890259
1548265900.059910 0.852294028 -0.379813850 1.699410796 -0.156616375 0.354111642 0.044597171 0.920916557
1548265900.093510 0.851027369 -0.380386412 1.703673959 -0.160695955 0.351141900 0.041344739 0.921502471
1548265900.127030 0.855730057 -0.378317028 1.702438831 -0.163424879 0.347770572 0.039015833 0.922402143
1548265900.160500 0.852136254 -0.379874617 1.709073305 -0.166330904 0.347276658 0.036818236 0.922159076
1548265900.194060 0.849185526 -0.380180776 1.713590622 -0.167859480 0.345358640 0.035521097 0.922653198
1548265900.227530 0.848742068 -0.375690699 1.710225940 -0.168038771 0.343248099 0.032813106 0.923507988
1548265900.261040 0.849278629 -0.376383990 1.713195443 -0.167908028 0.343812346 0.032758009 0.923323810
1548265900.294560 0.849470258 -0.378168225 1.711254478 -0.167499781 0.342851818 0.032331921 0.923770070
1548265900.328090 0.852795720 -0.375498444 1.711611629 -0.166149721 0.343230456 0.031505577 0.923901796
1548265900.361720 0.848838806 -0.371693522 1.711553454 -0.164111093 0.344155937 0.030025491 0.923971176
1548265900.395240 0.848734975 -0.377052665 1.710564256 -0.163682878 0.344186246 0.029360639 0.924057186
1548265900.428750 0.846498907 -0.375928134 1.708060622 -0.161862001 0.345221639 0.028089212 0.924031198
1548265900.462150 0.843779922 -0.376153916 1.708687067 -0.160817832 0.346023113 0.026300158 0.923966408
1548265900.495660 0.841773808 -0.378864974 1.709340334 -0.160083354 0.346240163 0.025824850 0.924026072
1548265900.529170 0.832981706 -0.368663490 1.708387733 -0.157340765 0.347162753 0.023195140 0.924220681
1548265900.562690 0.830868781 -0.377361655 1.710729837 -0.157607049 0.347609013 0.023988903 0.923987269
1548265900.596200 0.834455490 -0.372950643 1.706958413 -0.155872360 0.345274299 0.023449440 0.925170004
1548265900.629720 0.830724359 -0.367309630 1.703707457 -0.154655918 0.346194804 0.021291725 0.925082326
1548265900.663230 0.828311086 -0.375609189 1.708058715 -0.155308738 0.346931070 0.023125829 0.924653053
1548265900.696750 0.822786987 -0.369273424 1.704730988 -0.154508144 0.345913798 0.020473780 0.925230622
1548265900.730270 0.821799338 -0.367020011 1.706683278 -0.154486343 0.346443355 0.019343207 0.925060451
1548265900.763720 0.827449441 -0.370351911 1.705037117 -0.154949218 0.345000654 0.020100666 0.925505936
1548265900.796880 0.825914025 -0.365750492 1.703595996 -0.154469505 0.344783962 0.018633742 0.925697565
1548265900.830110 0.822595119 -0.366972029 1.703908324 -0.154987857 0.344835579 0.018503051 0.925594270
1548265900.863620 0.821251333 -0.367060304 1.703476667 -0.155002847 0.345606357 0.018397404 0.925306380
1548265900.897140 0.824521184 -0.369778097 1.705683351 -0.155578613 0.344274819 0.019056883 0.925692677
1548265900.930650 0.820948184 -0.363671988 1.702935576 -0.154338524 0.344285280 0.017609898 0.925925016
1548265900.964170 0.828907788 -0.367471904 1.701676250 -0.154810235 0.344149709 0.018790994 0.925873458
1548265900.997830 0.822328210 -0.370726973 1.704145312 -0.155511841 0.344522685 0.018941015 0.925614059
1548265901.031360 0.822708607 -0.369211882 1.705029726 -0.155662194 0.344759315 0.018315284 0.925513268
1548265901.064950 0.820547462 -0.368353724 1.704038501 -0.155566067 0.345231563 0.018732920 0.925345063
1548265901.098530 0.819085836 -0.360437632 1.703562379 -0.155039549 0.345135063 0.018513799 0.925473809
1548265901.132110 0.824103296 -0.368550211 1.706769586 -0.157266602 0.343562096 0.020674067 0.925637543
1548265901.165500 0.820908606 -0.355958283 1.704409957 -0.156139046 0.342927307 0.019296695 0.926093459
1548265901.199020 0.824072659 -0.367790759 1.705390573 -0.158982143 0.342162520 0.021903995 0.925834596
1548265901.232660 0.829556108 -0.369005471 1.704497099 -0.160219580 0.339979231 0.023004711 0.926398754
1548265901.266190 0.831576526 -0.360221475 1.701687336 -0.160328180 0.339489222 0.021716295 0.926590741
1548265901.299730 0.828712583 -0.364059508 1.708990097 -0.162197366 0.340894252 0.022703288 0.925725460
1548265901.333310 0.833195627 -0.366085529 1.703601122 -0.163578257 0.338945895 0.022125889 0.926211834
1548265901.366830 0.825869203 -0.357627243 1.707743406 -0.162913859 0.341380477 0.021112364 0.925458133
1548265901.400280 0.832214177 -0.360455424 1.708088636 -0.164154217 0.340068012 0.022330377 0.925693512
1548265901.433860 0.828213274 -0.356995821 1.707702637 -0.164549127 0.340803623 0.020779390 0.925388932
1548265901.467480 0.829006255 -0.360735655 1.706934333 -0.165483907 0.341041327 0.021024445 0.925129116
1548265901.501120 0.828672349 -0.354910463 1.706331849 -0.165003881 0.341309994 0.019657051 0.925145864
1548265901.534660 0.831449807 -0.361867756 1.709238768 -0.166627824 0.341974527 0.020779762 0.924584627
1548265901.568360 0.829658985 -0.358797848 1.712755919 -0.166276723 0.342237443 0.020908235 0.924547672
1548265901.601880 0.836982965 -0.359724402 1.709225535 -0.166736454 0.340874016 0.021266416 0.924960315
1548265901.635400 0.839271247 -0.365784764 1.709243298 -0.167495564 0.340015084 0.022728516 0.925104558
1548265901.668910 0.838174939 -0.364202231 1.706200361 -0.166845977 0.340292156 0.022219883 0.925132394
1548265901.702430 0.839616418 -0.359634459 1.705666423 -0.164958462 0.341370106 0.023555828 0.925040722
1548265901.735940 0.848272145 -0.365002990 1.701820493 -0.164979175 0.340341449 0.025094157 0.925375521
1548265901.769460 0.848036528 -0.363343477 1.700054526 -0.163516656 0.341319114 0.025897834 0.925252855
1548265901.802970 0.848823726 -0.360512078 1.698259950 -0.161998972 0.342690766 0.026747631 0.924988627
1548265901.836380 0.847139776 -0.361892909 1.699735761 -0.161580488 0.344107896 0.028588830 0.924480498
1548265901.869840 0.851711631 -0.365936965 1.698130608 -0.162264705 0.343060672 0.029552057 0.924719512
1548265901.903350 0.848180294 -0.360255420 1.697569847 -0.160888284 0.345223218 0.029879190 0.924144566
