1548265882.499630 0.000000000 0.000000000 0.000000000 -0.000000000 -0.000000000 -0.000000000 1.000000000
1548265882.533150 0.008351346 -0.008480358 -0.004263524 -0.002706292 -0.007382233 -0.005651928 0.999953151
1548265882.566560 0.073599413 -0.048984583 -0.013204202 -0.010229129 -0.012483862 -0.011279840 0.999806106
1548265882.600030 -0.003901415 -0.005227882 -0.002736087 -0.004711763 0.005991976 -0.012143346 0.999897242
1548265882.633440 -0.001739026 -0.006589118 -0.004125775 -0.006968528 0.004601101 -0.018235024 0.999798894
1548265882.665210 0.005790013 -0.012902845 -0.005390797 -0.011350248 0.012870487 -0.020416718 0.999644279
1548265882.698670 -0.023220025 0.013171836 -0.001610648 -0.009864646 0.017647650 -0.016644396 0.999657035
1548265882.732180 0.003976457 -0.002273857 -0.005070071 -0.015815437 0.009034412 -0.018357109 0.999665618
1548265882.765670 -0.000331839 0.002222600 -0.004382523 -0.018003413 0.010439613 -0.014846496 0.999673247
1548265882.799210 0.007918866 0.003935132 -0.003078421 -0.021136517 0.006634080 -0.010160274 0.999702990
1548265882.832700 0.010747447 0.004271626 -0.003432873 -0.023144444 0.005510461 -0.006637483 0.999694943
1548265882.866180 0.016284244 0.006137159 -0.006458159 -0.024811514 0.003136325 -0.003116274 0.999682426
1548265882.899700 0.024199909 -0.000164717 -0.009161268 -0.026842358 0.001563256 -0.000751215 0.999638259
1548265882.933210 0.027111713 0.005261454 -0.015487385 -0.024972100 0.000881506 0.001948544 0.999685884
1548265882.966730 0.028608426 0.002214929 -0.022106616 -0.023767641 -0.000284053 0.001492965 0.999716461
1548265883.000250 0.031710658 0.000404205 -0.027254336 -0.021674419 0.000808357 -0.000908545 0.999764383
1548265883.033800 0.017527245 0.012774915 -0.037677780 -0.017456867 0.004721309 -0.000997331 0.999836028
1548265883.067340 0.021212507 0.013190984 -0.047741797 -0.015720993 0.003471085 -0.003538185 0.999864161
1548265883.100860 0.016012520 0.016807621 -0.054946721 -0.014259260 0.006071216 -0.005830636 0.999862969
1548265883.134400 0.007822617 0.023737261 -0.061421834 -0.013324515 0.007900761 -0.007289832 0.999853492
1548265883.167910 0.013512850 0.027507370 -0.068511404 -0.013072857 0.007203317 -0.007848559 0.999857843
1548265883.201430 0.007314349 0.033313811 -0.073368028 -0.012475991 0.007654416 -0.007368022 0.999865770
1548265883.234950 0.015807182 0.033575989 -0.079727732 -0.013451599 0.005407498 -0.007523606 0.999866664
1548265883.268460 0.023313794 0.029227279 -0.087102465 -0.015084198 0.006099700 -0.008289803 0.999833286
1548265883.301800 0.011367934 0.040441796 -0.090889581 -0.013961359 0.008855269 -0.006704327 0.999840856
1548265883.335310 0.006996806 0.035946682 -0.091732234 -0.014918474 0.008073768 -0.008472653 0.999820232
1548265883.368830 0.039871741 0.027601631 -0.102074824 -0.015711576 0.004698241 -0.006469763 0.999844670
1548265883.402280 0.031075280 0.034056701 -0.104523331 -0.013697490 0.008432566 -0.004442255 0.999860823
1548265883.435790 0.031334922 0.035483405 -0.108962752 -0.012081991 0.007507971 -0.003885734 0.999891341
1548265883.469300 0.051441636 0.025512483 -0.114730328 -0.012537022 0.006588996 -0.004147782 0.999891162
1548265883.502820 0.041567422 0.034709550 -0.115791447 -0.009991431 0.011555987 -0.002102032 0.999881148
1548265883.536330 0.052269865 0.023633109 -0.125652954 -0.010781942 0.012493760 -0.002674610 0.999860287
1548265883.569820 0.021556539 0.018992878 -0.114184052 -0.011048619 0.024305042 -0.005515281 0.999628365
1548265883.603340 0.036079366 0.026442504 -0.124905609 -0.008352293 0.028026497 -0.000473407 0.999572217
1548265883.636850 0.067328818 0.020611370 -0.132742718 -0.007230674 0.027895797 0.001380925 0.999583721
1548265883.670370 0.025154784 0.032704521 -0.118479341 -0.002962708 0.042776875 0.002089681 0.999078095
1548265883.703910 0.052458283 0.018264679 -0.138080269 -0.002738478 0.043994781 0.004773303 0.999016643
1548265883.737430 0.024102703 0.029791184 -0.128830627 0.001795143 0.056216754 0.002645006 0.998413503
1548265883.770950 -0.012002650 0.047856253 -0.125134513 0.006810430 0.071114533 0.003947257 0.997437119
1548265883.804530 0.041936710 0.027735172 -0.132499874 0.005845279 0.068265311 0.009743672 0.997602522
1548265883.838180 0.009703817 0.036645893 -0.125748187 0.009166695 0.078118704 0.010607872 0.996845543
1548265883.871940 0.040231686 0.023141930 -0.133735076 0.008964790 0.077017218 0.014401512 0.996885478
1548265883.905460 0.046204474 0.024356714 -0.133358940 0.011437356 0.079460464 0.018167902 0.996606886
1548265883.939000 0.040855568 0.022742301 -0.128345951 0.013573720 0.082591288 0.017983884 0.996328771
1548265883.972510 0.005317941 0.020391798 -0.116161339 0.014985221 0.095190503 0.016113959 0.995215833
1548265884.006030 0.021924982 0.021037839 -0.122660458 0.017906513 0.097674668 0.021248395 0.994830430
1548265884.039550 0.007882465 0.025858663 -0.120933875 0.020934317 0.100953862 0.020137448 0.994466960
1548265884.073060 0.040048786 0.013400164 -0.125698090 0.020099739 0.100870691 0.022343121 0.994445562
1548265884.106580 0.058298532 0.014707786 -0.123577617 0.021020573 0.100817807 0.022436546 0.994429767
1548265884.140090 0.041969415 0.026205368 -0.116069607 0.023385940 0.105856240 0.020293294 0.993899286
1548265884.173590 0.002746356 0.029667323 -0.111448899 0.024469908 0.117293924 0.020049592 0.992593288
1548265884.206970 -0.014664435 0.031831618 -0.103457868 0.025703963 0.119832814 0.020535339 0.992248833
1548265884.240470 -0.044464767 0.034144539 -0.091483012 0.026335731 0.127075136 0.018741030 0.991366267
1548265884.273990 -0.082570091 0.030131701 -0.085683882 0.025788212 0.137255833 0.020045716 0.989996970
1548265884.307480 -0.122173347 0.017544268 -0.077511042 0.023634244 0.143499881 0.021040753 0.989144325
1548265884.340990 -0.158035398 0.007821437 -0.063422129 0.020074705 0.153298244 0.020138694 0.987770796
1548265884.374510 -0.190337151 0.001735315 -0.051289964 0.017072057 0.162245825 0.020057667 0.986398757
1548265884.408030 -0.229100078 -0.002893816 -0.036473449 0.014214797 0.171218589 0.018385025 0.984958947
1548265884.441190 -0.267947853 -0.017698981 -0.011362784 0.010082397 0.185753509 0.019218553 0.982356668
1548265884.474710 -0.297829330 -0.017363356 0.004055426 0.009725020 0.194854736 0.020281835 0.980574191
1548265884.508230 -0.336713821 -0.015323868 0.018752687 0.009386165 0.203990504 0.018733760 0.978748620
1548265884.541970 -0.384868890 -0.014261098 0.042712986 0.008911001 0.220435053 0.020222159 0.975151300
1548265884.575610 -0.414294869 -0.009355148 0.062904961 0.009761941 0.231146470 0.022399722 0.972612083
1548265884.609120 -0.454270124 -0.008090433 0.083263703 0.010332695 0.243785262 0.025157133 0.969447851
1548265884.642640 -0.482008994 -0.004500484 0.103288814 0.012298371 0.253584743 0.028954871 0.966801524
1548265884.676150 -0.514992714 -0.006156924 0.120825529 0.013630503 0.264156491 0.032670263 0.963829994
1548265884.709670 -0.548274100 -0.009728784 0.144927770 0.015156073 0.277955741 0.038354848 0.959708214
1548265884.743190 -0.566504121 -0.014247541 0.164849430 0.016281370 0.288377196 0.042846750 0.956419230
1548265884.776700 -0.593794942 -0.012706495 0.179762915 0.019231346 0.299115598 0.048841853 0.952772021
1548265884.810220 -0.623554468 -0.015693326 0.203415543 0.020810282 0.312956333 0.054623280 0.947967112
1548265884.843710 -0.639494956 -0.017521823 0.221478298 0.022062859 0.325431794 0.060493689 0.943370521
1548265884.877190 -0.659914494 -0.021211579 0.238950148 0.022430008 0.336321831 0.066330515 0.939140439
1548265884.910640 -0.679915905 -0.024728008 0.253407687 0.022530653 0.345683992 0.071383387 0.935360551
1548265884.944160 -0.701812744 -0.025507186 0.269656301 0.022866691 0.354636759 0.075597361 0.931662440
1548265884.977740 -0.724384189 -0.028014187 0.291736066 0.021788577 0.363522679 0.078300834 0.928033173
1548265885.011250 -0.745541453 -0.035388034 0.307568192 0.019725272 0.371329099 0.080269977 0.924814761
1548265885.044770 -0.766570508 -0.041948225 0.329403251 0.018205296 0.378174424 0.082321063 0.921887159
1548265885.078290 -0.786694586 -0.058107957 0.351607591 0.012378801 0.386153787 0.081919156 0.918706357
1548265885.111800 -0.822936416 -0.053721264 0.378077537 0.012552273 0.394651264 0.084608369 0.914841115
1548265885.145320 -0.850267887 -0.068160765 0.409503460 0.008453947 0.405720234 0.086161822 0.909887850
1548265885.178890 -0.873667717 -0.064980075 0.432123601 0.009513743 0.412494391 0.089533977 0.906499624
1548265885.212670 -0.897856951 -0.078901090 0.459012687 0.006597596 0.421344608 0.090157084 0.902384043
1548265885.245870 -0.924141288 -0.085380882 0.485482275 0.007095364 0.429614007 0.094797745 0.897994936
1548265885.279380 -0.946371198 -0.096778177 0.507089734 0.006264428 0.435949177 0.097800039 0.894619584
1548265885.312810 -0.964777231 -0.102130979 0.536400199 0.005471233 0.442280799 0.098790519 0.891402423
1548265885.346410 -0.988184452 -0.116351664 0.568979740 0.003158715 0.452799082 0.101475455 0.885813653
1548265885.380420 -1.003837109 -0.116140306 0.594535291 0.003197858 0.460116893 0.102983192 0.881859839
1548265885.413960 -1.023891926 -0.130354956 0.631023049 0.000761499 0.468855411 0.105339475 0.876970708
1548265885.447470 -1.046508193 -0.127353996 0.668307543 0.001475368 0.480888844 0.107914597 0.870113909
1548265885.480990 -1.063973904 -0.130686939 0.698807180 0.000672637 0.489830106 0.109880477 0.864865482
1548265885.514510 -1.075246096 -0.133008271 0.734695435 -0.001217781 0.499387652 0.110513210 0.859300494
1548265885.548020 -1.083260059 -0.145270213 0.744739652 -0.003165456 0.505431831 0.113839895 0.855318129
1548265885.581520 -1.077015162 -0.148077220 0.734354734 -0.004500481 0.507270038 0.116608977 0.853849649
1548265885.614860 -1.084454536 -0.152297437 0.754792273 -0.006284585 0.514073193 0.118037902 0.849562466
1548265885.648370 -1.078464270 -0.163860559 0.748113871 -0.007558656 0.516189992 0.121351659 0.847799838
1548265885.681670 -1.089441895 -0.149598241 0.769278765 -0.006508770 0.522005439 0.119498499 0.844504654
1548265885.715190 -1.083068371 -0.150293112 0.763382912 -0.006088963 0.523496985 0.121593021 0.843284726
1548265885.748850 -1.077066779 -0.154784441 0.757754445 -0.006571249 0.525224686 0.123747483 0.841892242
1548265885.782220 -1.083353996 -0.169116527 0.781552792 -0.009614034 0.532752991 0.125006691 0.836932003
1548265885.815880 -1.077704787 -0.170094818 0.762939215 -0.008269503 0.533898652 0.128723666 0.835651875
1548265885.849400 -1.085762739 -0.179240018 0.788818240 -0.009064033 0.541675389 0.131395325 0.830205381
1548265885.882880 -1.088038564 -0.178718239 0.794245303 -0.007081652 0.545386910 0.133842781 0.827399015
1548265885.916400 -1.079047441 -0.177037746 0.783553481 -0.004932573 0.546514869 0.137517259 0.826066673
1548265885.949930 -1.085031509 -0.184148490 0.804291248 -0.004360823 0.552460015 0.140617624 0.821581185
1548265885.983450 -1.084896088 -0.193358988 0.814976692 -0.003377174 0.556197762 0.144560590 0.818373322
1548265886.016980 -1.077483177 -0.174669564 0.795886934 0.002166199 0.555337846 0.147290722 0.818474650
1548265886.050490 -1.083029151 -0.186815098 0.808141530 0.002289538 0.558893502 0.150853798 0.815399230
1548265886.084010 -1.093933105 -0.196080908 0.834984183 0.002559911 0.563938022 0.152904972 0.811534047
1548265886.117600 -1.094602346 -0.223095536 0.858824611 0.000659731 0.567817926 0.157276854 0.807989120
1548265886.151160 -1.077817321 -0.189374417 0.821240425 0.008219684 0.562347114 0.157492429 0.811723053
1548265886.184730 -1.076307058 -0.191981196 0.811222076 0.010707160 0.560847521 0.159389541 0.812361062
1548265886.218240 -1.082811713 -0.193138868 0.792646646 0.016213519 0.560308456 0.165060297 0.811508894
1548265886.251770 -1.083464861 -0.186919078 0.792320132 0.019466491 0.559921920 0.165641755 0.811585665
1548265886.285280 -1.084551811 -0.195831150 0.795235634 0.019360375 0.561691523 0.166631222 0.810161591
1548265886.318790 -1.079466462 -0.203331321 0.787545323 0.021910354 0.562243402 0.169080809 0.809205830
1548265886.352310 -1.084492922 -0.205471605 0.786873341 0.024062989 0.562836468 0.168723300 0.808806956
1548265886.385830 -1.086422801 -0.212430328 0.796811879 0.025247734 0.565099537 0.169040799 0.807124734
1548265886.419490 -1.073860168 -0.251840323 0.804793239 0.020233583 0.567407489 0.169544399 0.805539608
1548265886.453000 -1.090706587 -0.252253413 0.826761544 0.022555910 0.571714461 0.166658103 0.803031087
1548265886.486520 -1.113502979 -0.262295574 0.846773267 0.023860754 0.576754391 0.166840360 0.799343109
1548265886.520030 -1.120449424 -0.269634455 0.873667598 0.024392556 0.586373329 0.166204885 0.792431235
1548265886.553550 -1.132053137 -0.274734288 0.897510529 0.026156999 0.591092825 0.165584654 0.788991034
1548265886.586910 -1.147503138 -0.284607828 0.920979023 0.026616521 0.599010527 0.164226964 0.783267200
1548265886.620090 -1.150559902 -0.303445935 0.940141439 0.028237734 0.605900526 0.168628603 0.776950181
1548265886.653600 -1.160127878 -0.311248928 0.971959412 0.031100618 0.611489594 0.169288397 0.772304833
1548265886.687120 -1.178581238 -0.318679839 1.002052188 0.031131528 0.621765137 0.168720588 0.764180899
1548265886.720630 -1.178581595 -0.330842584 1.024213195 0.032402668 0.626905024 0.171672583 0.759255350
1548265886.754150 -1.195567012 -0.342758954 1.055701017 0.033328313 0.632994413 0.173036352 0.753834009
1548265886.787670 -1.205215454 -0.353958875 1.083813071 0.031698804 0.641235411 0.174557626 0.746553421
1548265886.821180 -1.214939713 -0.359032571 1.114053130 0.032968298 0.647642195 0.177420527 0.740266621
1548265886.854700 -1.225620866 -0.370717525 1.145581007 0.030592594 0.655043006 0.177432522 0.733825922
1548265886.888210 -1.225702643 -0.388686270 1.178753972 0.027573064 0.663343787 0.181152046 0.725533426
1548265886.921730 -1.234721661 -0.398833483 1.206538320 0.027702970 0.669748068 0.182770610 0.719211459
1548265886.955230 -1.241476893 -0.417207152 1.237663507 0.023822187 0.677396953 0.183681592 0.711917818
1548265886.988750 -1.253125906 -0.418284625 1.265085936 0.024106247 0.684133887 0.184212029 0.705298245
1548265887.022280 -1.260416389 -0.429191321 1.319489837 0.024926977 0.692810655 0.185362339 0.696443021
1548265887.055800 -1.260669589 -0.443288952 1.365953445 0.022905072 0.700899184 0.185123026 0.688436747
1548265887.089320 -1.267753124 -0.460803151 1.393484354 0.022410661 0.706297278 0.187317833 0.682315171
1548265887.122870 -1.269734859 -0.471678019 1.431609511 0.021239776 0.712161839 0.186862543 0.676355600
1548265887.156400 -1.273247600 -0.485498220 1.448392987 0.020908095 0.716439664 0.189174160 0.671185672
1548265887.189910 -1.277372241 -0.484953463 1.500682950 0.023252403 0.721807420 0.187623471 0.665770829
1548265887.223460 -1.267373681 -0.509277701 1.544292569 0.018790923 0.728711665 0.188932791 0.657974720
1548265887.257080 -1.287703514 -0.499626547 1.545397162 0.024824353 0.729788601 0.191548735 0.655821264
1548265887.290490 -1.292279363 -0.486531615 1.532108426 0.027463404 0.728482544 0.191333130 0.657229483
1548265887.324010 -1.284623265 -0.490613401 1.490170836 0.027653057 0.725979090 0.195533276 0.658753693
1548265887.357520 -1.278571844 -0.489401519 1.514515162 0.029195100 0.729407191 0.197580367 0.654274344
1548265887.391040 -1.282818675 -0.506006241 1.567691088 0.026982047 0.734291613 0.198610425 0.648569047
1548265887.424660 -1.288004756 -0.482029259 1.516330719 0.028307540 0.729353964 0.199357331 0.653833389
1548265887.458180 -1.279204249 -0.503749013 1.578112602 0.025556106 0.736469388 0.201197565 0.645352125
1548265887.491690 -1.282252550 -0.486894548 1.537615538 0.026250133 0.732663333 0.200527459 0.649849355
1548265887.525210 -1.284277558 -0.491803706 1.514877200 0.025393648 0.731419206 0.201106951 0.651104569
1548265887.558720 -1.280605555 -0.489140242 1.519813299 0.025666349 0.733598769 0.200628087 0.648785353
1548265887.592200 -1.280477285 -0.493665248 1.532027483 0.025318043 0.735114336 0.199617177 0.647393942
1548265887.625650 -1.274771214 -0.501015127 1.558408380 0.022927508 0.739006937 0.198469371 0.643391848
1548265887.659100 -1.282939911 -0.501269341 1.546977758 0.023558419 0.739655554 0.198986471 0.642463326
1548265887.692610 -1.265130997 -0.506172359 1.543123245 0.027602086 0.738871753 0.204465106 0.641483247
1548265887.726110 -1.261422634 -0.498123050 1.548438787 0.029456304 0.739461660 0.204330370 0.640763521
1548265887.759600 -1.261089206 -0.486900806 1.552345395 0.028872505 0.741686404 0.202325836 0.638852060
1548265887.793080 -1.243803263 -0.510060906 1.540563703 0.030211274 0.741586089 0.211510926 0.635924995
1548265887.826460 -1.245777607 -0.516642451 1.578422308 0.028812660 0.745776296 0.209774822 0.631650388
1548265887.859920 -1.233668089 -0.501446605 1.599092722 0.029110577 0.749492645 0.208742976 0.627566576
1548265887.893440 -1.228617311 -0.498463392 1.583178282 0.030720884 0.748582840 0.211771026 0.627561152
1548265887.926950 -1.220713854 -0.495780855 1.574221611 0.031202197 0.748705983 0.213915005 0.626662791
1548265887.960470 -1.209675431 -0.500563562 1.567209244 0.030984389 0.749907017 0.216715127 0.624270797
1548265887.993980 -1.203604698 -0.510787785 1.573749542 0.031855069 0.752236485 0.219840989 0.620318830
1548265888.027500 -1.181865573 -0.533596158 1.599574327 0.029844182 0.755496562 0.222997785 0.615309954
1548265888.061020 -1.161756754 -0.545921504 1.631659985 0.029748965 0.759570479 0.224663407 0.609667182
1548265888.094560 -1.160449982 -0.541767240 1.670218587 0.031010445 0.764420629 0.223514944 0.603937507
1548265888.128110 -1.127004266 -0.568641007 1.724038243 0.027528327 0.771745443 0.226173982 0.593714178
1548265888.161670 -1.117733240 -0.557620227 1.755890608 0.028758110 0.778331637 0.225797579 0.585139632
1548265888.195670 -1.098286748 -0.557214737 1.784095168 0.028064210 0.784087181 0.225000724 0.577749491
1548265888.229180 -1.078621030 -0.574252605 1.826218486 0.027999144 0.790016115 0.226891369 0.568868101
1548265888.262700 -1.054348469 -0.569600582 1.868546724 0.025846636 0.797001064 0.223207280 0.560624599
1548265888.296210 -1.037562132 -0.590216219 1.864545345 0.027537128 0.798662961 0.229061320 0.555796862
1548265888.329730 -1.016201735 -0.599903345 1.888136268 0.026947258 0.802935243 0.229144603 0.549601376
1548265888.363320 -1.030065894 -0.579525232 1.853440166 0.030058831 0.802601874 0.228035673 0.550387681
1548265888.397010 -1.023866415 -0.575312138 1.841766119 0.031427596 0.803937078 0.228391424 0.548210680
1548265888.430530 -0.997989774 -0.603095293 1.870858669 0.029317854 0.808143854 0.230101570 0.541384637
1548265888.464040 -0.977858901 -0.604127049 1.908266783 0.028450232 0.814846218 0.228843316 0.531833589
1548265888.497380 -0.956387043 -0.611078680 1.928344727 0.027690671 0.818887591 0.229114234 0.525512278
1548265888.530830 -0.935238361 -0.615813494 1.942172170 0.027587270 0.821224689 0.229271680 0.521788836
1548265888.564200 -0.905860424 -0.626637161 1.974097967 0.023941509 0.827261627 0.228935659 0.512497246
1548265888.597340 -0.883445740 -0.640985489 1.988581896 0.023538234 0.831055045 0.231116116 0.505350232
1548265888.630850 -0.853179932 -0.652230501 2.012241840 0.021364806 0.835992098 0.232137084 0.496762842
1548265888.664370 -0.828452826 -0.659480155 2.041671753 0.019888194 0.841344178 0.232290447 0.487632751
1548265888.697880 -0.793055296 -0.670241356 2.076163769 0.017109074 0.847742677 0.232600302 0.476378828
1548265888.731560 -0.748059988 -0.681028962 2.097746611 0.013702930 0.853946984 0.234553292 0.464296818
1548265888.765210 -0.716969252 -0.692816138 2.098461390 0.012643827 0.857608676 0.237495705 0.456007987
1548265888.798810 -0.679149151 -0.698660195 2.130011797 0.008622185 0.864992023 0.237885743 0.441729397
1548265888.832330 -0.645144224 -0.714435458 2.141952276 0.008144995 0.870673001 0.242855698 0.427648604
1548265888.865760 -0.605295181 -0.725680947 2.157302618 0.007433407 0.874979675 0.246723235 0.416512847
1548265888.899140 -0.570933342 -0.726281464 2.182712317 0.006408773 0.880672038 0.247812957 0.403688580
1548265888.932500 -0.522176266 -0.726747096 2.209011555 0.007822381 0.887763619 0.250522763 0.386073887
1548265888.966010 -0.488026619 -0.723498046 2.207509041 0.007759721 0.891243160 0.252992183 0.376324862
1548265888.999530 -0.439879894 -0.720377207 2.243097782 0.006829949 0.898090780 0.253760457 0.359154403
1548265889.033040 -0.406686306 -0.715658545 2.258997202 0.006323953 0.904025733 0.255994946 0.342292368
1548265889.066720 -0.360788584 -0.719316602 2.279106140 0.005165847 0.909913242 0.258372188 0.324461192
1548265889.100280 -0.326520920 -0.719920635 2.302779198 0.005681349 0.916375816 0.259466827 0.304795086
1548265889.133880 -0.292608857 -0.714097917 2.299077034 0.007724421 0.920877874 0.261268407 0.289245963
1548265889.167490 -0.252586603 -0.719739795 2.302661896 0.007557342 0.924501657 0.263827980 0.275017053
1548265889.200830 -0.240602136 -0.720966935 2.320408344 0.006771385 0.927691460 0.262130111 0.265764236
1548265889.234310 -0.209538698 -0.720535696 2.324135780 0.008250356 0.931483567 0.260968596 0.253309578
1548265889.267630 -0.177862525 -0.722803473 2.339047194 0.007395688 0.935374737 0.258340359 0.241412118
1548265889.301080 -0.150217891 -0.732111931 2.363043785 0.008497971 0.939456642 0.255824894 0.227821469
1548265889.334590 -0.121282101 -0.738565445 2.362468719 0.008922769 0.942399204 0.254676044 0.216666237
1548265889.368180 -0.090272069 -0.749718368 2.378693581 0.007803512 0.945926607 0.252588332 0.203374267
1548265889.401890 -0.063408256 -0.752908826 2.373301983 0.010586184 0.948121250 0.252033472 0.193476468
1548265889.435440 -0.037453771 -0.756527543 2.375552177 0.011012089 0.949431360 0.250944942 0.188376009
1548265889.468960 -0.000545502 -0.764583945 2.378880024 0.009810627 0.950941920 0.251525700 0.179855868
1548265889.502470 0.017364144 -0.769441009 2.377145290 0.009491932 0.951282799 0.253183872 0.175695583
1548265889.535990 0.030035853 -0.763878405 2.376371622 0.009034647 0.952125371 0.252318293 0.172369346
1548265889.569470 0.109070897 -0.788221478 2.388202190 0.003729549 0.953898311 0.255387276 0.157611728
1548265889.602790 0.161983490 -0.794138908 2.390906334 -0.001102818 0.955228925 0.256548703 0.147374928
1548265889.636240 0.199187517 -0.796503425 2.386271000 -0.007058489 0.956328094 0.257746935 0.137670949
1548265889.669650 0.249252200 -0.793690324 2.379447222 -0.010579662 0.957759559 0.258611768 0.125318825
1548265889.703150 0.301728606 -0.798651159 2.367673159 -0.015573590 0.958150983 0.261457801 0.115516439
1548265889.736660 0.339328885 -0.799950123 2.369257212 -0.018079797 0.958737195 0.262734234 0.107083693
1548265889.770170 0.385996699 -0.812151432 2.352006674 -0.017327715 0.958392084 0.267663956 0.097675562
1548265889.803680 0.461783290 -0.798148096 2.351666212 -0.024368806 0.959839344 0.266784728 0.083309859
1548265889.837200 0.500132918 -0.782912791 2.354992628 -0.026508264 0.960889220 0.265748143 0.073260762
1548265889.870680 0.510770917 -0.771530867 2.337627649 -0.025860693 0.960651994 0.267505288 0.070142664
1548265889.904200 0.471714973 -0.775673032 2.338246822 -0.025823416 0.960466087 0.267710865 0.071895748
1548265889.937710 0.519192219 -0.771968067 2.324263334 -0.027408864 0.960730076 0.269690424 0.059276197
1548265889.971260 0.554863811 -0.766899407 2.300439358 -0.025480147 0.960816860 0.271346092 0.050528120
1548265890.004790 0.559170902 -0.770811915 2.304545879 -0.027523486 0.960800409 0.271861672 0.046864305
1548265890.038340 0.592855811 -0.774133205 2.293669701 -0.027291443 0.960826993 0.273845941 0.032789443
1548265890.071860 0.569141924 -0.768270612 2.259556055 -0.021619091 0.960308909 0.276280195 0.031758666
1548265890.105380 0.617469370 -0.761419058 2.265876770 -0.024835937 0.961034358 0.274711132 0.018164270
1548265890.138920 0.575871408 -0.771948814 2.255855322 -0.022732584 0.960289419 0.277515531 0.017681349
1548265890.172490 0.561661422 -0.756781280 2.236083508 0.020763610 -0.960773587 -0.276295722 -0.011987776
1548265890.206090 0.540316820 -0.744811416 2.221774340 0.018697521 -0.960949063 -0.275997996 -0.007247217
1548265890.239610 0.568331718 -0.755735874 2.192003727 0.021325447 -0.959680200 -0.280186504 0.007396210
1548265890.273280 0.508618891 -0.744429827 2.185487032 0.015619050 -0.959979236 -0.279560894 0.006455317
1548265890.307030 0.515217543 -0.754973531 2.162364244 0.014337173 -0.958700836 -0.283679992 0.014589233
1548265890.340580 0.528422832 -0.735639036 2.161484480 0.014121547 -0.959158540 -0.281522423 0.023678970
1548265890.374130 0.548551202 -0.718864560 2.150529385 0.013637348 -0.959104359 -0.280478030 0.035566520
1548265890.407670 0.582280397 -0.716377854 2.128623009 0.013264247 -0.957875788 -0.282339156 0.050820772
1548265890.441260 0.621303976 -0.713669121 2.110364914 0.013485601 -0.956697285 -0.283256620 0.065683350
1548265890.474700 0.652768493 -0.712761760 2.086794138 0.012492947 -0.955139339 -0.285175234 0.078917243
1548265890.508220 0.690283835 -0.698127747 2.067733288 0.013491875 -0.953907430 -0.284939229 0.093211323
1548265890.541740 0.642848492 -0.710581005 2.069584846 0.008916536 -0.953098536 -0.287950188 0.092781723
1548265890.575280 0.528379738 -0.698514998 2.079689026 0.006281861 -0.954584420 -0.287000656 0.079748251
1548265890.608840 0.547954321 -0.696520090 2.046462059 0.005607152 -0.952351332 -0.290345222 0.093248464
1548265890.642360 0.569136620 -0.676378965 2.033007145 0.007153810 -0.951722622 -0.288896412 0.103498206
1548265890.675870 0.611737847 -0.649022281 2.020322323 0.011402778 -0.950681686 -0.285809070 0.119948275
1548265890.709400 0.543480635 -0.681672037 2.015926123 0.005847352 -0.948735416 -0.292710930 0.119110405
1548265890.742920 0.573824108 -0.665887713 1.994261026 0.008086783 -0.946374774 -0.292998195 0.135873362
1548265890.776420 0.580188751 -0.669910789 1.971098185 0.008831348 -0.943157613 -0.296714962 0.149452850
1548265890.809910 0.540800273 -0.669609368 1.978505373 0.005388124 -0.941772819 -0.297351360 0.156898603
1548265890.843410 0.545326710 -0.650350690 1.972015262 0.004378642 -0.940048158 -0.296071917 0.169209033
1548265890.876930 0.560692787 -0.640506268 1.948568106 0.004174587 -0.937012136 -0.297573000 0.182869390
1548265890.910430 0.570116162 -0.640842497 1.926645637 0.002746741 -0.933278978 -0.300293356 0.196994320
1548265890.943930 0.536438346 -0.638937235 1.938038349 -0.003679541 -0.932403803 -0.299490064 0.202275693
1548265890.977410 0.533343852 -0.640498817 1.922262907 -0.008127084 -0.929732025 -0.300555497 0.212600082
1548265891.010920 0.553389907 -0.632171333 1.907730222 -0.009789780 -0.926993072 -0.299259484 0.225902408
1548265891.044310 0.543660700 -0.627060711 1.895107865 -0.015193857 -0.924896181 -0.298859984 0.234561369
1548265891.077790 0.550827384 -0.626228869 1.884404659 -0.018385859 -0.922794104 -0.298651934 0.242734477
1548265891.111210 0.539217234 -0.620952249 1.879762530 -0.020859379 -0.921582878 -0.298318595 0.247499511
1548265891.144720 0.553171515 -0.613911629 1.862276793 -0.023002751 -0.920217931 -0.297800273 0.252952516
1548265891.178180 0.553671539 -0.615680575 1.852262855 -0.020636119 -0.919284642 -0.298805624 0.255352855
1548265891.211530 0.530915320 -0.624433994 1.851372004 -0.023861121 -0.918075919 -0.299937546 0.258078933
1548265891.245000 0.552117288 -0.614197969 1.833263755 -0.023554416 -0.917068243 -0.297756970 0.264143765
1548265891.278480 0.582728744 -0.599447608 1.818137050 -0.018762102 -0.915408790 -0.295206428 0.272998035
1548265891.312000 0.580687702 -0.598019302 1.799792171 -0.020445524 -0.913479924 -0.296048373 0.278373450
1548265891.345540 0.545916319 -0.609467506 1.821612835 -0.025178347 -0.915110469 -0.295557290 0.273102134
1548265891.379110 0.529366493 -0.620558500 1.817039728 -0.025111534 -0.913214684 -0.297779024 0.277012646
1548265891.412580 0.539309740 -0.613195777 1.790759802 -0.027469499 -0.910702884 -0.298108011 0.284600168
1548265891.446060 0.544843078 -0.614872336 1.770772219 -0.025510365 -0.909351647 -0.299387723 0.287742555
1548265891.479570 0.509974241 -0.612833142 1.796817064 -0.030538406 -0.910282552 -0.297114462 0.286663830
1548265891.513080 0.540577531 -0.600378752 1.768116117 -0.030354213 -0.907365263 -0.296738803 0.296163738
1548265891.546610 0.529798031 -0.603184938 1.764051199 -0.031127485 -0.906915426 -0.298515052 0.295676053
1548265891.580130 0.510736823 -0.601693511 1.768211961 -0.033307064 -0.905523658 -0.299466372 0.298726261
1548265891.613670 0.526894331 -0.579917312 1.753783941 -0.038402718 -0.903547049 -0.297556400 0.305922002
1548265891.647190 0.529950142 -0.580269933 1.733415961 -0.038738932 -0.903813720 -0.299950242 0.302737474
1548265891.680700 0.518566251 -0.580484867 1.730886698 -0.039288443 -0.904112220 -0.301196694 0.300529838
1548265891.714190 0.509992242 -0.554000556 1.748939991 -0.047663461 -0.907048464 -0.295312852 0.296279579
1548265891.747690 0.508924603 -0.554245651 1.726544380 -0.045380462 -0.908039570 -0.298427522 0.290423393
1548265891.781220 0.506619692 -0.551137567 1.710107327 -0.045033656 -0.908221841 -0.300554037 0.287701786
1548265891.814810 0.517362595 -0.530148864 1.707568407 -0.048584256 -0.910115480 -0.297851086 0.283926308
1548265891.848320 0.507167876 -0.525195837 1.691752553 -0.046484530 -0.911862195 -0.300447702 0.275822043
1548265891.881840 0.497225642 -0.529388547 1.673878789 -0.044601638 -0.912473381 -0.304057062 0.270096987
1548265891.915370 0.498619854 -0.528391600 1.656423330 -0.042761557 -0.912480116 -0.307041228 0.266978145
1548265891.948950 0.487783074 -0.517490566 1.650927424 -0.041536860 -0.914041460 -0.307726145 0.260974169
1548265891.982480 0.486825407 -0.521894455 1.630407095 -0.037721608 -0.913353682 -0.311796963 0.259123176
1548265892.016020 0.485917568 -0.513582647 1.616542935 -0.037485879 -0.913567364 -0.312647343 0.257373571
1548265892.049560 0.473620057 -0.517811179 1.601143360 -0.033925716 -0.913998604 -0.316026717 0.252156436
1548265892.083090 0.476398170 -0.503570557 1.588385940 -0.033455629 -0.914068758 -0.315409064 0.252737492
1548265892.116610 0.473116755 -0.504669309 1.570150018 -0.029563140 -0.914258480 -0.318197131 0.249014154
1548265892.150120 0.466986358 -0.506782174 1.561363339 -0.027537102 -0.913750291 -0.319976419 0.248831674
1548265892.183650 0.462826073 -0.494124651 1.550055146 -0.028377840 -0.914441824 -0.319039017 0.247396305
1548265892.217160 0.458197176 -0.504162192 1.521832705 -0.024057707 -0.913310945 -0.323976219 0.245609015
1548265892.250680 0.460805655 -0.489951372 1.512202024 -0.024087690 -0.913260400 -0.322774619 0.247369736
1548265892.284700 0.458379209 -0.483565986 1.499680638 -0.025140939 -0.913976550 -0.323022902 0.244276673
1548265892.318240 0.450029254 -0.488820434 1.485572934 -0.023210634 -0.914193094 -0.325407892 0.240462154
1548265892.351750 0.443109334 -0.473976254 1.488331795 -0.026321104 -0.915726066 -0.321790099 0.239173889
1548265892.385270 0.442325413 -0.467496037 1.479601741 -0.026627615 -0.917170107 -0.320911050 0.234746754
1548265892.418790 0.434224665 -0.472688079 1.464378715 -0.024704415 -0.917207301 -0.323966026 0.230578765
1548265892.452280 0.428335607 -0.459886849 1.466970205 -0.027464978 -0.918868482 -0.321324408 0.227325693
1548265892.485800 0.425231755 -0.462728441 1.454598546 -0.026519563 -0.919362247 -0.323568732 0.222200528
1548265892.519220 0.424251795 -0.458280563 1.447433114 -0.026259905 -0.919551551 -0.324441195 0.220166832
1548265892.552740 0.421873808 -0.446670711 1.447456241 -0.030239481 -0.920909762 -0.322933465 0.216159463
1548265892.586340 0.413536668 -0.445456624 1.438140988 -0.030361779 -0.921762168 -0.325350553 0.208757758
1548265892.619770 0.409150094 -0.447429538 1.426746249 -0.030224590 -0.921083450 -0.329034567 0.205980763
1548265892.653290 0.415067881 -0.434565842 1.421877503 -0.033470187 -0.921668768 -0.329233646 0.202513367
1548265892.686800 0.407580912 -0.439156830 1.406335115 -0.032932702 -0.921155155 -0.334352106 0.196462095
1548265892.720320 0.405843318 -0.430572987 1.400749087 -0.035075814 -0.921067476 -0.335915178 0.193818182
1548265892.753840 0.403156310 -0.425438881 1.396362543 -0.036901314 -0.921341658 -0.338189274 0.188138217
1548265892.787340 0.398546040 -0.422220230 1.389155626 -0.035176087 -0.921237469 -0.341490477 0.182943791
1548265892.820710 0.406612903 -0.410625875 1.378281593 -0.035496015 -0.920749903 -0.343257308 0.182027757
1548265892.854220 0.401961535 -0.412340105 1.368393064 -0.034450680 -0.920855582 -0.346747845 0.174940452
1548265892.887740 0.402585983 -0.408912241 1.364571214 -0.032865569 -0.921062231 -0.348871589 0.169861183
1548265892.921260 0.406429410 -0.396544278 1.359981537 -0.032932512 -0.921518505 -0.349797547 0.165411085
1548265892.954790 0.400375843 -0.399103999 1.350943565 -0.030092251 -0.921091318 -0.355369240 0.156198755
1548265892.988290 0.407325387 -0.390174747 1.345276117 -0.028076136 -0.920322716 -0.358612418 0.153671637
1548265893.021750 0.406382412 -0.376258731 1.343222499 -0.028527213 -0.920529246 -0.361061305 0.146447480
1548265893.055180 0.402953118 -0.379705071 1.331547856 -0.025552146 -0.918968737 -0.368530244 0.137945652
1548265893.088680 0.406857789 -0.370988071 1.324829817 -0.023386678 -0.918111920 -0.373224467 0.131251767
1548265893.122210 0.407952487 -0.363417208 1.319929838 -0.021219498 -0.917161524 -0.378444850 0.123061247
1548265893.155710 0.410059452 -0.360721767 1.306153893 -0.017332951 -0.915345132 -0.385079771 0.116432272
1548265893.189220 0.416134238 -0.343099177 1.310380220 -0.017347895 -0.916249514 -0.385495931 0.107605018
1548265893.222720 0.415669471 -0.348578870 1.293901086 -0.011821218 -0.914118767 -0.393606275 0.096546628
1548265893.256230 0.425321877 -0.334050417 1.293094635 -0.009749743 -0.913745403 -0.395402223 0.092905685
1548265893.289750 0.424367011 -0.322820187 1.296514034 -0.012545276 -0.914803445 -0.395493329 0.081008248
1548265893.323280 0.430289984 -0.330079973 1.281353354 -0.005548597 -0.912490606 -0.402665108 0.072048210
1548265893.356810 0.439913869 -0.317872941 1.288365602 -0.005223051 -0.913215995 -0.401549846 0.069044016
1548265893.390310 0.455852628 -0.307433963 1.290884852 -0.005870258 -0.914267957 -0.400572419 0.060178000
1548265893.423830 0.442386329 -0.314770520 1.285161018 -0.002351506 -0.913321316 -0.404708892 0.045271162
1548265893.457350 0.456552565 -0.307608724 1.281275749 -0.000091806 -0.913013875 -0.405613333 0.043400642
1548265893.490860 0.469787121 -0.297697723 1.284731627 0.000203656 -0.914060712 -0.404181659 0.033617977
1548265893.524340 0.467847407 -0.297410190 1.281864762 0.003217166 -0.913722873 -0.405767560 0.021282008
1548265893.557850 0.480664968 -0.288914323 1.286222339 0.004889588 -0.914303660 -0.404627770 0.017359404
1548265893.591400 0.485596776 -0.282281280 1.291049480 0.003901080 -0.915271878 -0.402782768 0.005316258
1548265893.624890 0.494201005 -0.286949039 1.281205297 0.009050123 -0.913971484 -0.405663967 -0.003324544
1548265893.658400 0.497020066 -0.286840320 1.287548423 0.007309598 -0.914492249 -0.404361635 -0.011926449
1548265893.691890 0.502881348 -0.278158963 1.295320749 0.008887198 -0.915787339 -0.400653630 -0.027043330
1548265893.725430 0.512395442 -0.279176712 1.294514775 -0.013119705 0.915568888 0.400511324 0.033944875
1548265893.758920 0.516585946 -0.272812188 1.317069888 -0.010371367 0.917852461 0.394318432 0.044184506
1548265893.792430 0.523976505 -0.277750075 1.299687147 -0.015080635 0.916226804 0.396406561 0.056238648
1548265893.825950 0.534093916 -0.279862881 1.302409887 -0.019093879 0.916576385 0.394872874 0.059988711
1548265893.859450 0.538637698 -0.277274072 1.310779095 -0.021576231 0.917594731 0.391264319 0.066833474
1548265893.892940 0.541101038 -0.278523743 1.316225290 -0.024015978 0.917985022 0.388679177 0.075201079
1548265893.926460 0.549172699 -0.282559633 1.317308784 -0.027624378 0.918099165 0.387359768 0.079267822
1548265893.959970 0.551421046 -0.287775874 1.320220828 -0.029289605 0.918119729 0.385622650 0.086564466
1548265893.993490 0.560522079 -0.283844411 1.332646251 -0.033198018 0.919841051 0.380604655 0.089053459
1548265894.027010 0.564839482 -0.291626692 1.331723213 -0.034189407 0.919890165 0.379878491 0.091244474
1548265894.060510 0.567770004 -0.297516227 1.332825422 -0.033820882 0.920048475 0.378337562 0.096060656
1548265894.094000 0.575991154 -0.299192727 1.338232279 -0.035390772 0.921185255 0.375349671 0.096322179
1548265894.127430 0.573807716 -0.304888666 1.339960098 -0.032767519 0.921221733 0.374003559 0.101971678
1548265894.160950 0.577537656 -0.308100522 1.347149134 -0.033438470 0.921524525 0.371720076 0.107232027
1548265894.194190 0.575102210 -0.317341268 1.339290857 -0.032439295 0.920587838 0.373894095 0.108023286
1548265894.227710 0.579008818 -0.319340765 1.343527913 -0.030885700 0.920563459 0.372884214 0.112099633
1548265894.261220 0.579393625 -0.319585621 1.347839355 -0.031354871 0.920287549 0.371747345 0.117862783
1548265894.294740 0.586850286 -0.322947025 1.349902153 -0.032714613 0.920338690 0.371598989 0.117561348
1548265894.328360 0.587009072 -0.329558283 1.349704742 -0.030549193 0.919556141 0.372068465 0.122671850
1548265894.361920 0.589743257 -0.327481896 1.354453921 -0.033019021 0.919641137 0.369914532 0.127801567
1548265894.395560 0.597625732 -0.328872234 1.365200281 -0.035842396 0.920483470 0.367773145 0.127155155
1548265894.429080 0.603947997 -0.343379945 1.351163387 -0.034304779 0.918378949 0.371832132 0.130935699
1548265894.462460 0.603762984 -0.337739825 1.361087203 -0.036267295 0.919186711 0.367202461 0.137633026
1548265894.495940 0.618221641 -0.340322167 1.368494511 -0.038990360 0.920095623 0.365045369 0.136549190
1548265894.529350 0.612103701 -0.352781296 1.358921051 -0.035660360 0.918499589 0.366824746 0.143270746
1548265894.562970 0.620608687 -0.348484010 1.370668173 -0.037538070 0.919564128 0.360971898 0.150638789
1548265894.596530 0.623999834 -0.355358541 1.370585680 -0.038886040 0.919687867 0.359729886 0.152500942
1548265894.630040 0.630434275 -0.368840575 1.365542531 -0.036984041 0.918908894 0.360850692 0.155001566
1548265894.663670 0.634708762 -0.369384617 1.374234676 -0.037817605 0.919107854 0.356794208 0.162814736
1548265894.697250 0.641918063 -0.374379575 1.375879526 -0.039683115 0.919325888 0.354904592 0.165251404
1548265894.730770 0.620036483 -0.392514974 1.356294632 -0.035257202 0.916386366 0.357458860 0.176680714
1548265894.764280 0.626575589 -0.384222090 1.371564865 -0.036690049 0.917548418 0.350186288 0.184738532
1548265894.797780 0.649361134 -0.391263396 1.379122138 -0.040679976 0.919038296 0.347539544 0.181466416
1548265894.831250 0.644429088 -0.403267831 1.365294695 -0.036483299 0.917613149 0.348501474 0.187621474
1548265894.864670 0.647799015 -0.405445516 1.370948911 -0.037161518 0.917785883 0.344138205 0.194568828
1548265894.898180 0.658951640 -0.408878952 1.385608435 -0.039657794 0.919634521 0.338580847 0.195096523
1548265894.931800 0.641652942 -0.415679514 1.365149856 -0.034045082 0.917932153 0.338686407 0.203796774
1548265894.965360 0.648991346 -0.419440687 1.373091102 -0.032583769 0.918198824 0.333812028 0.210757777
1548265894.998900 0.676437855 -0.427422881 1.388265967 -0.035845585 0.920106173 0.330297112 0.207421288
1548265895.032410 0.647395372 -0.425676823 1.375636458 -0.029822828 0.918469071 0.327752829 0.219324514
1548265895.065910 0.655474782 -0.431902856 1.373823404 -0.028640503 0.917164207 0.326070338 0.227305487
1548265895.099380 0.678478003 -0.435194790 1.389595509 -0.033838369 0.918728232 0.322471678 0.225400850
1548265895.132890 0.674044490 -0.447289497 1.375588417 -0.030378597 0.916974366 0.325358033 0.228860930
1548265895.166460 0.673010588 -0.449648649 1.367289662 -0.028032089 0.914930582 0.325108826 0.237530127
1548265895.199970 0.699425936 -0.459360123 1.373771667 -0.031980094 0.914901137 0.325539470 0.236552939
1548265895.233600 0.697503209 -0.458070457 1.370654941 -0.029347479 0.914503694 0.324681967 0.239590213
1548265895.267120 0.661390185 -0.456046700 1.353761554 -0.020331465 0.910881877 0.323084474 0.255924374
1548265895.300640 0.706006885 -0.466265291 1.368821740 -0.025428619 0.911727905 0.319972724 0.256365329
1548265895.334150 0.716954947 -0.470062286 1.368627548 -0.026276238 0.912653089 0.316325426 0.257511705
1548265895.367700 0.682470679 -0.462453365 1.363477111 -0.018446116 0.911900043 0.308677167 0.269845217
1548265895.401220 0.695055962 -0.471350461 1.373786569 -0.016658349 0.912475049 0.302211732 0.275281608
1548265895.434700 0.718882680 -0.479816616 1.380851626 -0.018085247 0.914461017 0.296998084 0.274273962
1548265895.467870 0.676984191 -0.465927869 1.375946045 -0.009432351 0.913312137 0.286750942 0.289043248
1548265895.501390 0.716244221 -0.503139079 1.374186277 -0.015207565 0.912522495 0.286703169 0.291329235
1548265895.534900 0.722167134 -0.514920533 1.377191901 -0.015936840 0.913025379 0.282167494 0.294129670
1548265895.568420 0.725986838 -0.523389101 1.377316475 -0.016420858 0.912372351 0.277970493 0.300065756
1548265895.601970 0.726565719 -0.535326242 1.376738429 -0.016895192 0.910695076 0.274277717 0.308416754
1548265895.635440 0.742111444 -0.546463490 1.382189751 -0.019844988 0.910438955 0.271309853 0.311605722
1548265895.668930 0.754089832 -0.555280626 1.385379553 -0.020344296 0.910837591 0.268749624 0.312625408
1548265895.702450 0.754082322 -0.554082632 1.389401913 -0.019199438 0.911107838 0.263949811 0.315981925
1548265895.735960 0.751340389 -0.573366165 1.376579762 -0.018735038 0.908296049 0.265388310 0.322825611
1548265895.769480 0.748193502 -0.567513406 1.383289218 -0.016416481 0.908193886 0.261180520 0.326648384
1548265895.803020 0.749678612 -0.571042478 1.385879397 -0.012536077 0.907417536 0.258863807 0.330795646
1548265895.836560 0.766898870 -0.591485977 1.381412387 -0.010115505 0.905586421 0.262227803 0.333237827
1548265895.870050 0.777166128 -0.601914346 1.380016446 -0.009687908 0.904427707 0.262250066 0.336365461
1548265895.903560 0.776026607 -0.605444789 1.378323078 -0.006707563 0.903216004 0.260908395 0.340709269
1548265895.937080 0.777062416 -0.615625381 1.371186852 -0.005087643 0.900038302 0.261957675 0.348257720
1548265895.970620 0.781544209 -0.619410276 1.368401766 -0.003697193 0.897836328 0.261345506 0.354365349
1548265896.004140 0.774231195 -0.620272636 1.367831945 -0.000690374 0.894097626 0.259649992 0.364925921
1548265896.037650 0.782182932 -0.628505588 1.365239739 -0.001380261 0.890022516 0.260005236 0.374506742
1548265896.071170 0.789383292 -0.634305596 1.361221075 -0.002459321 0.887163401 0.260627925 0.380799443
1548265896.104690 0.796952009 -0.639693260 1.351514459 -0.000795393 0.882244706 0.262215048 0.391007572
1548265896.138210 0.806135893 -0.645807385 1.353033304 -0.002238688 0.877697766 0.261268705 0.401721805
1548265896.171800 0.812670708 -0.649077892 1.347876310 -0.003856848 0.872106314 0.260534793 0.414170682
1548265896.205310 0.824832916 -0.652135313 1.347573042 -0.007538042 0.866638005 0.259072930 0.426336765
1548265896.238830 0.831376195 -0.652096272 1.356163383 -0.010828825 0.862618864 0.255136520 0.436665624
1548265896.272350 0.841062546 -0.654098570 1.348927498 -0.015656473 0.856172442 0.252809614 0.450345278
1548265896.306000 0.847252607 -0.653843760 1.363919854 -0.023011860 0.852689147 0.247383073 0.459557831
1548265896.339380 0.864303946 -0.658570468 1.372258067 -0.030154591 0.849355698 0.245714322 0.466165334
1548265896.372900 0.872642636 -0.654800832 1.381446600 -0.036971230 0.845737696 0.240927115 0.474673659
1548265896.406410 0.883164644 -0.659960270 1.385255337 -0.042525370 0.840799928 0.238855585 0.483937144
1548265896.439920 0.887155414 -0.655283093 1.404525638 -0.047989804 0.837857664 0.233420178 0.491127878
1548265896.473440 0.897313237 -0.646916389 1.403253913 -0.055094182 0.833297014 0.229247555 0.500026286
1548265896.506960 0.900372624 -0.655297637 1.413978815 -0.059012573 0.829474151 0.229922354 0.505594552
1548265896.540470 0.908176899 -0.647869051 1.413179636 -0.064323895 0.822965682 0.227033824 0.516764522
1548265896.573990 0.912984610 -0.630548954 1.424707294 -0.071409799 0.819764435 0.220332786 0.523775220
1548265896.607390 0.917932749 -0.633662343 1.430913687 -0.076238684 0.815666199 0.222506002 0.528552294
1548265896.640900 0.928085566 -0.637697279 1.432357073 -0.080949992 0.809601545 0.224729061 0.536180317
1548265896.674410 0.932596684 -0.625042558 1.441094041 -0.085653469 0.805303931 0.222197890 0.542933941
1548265896.707930 0.938555837 -0.619995117 1.440795779 -0.089690372 0.799850643 0.223966032 0.549576104
1548265896.741440 0.946891546 -0.615535975 1.453442216 -0.093493387 0.796435773 0.224560633 0.553644061
1548265896.774970 0.947470903 -0.603851080 1.453479528 -0.096597821 0.791577518 0.223333552 0.560531974
1548265896.808290 0.952307105 -0.595643699 1.452729702 -0.099717259 0.787542582 0.222754464 0.565874338
1548265896.841960 0.958729148 -0.594816566 1.453402638 -0.101943277 0.783467770 0.224714205 0.570341527
1548265896.875480 0.956623554 -0.592627645 1.484001160 -0.104757585 0.782327890 0.222826391 0.572134018
1548265896.908990 0.957641721 -0.583888233 1.494004607 -0.107207946 0.780205667 0.220790341 0.575358331
1548265896.942440 0.963954926 -0.586382389 1.491960526 -0.108875550 0.775491118 0.223114029 0.580499649
1548265896.975870 0.963017225 -0.575018406 1.491427183 -0.111726925 0.771709025 0.219874412 0.586206079
1548265897.009390 0.967646837 -0.574908972 1.498798013 -0.113884136 0.770044804 0.220373437 0.587789953
1548265897.042990 0.972367644 -0.576215684 1.494673491 -0.115909986 0.765313625 0.221408829 0.593159556
1548265897.076510 0.968821645 -0.560416400 1.503898025 -0.118079536 0.763434350 0.216729239 0.596869946
1548265897.110030 0.971287251 -0.563159466 1.508703232 -0.119248368 0.761688352 0.218597323 0.598185539
1548265897.143540 0.973966956 -0.561211467 1.514558911 -0.121425405 0.759068429 0.217928037 0.601314008
1548265897.177060 0.971290469 -0.550149977 1.522636652 -0.122054696 0.758071065 0.215829790 0.603198528
1548265897.210570 0.973809361 -0.545999587 1.518276930 -0.123587608 0.755585492 0.216497466 0.605760336
1548265897.244020 0.972505093 -0.542954087 1.526206851 -0.125520214 0.754341781 0.216107801 0.607050776
1548265897.277540 0.973889470 -0.540902078 1.519505501 -0.126166180 0.751485348 0.217562959 0.609933019
1548265897.311050 0.970545292 -0.531315207 1.529433727 -0.127098978 0.750725269 0.216115937 0.611188531
1548265897.344550 0.971505880 -0.530805767 1.535409689 -0.129506111 0.749653995 0.216546819 0.611845136
1548265897.377990 0.974931955 -0.531893015 1.539647341 -0.131063357 0.748243451 0.218523383 0.612537146
1548265897.411500 0.979817867 -0.537116289 1.539016485 -0.133581281 0.745747685 0.220312938 0.614392936
1548265897.445020 0.984686136 -0.532208323 1.532305479 -0.134179533 0.742931187 0.220840991 0.617477536
1548265897.478530 0.980681896 -0.532309473 1.532932281 -0.134178117 0.741418719 0.220926642 0.619262457
1548265897.512050 0.986719966 -0.530393064 1.538983464 -0.133892030 0.739384711 0.222330764 0.621250629
1548265897.545570 0.983469963 -0.525586188 1.547972560 -0.133795813 0.736359358 0.221134573 0.625278473
1548265897.579080 0.981188416 -0.519483387 1.550902486 -0.134921357 0.733560979 0.219704255 0.628820002
1548265897.612600 0.980015993 -0.523845971 1.549686313 -0.134630680 0.730049908 0.222315222 0.632042468
1548265897.646100 0.975384831 -0.520849526 1.557746410 -0.135657489 0.726457357 0.221171692 0.636348903
1548265897.679600 0.978684664 -0.517605305 1.555035830 -0.137281895 0.722477674 0.221371084 0.640448749
1548265897.713120 0.983987451 -0.542107999 1.564247370 -0.141312361 0.719194353 0.224805117 0.642069340
1548265897.746640 0.980867624 -0.538557112 1.558156729 -0.139033616 0.712263763 0.226701871 0.649581611
1548265897.780160 0.973708153 -0.518995285 1.577073336 -0.139099747 0.709692001 0.221907735 0.654022574
1548265897.813760 0.974307179 -0.504783869 1.639051914 -0.140094146 0.713646770 0.217599571 0.650947273
1548265897.847450 0.974002361 -0.499633968 1.634446383 -0.139482766 0.706198871 0.217631698 0.659138978
1548265897.880960 0.967506647 -0.489358366 1.641585827 -0.140500113 0.701524019 0.213903859 0.665108204
1548265897.914480 0.971777797 -0.498168766 1.649330258 -0.144653037 0.698840320 0.214012012 0.667005718
1548265897.948000 0.969020844 -0.493304491 1.655387640 -0.144193858 0.694377899 0.214779779 0.671503603
1548265897.981670 0.968708158 -0.484412014 1.661657572 -0.146891251 0.688491464 0.211138487 0.678102553
1548265898.015030 0.967302978 -0.488467693 1.656394243 -0.150026068 0.683270514 0.210789725 0.682789385
1548265898.048540 0.968348742 -0.485325694 1.671751976 -0.151931807 0.680183709 0.210965633 0.685390711
1548265898.082030 0.967190444 -0.493090451 1.675221682 -0.155362010 0.675223768 0.211779401 0.689264178
1548265898.115480 0.967306137 -0.486592650 1.688539982 -0.157645121 0.674117327 0.210623503 0.690182328
1548265898.149000 0.964741290 -0.477913857 1.689724684 -0.156849071 0.669694185 0.211724937 0.694320381
1548265898.182520 0.965753794 -0.472935438 1.700957298 -0.158753619 0.663914919 0.209020495 0.700231969
1548265898.216030 0.973111272 -0.488285005 1.746113777 -0.165183112 0.663856983 0.207352892 0.699294806
1548265898.249230 0.969952941 -0.488507152 1.759795189 -0.166174054 0.661651313 0.205519617 0.701687574
1548265898.282750 0.966076314 -0.479122162 1.767825007 -0.165856749 0.656721592 0.201245412 0.707607687
1548265898.316260 0.952955782 -0.471721470 1.769307852 -0.164033443 0.650532007 0.198522195 0.714485943
1548265898.349780 0.968962491 -0.492122948 1.783764601 -0.170217514 0.642579377 0.195806250 0.720956147
1548265898.383300 0.966043413 -0.487265587 1.783196926 -0.170891821 0.639637470 0.192263126 0.724358261
1548265898.416810 0.954615414 -0.483718693 1.784479380 -0.169608742 0.635178685 0.190391034 0.729062617
1548265898.450300 0.954244256 -0.489116609 1.799721599 -0.172718272 0.629160345 0.188505992 0.734023988
1548265898.483760 0.949722230 -0.491163969 1.788744926 -0.174639121 0.622843206 0.188825279 0.738858938
1548265898.517280 0.944646716 -0.486033976 1.800247192 -0.177446276 0.618330300 0.188967660 0.741937816
1548265898.550790 0.946277797 -0.479752183 1.818689585 -0.181127146 0.614803493 0.190709442 0.743531823
1548265898.584310 0.947807729 -0.476223826 1.825661898 -0.186122477 0.608438253 0.192124635 0.747160971
1548265898.617910 0.953579962 -0.481235921 1.828803778 -0.191786095 0.602349341 0.194941193 0.749927580
1548265898.651420 0.961574554 -0.491900206 1.830095530 -0.198447138 0.593476951 0.197089836 0.754691660
1548265898.684960 0.962128460 -0.492111385 1.859421730 -0.203899771 0.595575213 0.196840599 0.751644075
1548265898.718670 0.966172755 -0.491601646 1.877315640 -0.206622958 0.592728794 0.198678628 0.752666175
1548265898.752330 0.972389579 -0.490976632 1.862245560 -0.207798377 0.584856689 0.200614646 0.757968545
1548265898.785730 0.977977872 -0.497193933 1.877883196 -0.210780576 0.584071577 0.201556191 0.757500589
1548265898.819220 0.980422199 -0.495727479 1.881711721 -0.211269140 0.579828858 0.201566488 0.760614812
1548265898.852680 0.986905336 -0.508966208 1.884426594 -0.213939399 0.573928773 0.201395273 0.764379323
1548265898.886190 0.983493567 -0.504890144 1.891652822 -0.213110328 0.572907627 0.198135719 0.766226590
1548265898.919610 0.975554407 -0.489602983 1.888870716 -0.207756653 0.569675982 0.195380077 0.770800352
1548265898.953120 0.976085067 -0.506507993 1.915161490 -0.208659396 0.566142559 0.193117827 0.773724437
1548265898.986740 0.974763393 -0.509904206 1.919428229 -0.206773147 0.565663517 0.189284116 0.775526404
1548265899.020320 0.968350291 -0.513571739 1.916175365 -0.202625483 0.562819362 0.186798021 0.779284239
1548265899.053860 0.968321264 -0.514698505 1.920782804 -0.200016171 0.558097303 0.181455523 0.784598529
1548265899.087370 0.965079069 -0.513968050 1.917860746 -0.196651414 0.555684447 0.176430345 0.788299084
1548265899.120890 0.954036236 -0.506760538 1.920221567 -0.191729829 0.554733992 0.170196995 0.791544676
1548265899.154430 0.955925286 -0.529159546 1.939266920 -0.193655819 0.552376866 0.165662870 0.793683171
1548265899.188040 0.942922235 -0.516198099 1.935655951 -0.188384980 0.550322294 0.157841027 0.797961593
1548265899.221550 0.937189162 -0.528056204 1.942773819 -0.188016936 0.551905751 0.153499648 0.797801733
1548265899.255070 0.931956589 -0.547354698 1.961354613 -0.188647166 0.550687134 0.151025876 0.798966289
1548265899.288680 0.929027557 -0.548320174 1.955037951 -0.187019318 0.544632316 0.146313295 0.804358125
1548265899.322260 0.925241232 -0.548970342 1.955701590 -0.184717461 0.542111158 0.144610703 0.806897044
1548265899.355980 0.915052414 -0.540727913 1.950780153 -0.182040334 0.537389278 0.140161663 0.811436296
1548265899.389500 0.912148356 -0.547431231 1.950692654 -0.181994244 0.532367349 0.138957694 0.814956427
1548265899.423020 0.906333387 -0.538129568 1.945788383 -0.180234790 0.529406011 0.135988697 0.817772508
1548265899.456530 0.896288276 -0.547610223 1.963024139 -0.181003541 0.528507054 0.135900319 0.818198800
1548265899.490050 0.891382933 -0.554587007 1.968404889 -0.182534978 0.522018015 0.135026187 0.822159469
1548265899.523570 0.875636339 -0.552014530 2.002070904 -0.184446216 0.523994982 0.130970061 0.821130753
1548265899.557080 0.878682852 -0.558368921 2.003862381 -0.185758844 0.519706428 0.130822778 0.823580205
1548265899.590600 0.868841708 -0.547517121 2.003513813 -0.184072256 0.515899479 0.127311289 0.826896071
1548265899.624110 0.867980778 -0.551316142 2.003879070 -0.184899598 0.513385057 0.125434205 0.828561485
1548265899.657630 0.862930655 -0.548013866 2.007645130 -0.184548572 0.511779189 0.122295834 0.830101013
1548265899.691140 0.857047081 -0.543087780 2.008620024 -0.184097603 0.509265780 0.119048864 0.832216263
1548265899.724660 0.853765488 -0.545955539 2.015401363 -0.186003804 0.507461071 0.116563730 0.833245933
1548265899.758200 0.851161122 -0.547731400 2.015535831 -0.187536046 0.503598809 0.114030056 0.835592985
1548265899.791710 0.845622301 -0.543179512 2.018331051 -0.188003466 0.501163006 0.110281326 0.837453544
1548265899.825230 0.839543343 -0.545433342 2.029221535 -0.189346656 0.500633419 0.108228929 0.837735295
1548265899.858740 0.838359535 -0.539633036 2.027654171 -0.189019769 0.497366041 0.106293306 0.840000212
1548265899.892260 0.838037252 -0.537813246 2.030400276 -0.190194860 0.494919986 0.104155801 0.841446221
1548265899.925780 0.835741222 -0.543418467 2.036527157 -0.192175627 0.494002074 0.104075298 0.841545463
1548265899.959310 0.830949366 -0.541938543 2.033464909 -0.193314731 0.490040034 0.103282131 0.843696058
1548265899.992880 0.827017307 -0.537457645 2.033730030 -0.196125910 0.487062931 0.100760244 0.845074952
1548265900.026390 0.823386014 -0.531201422 2.042011499 -0.198497564 0.485478014 0.099305972 0.845605254
1548265900.059910 0.823661387 -0.526874602 2.048770905 -0.202645898 0.481853336 0.096619874 0.847004592
1548265900.093510 0.823724389 -0.529406667 2.051151514 -0.206840545 0.478460491 0.095224783 0.848071277
1548265900.127030 0.824359834 -0.523250401 2.049791574 -0.209382161 0.475534409 0.092587441 0.849384367
1548265900.160500 0.795907557 -0.521660566 2.097872734 -0.213369817 0.482251257 0.088434391 0.845036328
1548265900.194060 0.791943312 -0.523146927 2.105630875 -0.215154320 0.481069744 0.087414406 0.845363438
1548265900.227530 0.795307875 -0.521126807 2.104037762 -0.216333255 0.478545368 0.085340366 0.846706152
1548265900.261040 0.794742405 -0.519983232 2.101635933 -0.215604469 0.478706300 0.085143752 0.846820891
1548265900.294560 0.797606289 -0.522922575 2.100423574 -0.215543061 0.477572560 0.084981218 0.847492695
1548265900.328090 0.796166301 -0.517913818 2.100406408 -0.214017496 0.478507936 0.083380550 0.847510755
1548265900.361720 0.793139100 -0.520747066 2.101997375 -0.213038146 0.479541302 0.082453877 0.847263992
1548265900.395240 0.792301595 -0.519946218 2.101478577 -0.212010697 0.479613721 0.080799125 0.847640097
1548265900.428750 0.792078674 -0.522232234 2.100985050 -0.211085141 0.480394542 0.079560548 0.847546041
1548265900.462150 0.787435830 -0.515872121 2.099236012 -0.208904579 0.481288552 0.077240191 0.847793758
1548265900.495660 0.785369277 -0.520148337 2.102028370 -0.208798915 0.481712967 0.076658599 0.847631454
1548265900.529170 0.779861510 -0.513848662 2.102231026 -0.206928864 0.482054561 0.074362122 0.848100305
1548265900.562690 0.780127645 -0.521319509 2.101756096 -0.206816494 0.482020706 0.074920096 0.848097920
1548265900.596200 0.777756453 -0.516126275 2.099138498 -0.205086067 0.480558962 0.073884383 0.849437475
1548265900.629720 0.778944016 -0.516353011 2.093703032 -0.204942286 0.480319977 0.072604924 0.849717617
1548265900.663230 0.776172817 -0.522613764 2.098796368 -0.204998180 0.481261224 0.073974423 0.849053085
1548265900.696750 0.773146152 -0.517098844 2.097137451 -0.204646781 0.479912102 0.071677946 0.850097835
1548265900.730270 0.772745788 -0.514940798 2.097938061 -0.204797402 0.480314583 0.070770718 0.849910259
1548265900.763720 0.771991014 -0.516321778 2.096667767 -0.204722181 0.479776412 0.070884444 0.850222826
1548265900.796880 0.774396658 -0.517508268 2.096976995 -0.205647439 0.479099214 0.070252962 0.850433767
1548265900.830110 0.775100410 -0.520413697 2.095842600 -0.206341729 0.478509992 0.070647180 0.850564659
1548265900.863620 0.771460533 -0.516192317 2.098238945 -0.205968693 0.479574293 0.069741435 0.850130320
1548265900.897140 0.773111165 -0.517903566 2.098609447 -0.205960512 0.478756934 0.070691906 0.850514412
1548265900.930650 0.769521296 -0.514497280 2.097568035 -0.205491200 0.478736848 0.069095425 0.850770354
1548265900.964170 0.774250567 -0.517551839 2.096797943 -0.205796465 0.479106694 0.070193417 0.850398481
1548265900.997830 0.771330714 -0.518780291 2.097029686 -0.205853924 0.478767902 0.070389442 0.850559115
1548265901.031360 0.769192636 -0.512292147 2.096232653 -0.205198392 0.479122400 0.069277912 0.850609183
1548265901.064950 0.770504057 -0.515062332 2.096091986 -0.205773845 0.479090124 0.070277460 0.850406349
1548265901.098530 0.766471446 -0.508612394 2.097624540 -0.205222517 0.479575187 0.070280492 0.850265920
1548265901.132110 0.769429207 -0.514534712 2.099777222 -0.206938654 0.478323221 0.071921550 0.850417972
1548265901.165500 0.767552912 -0.508340597 2.098417282 -0.206987888 0.477423102 0.071338609 0.850960672
1548265901.199020 0.767209888 -0.511027157 2.101201057 -0.208054274 0.477475375 0.073045194 0.850526392
1548265901.232660 0.772365987 -0.510499656 2.096436977 -0.208730429 0.475139230 0.074309558 0.851558805
1548265901.266190 0.771577597 -0.502267361 2.095043659 -0.208959252 0.475202978 0.073459178 0.851540923
1548265901.299730 0.771708131 -0.507293940 2.100572109 -0.210827395 0.476035476 0.074569225 0.850518346
1548265901.333310 0.775689244 -0.507108331 2.095429420 -0.211891949 0.474173367 0.074104294 0.851334274
1548265901.366830 0.772458315 -0.505618572 2.100245237 -0.212614134 0.475823432 0.073820695 0.850257576
1548265901.400280 0.774715066 -0.506914198 2.098708153 -0.213507116 0.474879265 0.074517041 0.850500882
1548265901.433860 0.778330684 -0.506005526 2.095474958 -0.214337915 0.474234015 0.074256741 0.850674629
1548265901.467480 0.778211236 -0.506010771 2.098924160 -0.214859083 0.475089282 0.074194603 0.850071192
1548265901.501120 0.778526306 -0.504302025 2.095761776 -0.215338364 0.474778861 0.073227979 0.850207150
1548265901.534660 0.779415309 -0.505114973 2.096967936 -0.215661511 0.475585133 0.073792979 0.849625528
1548265901.568360 0.780266047 -0.508223116 2.099899769 -0.216424689 0.475416899 0.074382327 0.849474251
1548265901.601880 0.779843569 -0.505642831 2.100447655 -0.216429651 0.475512505 0.073900111 0.849461555
1548265901.635400 0.784184396 -0.509488821 2.097308159 -0.216458276 0.474314064 0.075467147 0.849986315
1548265901.668910 0.783130109 -0.506595850 2.094055891 -0.215497509 0.474489689 0.075003572 0.850173473
1548265901.702430 0.785503566 -0.507355154 2.093981743 -0.214377165 0.475546390 0.076518327 0.849731147
1548265901.735940 0.786195219 -0.509104311 2.093272924 -0.213572338 0.476134539 0.077383906 0.849526107
1548265901.769460 0.786066771 -0.504895926 2.089743376 -0.211787567 0.476898611 0.077287011 0.849553108
1548265901.802970 0.782835424 -0.502997637 2.088626623 -0.210270256 0.478772074 0.077707432 0.848837674
1548265901.836380 0.785153985 -0.506000102 2.089620352 -0.209873587 0.479672462 0.079920478 0.848221838
1548265901.869840 0.790602565 -0.507483482 2.084224701 -0.209735811 0.478314102 0.080937386 0.848926187
1548265901.903350 0.789185345 -0.508217514 2.084176064 -0.209470958 0.479960591 0.081437401 0.848013997
