1548340301.917970 0.000000000 0.000000000 0.000000000 -0.000000000 -0.000000000 -0.000000000 1.000000000
1548340301.951310 -0.059370063 -0.004868766 0.018304501 -0.001751346 0.009824446 -0.003163908 0.999945223
1548340301.984230 -0.104154006 -0.002586304 0.027459433 -0.001645223 0.017160282 -0.004685481 0.999840438
1548340302.017590 -0.146050170 0.000518171 0.043800764 -0.002062633 0.023442734 -0.006143523 0.999704182
1548340302.051260 -0.186063468 0.003424647 0.047202561 -0.001149361 0.029652121 -0.008584734 0.999522746
1548340302.084900 -0.214254215 0.005194677 0.055364568 -0.001222665 0.034300786 -0.010043867 0.999360383
1548340302.118440 -0.247487694 0.011071433 0.063300580 -0.000068997 0.039180733 -0.011150316 0.999169946
1548340302.151930 -0.276238948 0.012926355 0.073402986 -0.000200986 0.043965049 -0.011646286 0.998965204
1548340302.185450 -0.295890361 0.022378158 0.074331574 0.001472490 0.046221796 -0.013907774 0.998833299
1548340302.218990 -0.315556496 0.025294345 0.081495441 0.001970111 0.049392063 -0.014353842 0.998674393
1548340302.252500 -0.329462171 0.028832139 0.079556666 0.003118766 0.050872713 -0.015127510 0.998585701
1548340302.286020 -0.343496710 0.030808974 0.081339248 0.003590717 0.053076129 -0.015678901 0.998460948
1548340302.319510 -0.354806215 0.030683398 0.084620573 0.003643163 0.054952469 -0.015892487 0.998355925
1548340302.353030 -0.364715248 0.031752948 0.086812310 0.004131946 0.055855542 -0.015548562 0.998309255
1548340302.386550 -0.370673776 0.031826247 0.087212242 0.004076796 0.056330066 -0.016090935 0.998274207
1548340302.420060 -0.370739877 0.032797787 0.085629672 0.004136835 0.056435715 -0.016795242 0.998256445
1548340302.453600 -0.371702403 0.033141367 0.085198842 0.004191601 0.056769706 -0.016165901 0.998247623
1548340302.487140 -0.372811198 0.034353070 0.082841434 0.004748441 0.056614187 -0.015895486 0.998258352
1548340302.521370 -0.372610152 0.034942631 0.081963964 0.005175385 0.055986557 -0.016917082 0.998274803
1548340302.554900 -0.377815217 0.033936135 0.081202924 0.005392071 0.056779474 -0.017015839 0.998227179
1548340302.588420 -0.383358955 0.032607701 0.079399228 0.005057497 0.056950845 -0.016799912 0.998222828
1548340302.621950 -0.392406046 0.031064071 0.080548041 0.004825335 0.057779554 -0.017060714 0.998171985
1548340302.655570 -0.404958844 0.031801470 0.084450200 0.004893846 0.060055155 -0.016884081 0.998040259
1548340302.688990 -0.414627165 0.038225204 0.080847472 0.006688161 0.061087351 -0.016745729 0.997969568
1548340302.722510 -0.429012924 0.040932506 0.084289968 0.007218163 0.062616624 -0.016197331 0.997880101
1548340302.756020 -0.446102738 0.041569803 0.086937644 0.007307691 0.065035716 -0.016730856 0.997715950
1548340302.789540 -0.462044328 0.044622093 0.091235571 0.007977107 0.067352764 -0.016426211 0.997562110
1548340302.823070 -0.483860850 0.043236148 0.096402578 0.007554988 0.070395365 -0.016432881 0.997355223
1548340302.856570 -0.511542857 0.038924426 0.104404338 0.006579742 0.074537255 -0.016865039 0.997053921
1548340302.890090 -0.533426821 0.036212217 0.103459656 0.006115546 0.076866932 -0.015290619 0.996905327
1548340302.923590 -0.564502060 0.034368247 0.106778391 0.005859646 0.081782460 -0.015546938 0.996511757
1548340302.957110 -0.605326116 0.034130510 0.112215683 0.005780509 0.088465117 -0.013798336 0.995966911
1548340302.990610 -0.637061179 0.035255313 0.121205583 0.006017587 0.090926878 -0.012643438 0.995759130
1548340303.024130 -0.678923965 0.036113515 0.127843201 0.006587260 0.097345740 -0.013903374 0.995131731
1548340303.057620 -0.727504194 0.041342068 0.143635675 0.008183336 0.105733886 -0.014694813 0.994252264
1548340303.091130 -0.766717434 0.033190913 0.147930264 0.005504315 0.109143198 -0.013025425 0.993925452
1548340303.124600 -0.816679716 0.036865838 0.158320695 0.005843605 0.117921941 -0.015937077 0.992877841
1548340303.158110 -0.862305343 0.044164542 0.178981736 0.007585826 0.126300141 -0.016516263 0.991825581
1548340303.191610 -0.884023905 0.048944104 0.186387047 0.008398412 0.128174871 -0.015181101 0.991599798
1548340303.225110 -0.914154708 0.055457503 0.200596690 0.009308974 0.132107630 -0.015441990 0.991071403
1548340303.258580 -0.939432740 0.055905491 0.198741049 0.008623134 0.136470869 -0.015124195 0.990491092
1548340303.291970 -0.963652611 0.065096468 0.207723081 0.010150247 0.140264109 -0.015121174 0.989946604
1548340303.325400 -0.985357225 0.068626978 0.212792620 0.010633688 0.144271061 -0.016855070 0.989337564
1548340303.358890 -1.004800320 0.067162201 0.209998414 0.009045521 0.146664366 -0.015692206 0.989020526
1548340303.392380 -1.005764842 0.062106341 0.212816611 0.006194699 0.143074706 -0.015213332 0.989575565
1548340303.425900 -1.021593332 0.064769730 0.225363046 0.006729727 0.146511734 -0.015893081 0.989058375
1548340303.459420 -1.027102828 0.064581186 0.234452084 0.007123935 0.145738080 -0.018023696 0.989133418
1548340303.492960 -1.059453964 0.067233309 0.234027311 0.008567420 0.156198367 -0.019541200 0.987495303
1548340303.526470 -1.065499187 0.066319577 0.228562936 0.008216275 0.156307697 -0.018219741 0.987506211
1548340303.559990 -1.072186708 0.064727113 0.232933909 0.007779811 0.157329559 -0.018328285 0.987345457
1548340303.593530 -1.077384472 0.062574297 0.235644832 0.007400488 0.158272818 -0.019148258 0.987182081
1548340303.627020 -1.082480311 0.061680414 0.237098873 0.007531228 0.159545258 -0.019704532 0.986965239
1548340303.660510 -1.089879870 0.058390029 0.236393690 0.007009081 0.160947248 -0.019799605 0.986739516
1548340303.693990 -1.097581029 0.061555624 0.236194462 0.008745211 0.162099585 -0.017944660 0.986572444
1548340303.727490 -1.107231140 0.059507724 0.237820014 0.008590880 0.164506406 -0.018048033 0.986173511
1548340303.761010 -1.114982724 0.060211018 0.237151623 0.008302390 0.166076034 -0.018936915 0.985896170
1548340303.794540 -1.124800682 0.063234694 0.238540173 0.009008054 0.167833835 -0.018310828 0.985604107
1548340303.828090 -1.133438945 0.064761691 0.240796536 0.009443602 0.168744713 -0.017835347 0.985453188
1548340303.861610 -1.148386598 0.065187268 0.246436402 0.009945461 0.171824858 -0.016957227 0.984931409
1548340303.895200 -1.163317442 0.066714704 0.248875201 0.010351687 0.174414292 -0.016586743 0.984478235
1548340303.928710 -1.182220459 0.064881280 0.258400500 0.010046903 0.177625597 -0.016478799 0.983908951
1548340303.962260 -1.200096130 0.062678345 0.266931921 0.010184268 0.180684611 -0.015266937 0.983369887
1548340303.995670 -1.218493104 0.058581766 0.268861234 0.009120289 0.181784466 -0.016897125 0.983150899
1548340304.029190 -1.244455338 0.057302166 0.281325251 0.008674756 0.186398268 -0.017339608 0.982282937
1548340304.062700 -1.273588896 0.055840805 0.291815162 0.008221219 0.191127256 -0.018437799 0.981357694
1548340304.096220 -1.297755361 0.053227931 0.300590843 0.008410906 0.193883568 -0.016325926 0.980852604
1548340304.129980 -1.331541181 0.051866658 0.317841649 0.007386200 0.199826136 -0.017467231 0.979647875
1548340304.163500 -1.372387648 0.050685961 0.333599031 0.007244466 0.206849605 -0.017957428 0.978181124
1548340304.197040 -1.411213160 0.050717004 0.353103727 0.007056661 0.213571310 -0.020278100 0.976691544
1548340304.230740 -1.454537868 0.061996359 0.356640518 0.010628658 0.218363732 -0.020924177 0.975585222
1548340304.264070 -1.497994781 0.069373176 0.378983557 0.011101617 0.225836918 -0.023654841 0.973814666
1548340304.297590 -1.545367479 0.087744057 0.393413633 0.014461673 0.233699813 -0.026176704 0.971848845
1548340304.331080 -1.583085179 0.094075747 0.408701062 0.014894837 0.238105819 -0.024342585 0.970819831
1548340304.364340 -1.618329167 0.107020475 0.431061983 0.016449446 0.244345337 -0.026112357 0.969197094
1548340304.397840 -1.645817280 0.119057655 0.447982103 0.017851235 0.248842672 -0.028296662 0.967965901
1548340304.431360 -1.676894546 0.131260559 0.471168160 0.019654490 0.254568905 -0.028851258 0.966424346
1548340304.464870 -1.709730625 0.148292705 0.478392214 0.022251187 0.258321136 -0.027471865 0.965412080
1548340304.498390 -1.708680272 0.152721524 0.471154839 0.021190217 0.250155568 -0.029935954 0.967510760
1548340304.531900 -1.733482718 0.157926425 0.481743038 0.021824813 0.254291087 -0.029712562 0.966424882
1548340304.565440 -1.767889261 0.166199833 0.512639463 0.023816058 0.267223567 -0.029210106 0.962897301
1548340304.598960 -1.784143209 0.170557529 0.526848674 0.024479570 0.270817012 -0.029907428 0.961854696
1548340304.632470 -1.795188427 0.173503846 0.535473824 0.024635416 0.272717923 -0.030667249 0.961289525
1548340304.665990 -1.806469083 0.175577417 0.544122875 0.024979779 0.274772525 -0.030670609 0.960695326
1548340304.699480 -1.812986970 0.173625275 0.547749281 0.024202084 0.275332779 -0.030788207 0.960551083
1548340304.732940 -1.818550706 0.172797650 0.553671181 0.023605328 0.276433706 -0.031134138 0.960238457
1548340304.766520 -1.821875334 0.172672212 0.556305885 0.023552543 0.276524395 -0.030974483 0.960218787
1548340304.800050 -1.840725899 0.176683217 0.550626457 0.024298944 0.278067082 -0.029376520 0.959804833
1548340304.833570 -1.845914125 0.178216234 0.551448226 0.024519881 0.278695732 -0.030172408 0.959592223
1548340304.867100 -1.853199244 0.180154711 0.555804729 0.024442555 0.280471027 -0.030734049 0.959059000
1548340304.900620 -1.862692952 0.184049830 0.557482958 0.024758980 0.282054216 -0.031156166 0.958572805
1548340304.934070 -1.876732826 0.190070093 0.562357366 0.025918985 0.284257621 -0.031597324 0.957876563
1548340304.967590 -1.877003789 0.186183795 0.567907095 0.025461651 0.284520090 -0.031486858 0.957814515
1548340305.001100 -1.876492262 0.175901502 0.573816597 0.023634231 0.284570277 -0.030556632 0.957876563
1548340305.034680 -1.887938023 0.177099943 0.583161831 0.023722166 0.286833823 -0.030474132 0.957201600
1548340305.068200 -1.903260112 0.177965850 0.593182445 0.023963034 0.289618433 -0.030836811 0.956345141
1548340305.101710 -1.923481941 0.182708144 0.606434345 0.024785152 0.293530375 -0.032321814 0.955081701
1548340305.135170 -1.942861438 0.181137800 0.617717862 0.023929410 0.297578454 -0.032530945 0.953842938
1548340305.168740 -1.959516406 0.185360491 0.635418594 0.024066085 0.301468313 -0.033790812 0.952573359
1548340305.202260 -1.999007821 0.191188857 0.643915236 0.025419980 0.306268424 -0.032592602 0.951047480
1548340305.235780 -2.025086403 0.195393130 0.665235341 0.025608987 0.311595470 -0.034767576 0.949233294
1548340305.269290 -2.060271978 0.199718118 0.688381255 0.026152462 0.318430305 -0.036350552 0.946887970
1548340305.302750 -2.096116304 0.203294381 0.715155602 0.026447302 0.325392932 -0.038743921 0.944414616
1548340305.336270 -2.124328613 0.202620968 0.750632524 0.026116490 0.332032979 -0.039104376 0.942094982
1548340305.369780 -2.156192780 0.196552634 0.751540065 0.025203742 0.334511280 -0.036724862 0.941338599
1548340305.403290 -2.197335720 0.210253954 0.770261645 0.026480289 0.340436220 -0.039869439 0.939048707
1548340305.436550 -2.215570211 0.217008933 0.798926353 0.027019672 0.345596462 -0.040010177 0.937140465
1548340305.470040 -2.242617846 0.219234347 0.812934637 0.027460368 0.349892676 -0.038246363 0.935605824
1548340305.503560 -2.279732704 0.237114802 0.845606923 0.029192550 0.357951850 -0.043633353 0.932263076
1548340305.537070 -2.297778606 0.247861251 0.867733717 0.030581824 0.362443894 -0.044622909 0.930434346
1548340305.570560 -2.330313206 0.249690190 0.881977797 0.030130234 0.368064642 -0.046169706 0.928164303
1548340305.604070 -2.301408052 0.246868819 0.876576841 0.029995468 0.362201333 -0.043183148 0.930615783
1548340305.637590 -2.309361219 0.249074817 0.891758502 0.030506704 0.364598870 -0.043429539 0.929650962
1548340305.671110 -2.318215370 0.253301948 0.902292013 0.031028997 0.366822869 -0.043512125 0.928754508
1548340305.704650 -2.324531078 0.250359178 0.913808405 0.030015398 0.368594289 -0.043744974 0.928075314
1548340305.738140 -2.328236580 0.249492213 0.922894418 0.029365700 0.369754493 -0.044534605 0.927596927
1548340305.771640 -2.332882881 0.254129976 0.922458053 0.030428126 0.370167315 -0.044559889 0.927396774
1548340305.805150 -2.338825464 0.254050612 0.928690195 0.030134344 0.371604711 -0.045407433 0.926790178
1548340305.838570 -2.346111774 0.255426913 0.935436606 0.030551206 0.372997433 -0.044891827 0.926242054
1548340305.872070 -2.351612568 0.258961201 0.937729716 0.030947916 0.373665392 -0.045247663 0.925942242
1548340305.905580 -2.350115299 0.255852282 0.937223077 0.030751251 0.373334110 -0.045277622 0.926080942
1548340305.939090 -2.356366158 0.255951405 0.939064384 0.031023432 0.373912185 -0.044846017 0.925859690
1548340305.972610 -2.354242563 0.254947692 0.936975360 0.030346023 0.373283535 -0.045542493 0.926101804
1548340306.006100 -2.355550051 0.252384275 0.942161977 0.030047791 0.373904884 -0.044655457 0.925903976
1548340306.039580 -2.359394312 0.255907536 0.948093474 0.030629631 0.374904007 -0.044934392 0.925467372
1548340306.073100 -2.362004519 0.261406481 0.950886488 0.031182552 0.375339210 -0.045624547 0.925238669
1548340306.106580 -2.357349873 0.256987363 0.943713903 0.030289099 0.374131024 -0.045379851 0.925769567
1548340306.140130 -2.354957819 0.255697787 0.937164545 0.030134784 0.373145103 -0.045219451 0.926180303
1548340306.173640 -2.358354092 0.261809647 0.933772743 0.031331118 0.373276234 -0.046213575 0.926038623
1548340306.207160 -2.338682413 0.262155920 0.914817929 0.032157622 0.369201601 -0.044833697 0.927710116
1548340306.240650 -2.299612045 0.257707983 0.874905944 0.032327455 0.360862672 -0.043259338 0.931054115
1548340306.274160 -2.285528898 0.245034277 0.860727668 0.030312020 0.358013421 -0.042593550 0.932251811
1548340306.307670 -2.298992157 0.261556983 0.871837020 0.032051548 0.360653967 -0.043989174 0.931110322
1548340306.341220 -2.286769390 0.258980662 0.862195551 0.031815290 0.358112395 -0.043449905 0.932124138
1548340306.374740 -2.287340164 0.261740476 0.862696409 0.031925332 0.358108938 -0.044129897 0.932089746
1548340306.408290 -2.284146786 0.257475376 0.858824134 0.031501796 0.357363701 -0.043682236 0.932411313
1548340306.441810 -2.280725002 0.253883719 0.859363973 0.030623959 0.356820345 -0.043661918 0.932649493
1548340306.475450 -2.270174980 0.249641374 0.846195877 0.030222779 0.354200900 -0.043222189 0.933681011
1548340306.509280 -2.257576466 0.241452813 0.834074497 0.029460922 0.351473093 -0.042621166 0.934763253
1548340306.542830 -2.232669830 0.233084396 0.809858322 0.028373064 0.346359193 -0.041836582 0.936739087
1548340306.576350 -2.207040548 0.218454763 0.788992286 0.026372595 0.341219097 -0.040093590 0.938758016
1548340306.609860 -2.176136494 0.207885236 0.763411403 0.024990739 0.334961861 -0.039043069 0.941090763
1548340306.643380 -2.149160862 0.200548530 0.740737081 0.024174666 0.329634786 -0.038629726 0.943008065
1548340306.676860 -2.114722729 0.193546623 0.717865884 0.023292711 0.323851824 -0.038005367 0.945057154
1548340306.709890 -2.084694147 0.188463002 0.690408707 0.022717619 0.317629933 -0.036239352 0.947249651
1548340306.743410 -2.052838802 0.183900714 0.666106343 0.022189174 0.311638385 -0.035581797 0.949275076
1548340306.776920 -2.028302193 0.181069091 0.643703818 0.021492209 0.307117462 -0.034737144 0.950794578
1548340306.810440 -1.994309902 0.178238317 0.627701759 0.020321781 0.301723301 -0.033227533 0.952599645
1548340306.843960 -1.969708323 0.175558448 0.614195704 0.019392716 0.297848940 -0.033241142 0.953837037
1548340306.877470 -1.953734517 0.177241132 0.596683323 0.019558052 0.294810593 -0.031862613 0.954824090
1548340306.910990 -1.929062128 0.170704439 0.602146208 0.018458977 0.292154074 -0.031590085 0.955671191
1548340306.944500 -1.906897545 0.172075152 0.589317679 0.018739047 0.288673222 -0.030744597 0.956750453
1548340306.978020 -1.886541724 0.168386877 0.581225812 0.018257104 0.285833210 -0.029379550 0.957654953
1548340307.011540 -1.861359596 0.169591382 0.577926040 0.018203629 0.282684356 -0.029225655 0.958594859
1548340307.045050 -1.849083900 0.169104293 0.570065916 0.018106528 0.280728161 -0.029515855 0.959162533
1548340307.078760 -1.839864016 0.168041274 0.563597918 0.017894696 0.279441953 -0.028918842 0.959560156
1548340307.112290 -1.840315580 0.166868716 0.560078800 0.017930729 0.279714346 -0.028146788 0.959503055
1548340307.145810 -1.837316394 0.167513460 0.555734456 0.018235806 0.279389650 -0.027288266 0.959616721
1548340307.179380 -1.830111265 0.165553421 0.555088043 0.017912604 0.278748870 -0.026409524 0.959833741
1548340307.212910 -1.828737497 0.167780504 0.555041194 0.017922305 0.278765410 -0.026930854 0.959814250
1548340307.246440 -1.829069376 0.165051192 0.553312540 0.017634273 0.278848797 -0.026554389 0.959805906
1548340307.279970 -1.824653387 0.167093307 0.553619444 0.018057341 0.278475642 -0.026422726 0.959909976
1548340307.313570 -1.824423790 0.166029036 0.550486863 0.017844219 0.278569430 -0.026445149 0.959886134
1548340307.347080 -1.816112399 0.166839808 0.550100207 0.017517889 0.277516425 -0.026928551 0.960183680
1548340307.380600 -1.809995651 0.167872831 0.549949765 0.017724087 0.276680171 -0.026497416 0.960433185
1548340307.414230 -1.806780577 0.166674495 0.544232607 0.017612416 0.276193470 -0.026331317 0.960579872
1548340307.448260 -1.800628901 0.162488535 0.544744611 0.017137945 0.275717467 -0.025990566 0.960734427
1548340307.481770 -1.797406316 0.158011034 0.541216373 0.016457055 0.275059879 -0.025499543 0.960947990
1548340307.515290 -1.794806719 0.157159179 0.538859487 0.016550262 0.274261892 -0.025366455 0.961178005
1548340307.548800 -1.788630724 0.155217499 0.534660339 0.016150178 0.273183644 -0.025911137 0.961477280
1548340307.582320 -1.782664061 0.158647001 0.527710319 0.016662925 0.272158444 -0.026147343 0.961752772
1548340307.615840 -1.777621150 0.160239384 0.522586107 0.016890086 0.270972162 -0.025631253 0.962097645
1548340307.649350 -1.769553900 0.160959199 0.514540255 0.017166110 0.269213706 -0.026298549 0.962568283
1548340307.682870 -1.752380729 0.154387459 0.507127762 0.016184466 0.266495168 -0.026256049 0.963342667
1548340307.716260 -1.736655474 0.151597261 0.497001231 0.015805669 0.263683379 -0.025871664 0.964132726
1548340307.749570 -1.722105145 0.147644177 0.488939375 0.015611196 0.261140734 -0.025734974 0.964831352
1548340307.783090 -1.697221994 0.139672503 0.474785000 0.014738306 0.257543683 -0.025891997 0.965807259
1548340307.816610 -1.673856616 0.131346241 0.460289776 0.013327600 0.253742456 -0.024891129 0.966859639
1548340307.850120 -1.643618345 0.120127924 0.446012259 0.011402603 0.248746276 -0.022929385 0.968230128
1548340307.883640 -1.618030310 0.112939447 0.428480178 0.010637871 0.244385108 -0.023105888 0.969344616
1548340307.917150 -1.575631857 0.099146806 0.423959821 0.009055891 0.237912253 -0.023013286 0.970971763
1548340307.950670 -1.545185685 0.083629854 0.397186697 0.006653129 0.232664108 -0.019075790 0.972347319
1548340307.984190 -1.504064202 0.081076197 0.392844737 0.006527583 0.226621881 -0.021812910 0.973716676
1548340308.017700 -1.463521600 0.078861907 0.377078354 0.006820298 0.220251009 -0.021141862 0.975190282
1548340308.051220 -1.432961941 0.068215758 0.351723731 0.005544491 0.214939699 -0.018395675 0.976438344
1548340308.084750 -1.394103765 0.068594955 0.339903533 0.005447392 0.208983600 -0.020422297 0.977690697
1548340308.118280 -1.368534327 0.068525314 0.321369141 0.005650872 0.205032676 -0.019270200 0.978549123
1548340308.151790 -1.348812699 0.078067809 0.304347128 0.007107627 0.202315062 -0.021233387 0.979064465
1548340308.185300 -1.319639683 0.073563360 0.298958123 0.006722048 0.197669312 -0.017250769 0.980093956
1548340308.218820 -1.289049983 0.074855857 0.295000345 0.007075036 0.193372279 -0.015651148 0.980975151
1548340308.252330 -1.276326656 0.085996434 0.276655436 0.008727566 0.191654041 -0.017613553 0.981265724
1548340308.285830 -1.258971810 0.089551486 0.267609775 0.009209712 0.189628467 -0.019015862 0.981628597
1548340308.319290 -1.242527366 0.095079966 0.250347644 0.010744307 0.187069252 -0.018242510 0.982118607
1548340308.352770 -1.228258967 0.090292625 0.254806072 0.009237406 0.185800657 -0.015310747 0.982424796
1548340308.386210 -1.217772841 0.092476606 0.249455601 0.010118280 0.184073895 -0.015843030 0.982732654
1548340308.419720 -1.205292940 0.093883730 0.239006639 0.010827466 0.182101071 -0.015123193 0.983103991
1548340308.453240 -1.192749619 0.098691031 0.229708448 0.012774303 0.179820374 -0.014322582 0.983512282
1548340308.486720 -1.195368767 0.100540198 0.221400782 0.013208448 0.181025997 -0.011994784 0.983316481
1548340308.520240 -1.189215541 0.099769384 0.213667065 0.013421759 0.179929391 -0.010598393 0.983530939
1548340308.553730 -1.184622765 0.098644227 0.210149005 0.013086662 0.179835767 -0.010075658 0.983558059
1548340308.587240 -1.173839092 0.100541905 0.206897378 0.013491246 0.177476525 -0.011077163 0.983970284
1548340308.620760 -1.169444323 0.098785266 0.207727119 0.012469443 0.177971527 -0.011868187 0.983885050
1548340308.654270 -1.170714140 0.092330478 0.207003042 0.010892535 0.178592592 -0.010365553 0.983808219
1548340308.687790 -1.162301779 0.091260388 0.213024467 0.011608771 0.177194491 -0.009430227 0.984062195
1548340308.721290 -1.146625519 0.084008202 0.222312361 0.010055019 0.174388573 -0.011551879 0.984557867
1548340308.754740 -1.140865445 0.075037330 0.226789191 0.008210067 0.173705891 -0.010215120 0.984710455
1548340308.788260 -1.130652905 0.069938548 0.230285123 0.007305064 0.172137603 -0.011750420 0.984975755
1548340308.821770 -1.118942738 0.069599099 0.231014147 0.006653244 0.170299634 -0.013233454 0.985281050
1548340308.855030 -1.108313680 0.068177469 0.230372906 0.006185278 0.168782637 -0.013042358 0.985547602
1548340308.888130 -1.095029950 0.068177000 0.229689077 0.006396029 0.167104453 -0.012219702 0.985842764
1548340308.921650 -1.079182863 0.070654511 0.228005797 0.006698165 0.164887026 -0.012246666 0.986213744
1548340308.955170 -1.060835600 0.069983415 0.225540772 0.006446284 0.162277848 -0.013373601 0.986633420
1548340308.989100 -1.040497780 0.064245887 0.224599674 0.005829920 0.159399822 -0.012522236 0.987117469
1548340309.022610 -1.019451261 0.061096270 0.218868896 0.005744884 0.155745521 -0.012260506 0.987704456
1548340309.056130 -0.997045875 0.057326082 0.212787509 0.005557557 0.152228653 -0.011254126 0.988265634
1548340309.089590 -0.969635427 0.053811818 0.209884048 0.005196934 0.148872092 -0.011147927 0.988779962
1548340309.123110 -0.939427793 0.047621235 0.202340484 0.004905330 0.143813714 -0.009249557 0.989549398
1548340309.156620 -0.902448416 0.041776091 0.197120771 0.004820187 0.137598485 -0.008992533 0.990435600
1548340309.190140 -0.869357646 0.041866284 0.186285153 0.006128148 0.133085907 -0.007301480 0.991058707
1548340309.223660 -0.828060687 0.033719648 0.179569364 0.004973152 0.126639903 -0.006301814 0.991916299
1548340309.257170 -0.786847174 0.028874332 0.168982700 0.004239191 0.120267242 -0.005925315 0.992714822
1548340309.290690 -0.748697102 0.028457778 0.160168782 0.003898645 0.115070365 -0.008546776 0.993312955
1548340309.324200 -0.711677432 0.029087126 0.150007337 0.004097428 0.110399038 -0.008588458 0.993841827
1548340309.357720 -0.677975416 0.029637836 0.140488625 0.003990625 0.105256923 -0.010466005 0.994381964
1548340309.391290 -0.639329195 0.031556897 0.128958717 0.004456989 0.099136360 -0.008515304 0.995027483
1548340309.424800 -0.608175516 0.034034718 0.118469909 0.004241390 0.094767138 -0.009716725 0.995443046
1548340309.458320 -0.578676462 0.039048173 0.108179308 0.005111483 0.090320706 -0.008964945 0.995859265
1548340309.491840 -0.560604274 0.039874151 0.099938922 0.004270649 0.088288859 -0.011496219 0.996019423
1548340309.525370 -0.541551232 0.042904329 0.093810871 0.004692733 0.085420318 -0.011901749 0.996262908
1548340309.559110 -0.520279884 0.045877375 0.095096581 0.005408862 0.081756562 -0.013153130 0.996550858
1548340309.592670 -0.507465005 0.048827473 0.091897435 0.006004452 0.080007747 -0.013409975 0.996685982
1548340309.626180 -0.496107846 0.044300728 0.095587544 0.004897620 0.078749046 -0.012610659 0.996802688
1548340309.659700 -0.483081937 0.043731894 0.091678202 0.004744170 0.076735780 -0.012828507 0.996957660
1548340309.693260 -0.473495752 0.041996907 0.092345327 0.004462218 0.075680055 -0.012470289 0.997044206
1548340309.726780 -0.466302216 0.039022941 0.092666358 0.003866626 0.074849941 -0.012312250 0.997111320
1548340309.760300 -0.461134434 0.040772699 0.093839712 0.003999523 0.074252412 -0.011927234 0.997160137
1548340309.793860 -0.458136439 0.040250555 0.096203156 0.003866694 0.073756173 -0.013126326 0.997182429
1548340309.827330 -0.452777326 0.032798503 0.098007619 0.002157040 0.073821045 -0.012090709 0.997195959
1548340309.860850 -0.450980008 0.034415226 0.101433702 0.002960320 0.073207952 -0.013694543 0.997218311
1548340309.894360 -0.445417762 0.031511821 0.100755535 0.002745629 0.072350748 -0.012919202 0.997291803
1548340309.927830 -0.438595682 0.028135188 0.103251986 0.002280703 0.072025999 -0.012738558 0.997318864
1548340309.961340 -0.429476917 0.032004915 0.101673581 0.002883108 0.070868634 -0.012165077 0.997407317
1548340309.994870 -0.417895317 0.029854335 0.101400658 0.002599535 0.069149889 -0.011858056 0.997532427
1548340310.028420 -0.405204326 0.028990932 0.102308623 0.002411929 0.067646541 -0.011591743 0.997639120
1548340310.061900 -0.386964440 0.025310686 0.102112696 0.001551025 0.065313086 -0.011601611 0.997796237
1548340310.095420 -0.366345137 0.028275244 0.094620176 0.001735873 0.061740428 -0.009301501 0.998047411
1548340310.128980 -0.339098096 0.018190866 0.094141498 0.000418256 0.057755806 -0.008177098 0.998297155
1548340310.162540 -0.320566475 0.012952248 0.095418192 -0.000302082 0.055519786 -0.006192385 0.998438358
1548340310.196060 -0.293317467 0.010055713 0.092256062 -0.000779547 0.051238105 -0.006187794 0.998667002
1548340310.229600 -0.270322084 0.004546327 0.087584652 -0.001432229 0.047861524 -0.005278879 0.998839021
1548340310.263110 -0.252969623 0.006294692 0.074984312 -0.001388253 0.044670343 -0.004984122 0.998988390
1548340310.296630 -0.205564722 -0.003734100 0.085371293 -0.003142497 0.038523175 -0.001926944 0.999250948
1548340310.330190 -0.187027618 -0.006046927 0.077158310 -0.003669213 0.035012618 -0.003018084 0.999375641
1548340310.363930 -0.155192763 -0.013740208 0.068471447 -0.004828539 0.030403519 -0.001605363 0.999524772
1548340310.397450 -0.110813826 -0.021752262 0.066556744 -0.006346140 0.023346087 0.000006533 0.999707341
1548340310.431050 -0.077449456 -0.028316047 0.067877889 -0.007153526 0.018818703 0.002134061 0.999795020
1548340310.464570 -0.026908932 -0.035152469 0.063796252 -0.008478829 0.010867395 0.003876230 0.999897540
1548340310.498080 0.009552476 -0.031102041 0.057961121 -0.007242022 0.005792309 0.006788932 0.999933958
1548340310.531680 0.062539764 -0.023916798 0.046470396 -0.005432236 -0.003190722 0.009125445 0.999938548
1548340310.565390 0.091748729 -0.017701147 0.044522211 -0.004988697 -0.007302335 0.009065152 0.999919832
1548340310.598710 0.125380889 -0.005234940 0.042146191 -0.002397667 -0.012242446 0.011411591 0.999857128
1548340310.632150 0.155398935 0.001976568 0.038809653 -0.001125533 -0.016863938 0.011804769 0.999787509
1548340310.665590 0.187338546 0.004798676 0.040859293 -0.000243716 -0.022512367 0.014450305 0.999642134
1548340310.699110 0.208734125 0.015275780 0.034198131 0.001483087 -0.025167793 0.014332174 0.999579430
1548340310.732610 0.224989086 0.022982579 0.034431327 0.002756913 -0.026769668 0.016668949 0.999498844
1548340310.766140 0.246539220 0.021274796 0.037484068 0.001910715 -0.030581895 0.015811814 0.999405384
1548340310.799640 0.258695930 0.023617668 0.039780598 0.002294725 -0.032500364 0.016619997 0.999330878
1548340310.833160 0.269808799 0.021840714 0.040582344 0.001959079 -0.034186903 0.016676325 0.999274433
1548340310.866510 0.281263053 0.019902179 0.041520987 0.001020389 -0.036324114 0.015327696 0.999222040
1548340310.899910 0.283095300 0.017282395 0.043105599 0.000328600 -0.036308624 0.014879500 0.999229789
1548340310.933420 0.287098169 0.014732490 0.042551052 -0.000148662 -0.036949210 0.015217853 0.999201238
1548340310.966930 0.286109477 0.016673762 0.042278659 0.000591753 -0.036257785 0.017224940 0.999193847
1548340311.000460 0.283972621 0.015163869 0.039077029 0.000295009 -0.035843927 0.017111054 0.999210894
1548340311.033980 0.290097177 0.015471052 0.039967969 -0.000033333 -0.036852345 0.017062796 0.999175072
1548340311.067480 0.288475126 0.017800381 0.043316364 0.001138759 -0.036591571 0.017068438 0.999183953
1548340311.101000 0.296453059 0.015378446 0.043335255 0.000514280 -0.037862211 0.016961878 0.999138892
1548340311.134510 0.308491260 0.019246068 0.046719775 0.000386204 -0.039324366 0.017064044 0.999080718
1548340311.167940 0.314703822 0.024550840 0.053070925 0.001274337 -0.040315207 0.016752940 0.999045789
1548340311.201450 0.339041263 0.023945663 0.054087352 0.000117289 -0.044045623 0.017455349 0.998877048
1548340311.234880 0.348384023 0.029230440 0.052227862 0.000472217 -0.045296893 0.018341286 0.998805046
1548340311.268390 0.364352345 0.029539375 0.054735351 0.000121896 -0.047128908 0.019200115 0.998704314
1548340311.301610 0.379983455 0.027865687 0.062711656 -0.000344005 -0.049559984 0.020260373 0.998565555
1548340311.335100 0.402125210 0.025863312 0.066234753 -0.000798628 -0.053020723 0.021163104 0.998368859
1548340311.368600 0.437757164 0.032467127 0.062443297 0.000793051 -0.059222840 0.023448987 0.997969091
1548340311.402120 0.454235375 0.024309201 0.077462688 -0.000469609 -0.061204061 0.023733599 0.997842968
1548340311.435630 0.480392605 0.025443047 0.088119708 -0.000302237 -0.064883135 0.026443327 0.997542441
1548340311.469130 0.533215284 0.042748012 0.082589351 0.002710850 -0.073803775 0.031516515 0.996771038
1548340311.502580 0.553784132 0.031928182 0.098257564 0.000704437 -0.077581592 0.031716384 0.996481180
1548340311.536090 0.603767633 0.031803742 0.103971280 0.000047303 -0.085322902 0.031762511 0.995846987
1548340311.569610 0.651283562 0.035925992 0.115490489 0.000246525 -0.093545586 0.034975618 0.995000482
1548340311.603130 0.709077954 0.044366691 0.127670944 0.001157009 -0.103455648 0.038894113 0.993872702
1548340311.636640 0.740412772 0.045808144 0.137762249 0.001243179 -0.107605278 0.039465904 0.993409276
1548340311.670140 0.780004382 0.051370777 0.154753521 0.001636622 -0.114578903 0.041545697 0.992543697
1548340311.703650 0.833385944 0.056850292 0.172223076 0.002137469 -0.124955826 0.042615004 0.991244376
1548340311.737130 0.856329501 0.065138988 0.181929082 0.003151905 -0.127899766 0.042958949 0.990851283
1548340311.770650 0.890864909 0.077135742 0.194623217 0.005061348 -0.134495974 0.044232346 0.989913523
1548340311.804160 0.913048565 0.086796947 0.207445174 0.006195739 -0.138370156 0.043831993 0.989390790
1548340311.837680 0.940414250 0.097445592 0.217665628 0.007584081 -0.143512994 0.044447046 0.988620818
1548340311.871230 0.960149050 0.100061096 0.225817040 0.008116009 -0.146945566 0.044803940 0.988096058
1548340311.904740 0.978784204 0.104345083 0.231210828 0.008937771 -0.150898233 0.045124561 0.987478435
1548340311.938260 0.997043908 0.102588624 0.232370853 0.008681175 -0.154034704 0.044707380 0.987015307
1548340311.971790 0.920230806 0.066226304 0.210857481 0.003769148 -0.140833095 0.041165765 0.989170015
1548340312.005300 0.885644019 0.077891119 0.201984301 0.006375517 -0.135734499 0.040587213 0.989893019
1548340312.038770 0.878802240 0.067939773 0.191631630 0.005614270 -0.134847894 0.039628558 0.990057647
1548340312.072340 0.874213159 0.074174523 0.193397224 0.007190870 -0.134146228 0.039489977 0.990148365
1548340312.105850 0.875128150 0.069380842 0.197814956 0.006440201 -0.134100854 0.040109776 0.990134716
1548340312.139370 0.882839262 0.078972653 0.196925119 0.007892384 -0.136114553 0.042976342 0.989729106
1548340312.172900 0.893298805 0.080254540 0.203021690 0.007795193 -0.138062790 0.044457231 0.989394546
1548340312.206450 0.889426827 0.085637324 0.202629060 0.008439710 -0.138087988 0.044939198 0.989363968
1548340312.240420 0.902072549 0.088626198 0.207776606 0.008314664 -0.141723946 0.045709174 0.988815367
1548340312.273940 0.897094727 0.080278844 0.203125477 0.006259088 -0.141801909 0.046072345 0.988802552
1548340312.307510 0.893997371 0.084144533 0.202957302 0.006516886 -0.142349467 0.045419686 0.988752425
1548340312.341020 0.896425247 0.088757843 0.206904560 0.006673509 -0.144023225 0.045358252 0.988511741
1548340312.374540 0.906794488 0.079868726 0.209142476 0.005004440 -0.146007240 0.044518694 0.988268673
1548340312.408050 0.904259324 0.080245987 0.209589049 0.005189050 -0.145714372 0.044993822 0.988289475
1548340312.441570 0.901121736 0.079148300 0.210151285 0.005974334 -0.145548061 0.044539530 0.988330126
1548340312.475030 0.900141001 0.078697577 0.209441647 0.006773052 -0.145019844 0.044976462 0.988382757
1548340312.508600 0.901789904 0.077513888 0.208706424 0.007702413 -0.144929662 0.045799427 0.988351405
1548340312.542130 0.890745938 0.078681827 0.208323717 0.008918948 -0.142878398 0.045938864 0.988633335
1548340312.575660 0.893875659 0.076653518 0.207662195 0.009318012 -0.143222213 0.046640154 0.988547087
1548340312.609240 0.892800212 0.081946045 0.206496462 0.010793821 -0.143232256 0.047146812 0.988506615
1548340312.642800 0.896145403 0.078350082 0.207409173 0.010408971 -0.143739745 0.047090553 0.988439739
1548340312.676270 0.900897264 0.075713210 0.208510771 0.010019816 -0.144413725 0.046865899 0.988356173
1548340312.709820 0.902004421 0.078468494 0.209410682 0.010384235 -0.145084545 0.046358485 0.988278091
1548340312.743330 0.905613303 0.078513883 0.211468309 0.010025344 -0.145934954 0.045252342 0.988207877
1548340312.776680 0.906772256 0.082728915 0.211354598 0.010323334 -0.146222979 0.044781640 0.988183618
1548340312.810000 0.910805464 0.081153564 0.213535309 0.009560500 -0.147816077 0.045046706 0.987942278
1548340312.843510 0.905984402 0.093775503 0.214618191 0.011649096 -0.149124980 0.044578589 0.987744331
1548340312.877230 0.906951964 0.095374189 0.213227347 0.012030150 -0.151887357 0.044333737 0.987329781
1548340312.910910 0.907633901 0.092089847 0.214997396 0.011275469 -0.155664295 0.044646304 0.986736178
1548340312.944530 0.904715538 0.096813411 0.212617189 0.012024566 -0.159290016 0.044517428 0.986154377
1548340312.978130 0.891322494 0.101292789 0.205702826 0.012049769 -0.160542786 0.043407574 0.986000359
1548340313.011560 0.886528194 0.097208366 0.202533185 0.010471690 -0.163824320 0.041185137 0.985573769
