frame_id dynamic_keypoints dynamic_map_points suppressed_map_points dynamic_objects static_objects total_objects
1 274 0 0 2 4 6
1 274 0 0 2 4 6
2 255 0 0 2 4 6
2 255 0 0 2 4 6
3 225 0 0 2 5 7
3 225 0 0 2 5 7
4 262 0 0 2 3 5
4 262 0 0 2 3 5
5 338 0 0 2 2 4
5 338 0 0 2 2 4
6 403 0 0 2 0 2
6 403 0 0 2 0 2
7 380 0 0 2 1 3
7 380 0 0 2 1 3
8 260 0 0 2 4 6
8 260 0 0 2 4 6
9 245 0 0 2 4 6
9 245 0 0 2 4 6
10 255 0 0 2 4 6
10 255 0 0 2 4 6
11 252 0 0 2 3 5
11 252 0 0 2 3 5
12 199 0 0 2 5 7
12 199 0 0 2 5 7
13 266 0 0 2 4 6
13 266 0 0 2 4 6
14 295 0 0 2 3 5
14 295 0 0 2 3 5
15 318 0 0 2 2 4
15 318 0 0 2 2 4
16 304 0 0 2 2 4
16 304 0 0 2 2 4
17 395 0 0 2 1 3
17 395 0 0 2 1 3
18 350 0 0 2 1 3
18 350 0 0 2 1 3
19 388 0 0 2 1 3
19 388 0 0 2 1 3
20 403 0 0 2 1 3
20 403 0 0 2 1 3
21 352 0 0 2 2 4
21 352 0 0 2 2 4
22 347 0 0 2 2 4
22 347 0 0 2 2 4
23 348 0 0 2 3 5
23 348 0 0 2 3 5
24 386 0 0 2 3 5
24 386 0 0 2 3 5
25 507 0 0 2 3 5
25 507 0 0 2 3 5
26 556 0 0 2 3 5
26 556 0 0 2 3 5
27 464 0 0 2 4 6
27 464 0 0 2 4 6
28 458 0 0 2 4 6
28 458 0 0 2 4 6
29 482 0 0 2 4 6
29 482 0 0 2 4 6
30 537 0 0 2 2 4
30 537 0 0 2 2 4
31 504 0 0 2 2 4
31 504 0 0 2 2 4
32 472 0 0 2 2 4
32 472 0 0 2 2 4
33 493 0 0 2 3 5
33 493 0 0 2 3 5
34 485 0 0 2 1 3
34 485 0 0 2 1 3
35 455 0 0 2 3 5
35 455 0 0 2 3 5
36 465 0 0 2 3 5
36 465 0 0 2 3 5
37 500 0 0 2 2 4
37 500 0 0 2 2 4
38 489 0 0 2 1 3
38 489 0 0 2 1 3
39 437 0 0 2 1 3
39 437 0 0 2 1 3
40 462 0 0 2 1 3
40 462 0 0 2 1 3
41 446 0 0 2 1 3
41 446 0 0 2 1 3
42 420 0 0 2 1 4
42 420 0 0 2 1 4
43 420 0 0 2 1 4
43 420 0 0 2 1 4
44 388 0 0 2 1 3
44 388 0 0 2 1 3
45 345 0 0 1 2 3
45 345 0 0 1 2 3
46 336 0 0 1 1 2
46 336 0 0 1 1 2
47 352 0 0 1 2 3
47 352 0 0 1 2 3
48 300 0 0 1 2 3
48 300 0 0 1 2 3
49 284 0 0 1 1 2
49 284 0 0 1 1 2
50 316 0 0 1 1 2
50 316 0 0 1 1 2
51 327 0 0 1 3 4
51 327 0 0 1 3 4
52 292 0 0 1 2 3
52 292 0 0 1 2 3
53 306 0 0 1 3 4
53 306 0 0 1 3 4
54 347 0 0 1 2 3
54 347 0 0 1 2 3
55 368 0 0 2 1 3
55 368 0 0 2 1 3
56 371 0 0 2 2 4
56 371 0 0 2 2 4
57 393 0 0 2 2 4
57 393 0 0 2 2 4
58 441 0 0 2 3 5
58 441 0 0 2 3 5
59 448 0 0 2 2 4
59 448 0 0 2 2 4
60 476 0 0 2 2 4
60 476 0 0 2 2 4
61 519 0 0 2 1 3
61 519 0 0 2 1 3
62 502 0 0 2 1 3
62 502 0 0 2 1 3
63 499 0 0 2 1 3
63 499 0 0 2 1 3
64 545 0 0 2 1 3
64 545 0 0 2 1 3
65 561 0 0 2 1 3
65 561 0 0 2 1 3
66 585 0 0 2 2 4
66 585 0 0 2 2 4
67 585 0 0 2 1 3
67 585 0 0 2 1 3
68 665 0 0 2 1 3
68 665 0 0 2 1 3
69 608 0 0 2 1 3
69 608 0 0 2 1 3
70 619 0 0 2 1 3
70 619 0 0 2 1 3
71 661 0 0 2 1 3
71 661 0 0 2 1 3
72 634 0 0 2 1 3
72 634 0 0 2 1 3
73 666 0 0 2 1 3
73 666 0 0 2 1 3
74 692 0 0 2 1 3
74 692 0 0 2 1 3
75 717 0 0 2 1 3
75 717 0 0 2 1 3
76 703 0 0 2 1 3
76 703 0 0 2 1 3
77 722 0 0 2 1 3
77 722 0 0 2 1 3
78 708 0 0 2 1 3
78 708 0 0 2 1 3
79 715 0 0 2 1 3
79 715 0 0 2 1 3
80 702 0 0 2 1 3
80 702 0 0 2 1 3
81 690 0 0 2 1 3
81 690 0 0 2 1 3
82 668 0 0 2 2 4
82 668 0 0 2 2 4
83 645 0 0 2 2 4
83 645 0 0 2 2 4
84 668 0 0 2 2 4
84 668 0 0 2 2 4
85 642 0 0 2 2 4
85 642 0 0 2 2 4
86 648 0 0 2 2 4
86 648 0 0 2 2 4
87 611 0 0 2 2 4
87 611 0 0 2 2 4
88 568 0 0 2 2 4
88 568 0 0 2 2 4
89 582 0 0 2 1 3
89 582 0 0 2 1 3
90 569 0 0 2 1 3
90 569 0 0 2 1 3
91 531 0 0 2 2 4
91 531 0 0 2 2 4
92 544 0 0 2 0 2
92 544 0 0 2 0 2
93 541 0 0 2 1 3
93 541 0 0 2 1 3
94 486 0 0 2 1 3
94 486 0 0 2 1 3
95 464 0 0 2 1 3
95 464 0 0 2 1 3
96 428 0 0 2 2 4
96 428 0 0 2 2 4
97 456 0 0 2 2 4
97 456 0 0 2 2 4
98 407 0 0 2 2 4
98 407 0 0 2 2 4
99 383 0 0 2 1 3
99 383 0 0 2 1 3
100 377 0 0 2 2 4
100 377 0 0 2 2 4
101 307 0 0 2 2 4
101 307 0 0 2 2 4
102 313 0 0 2 2 4
102 313 0 0 2 2 4
103 294 0 0 2 2 4
103 294 0 0 2 2 4
104 210 0 0 1 3 4
104 210 0 0 1 3 4
105 233 0 0 1 2 3
105 233 0 0 1 2 3
106 227 0 0 1 3 4
106 227 0 0 1 3 4
107 222 0 0 1 3 4
107 222 0 0 1 3 4
108 193 0 0 1 3 4
108 193 0 0 1 3 4
109 196 0 0 1 4 5
109 196 0 0 1 4 5
110 235 0 0 1 4 5
110 235 0 0 1 4 5
111 196 0 0 1 3 4
111 196 0 0 1 3 4
112 235 0 0 1 3 4
112 235 0 0 1 3 4
113 221 0 0 1 2 3
113 221 0 0 1 2 3
114 256 0 0 1 2 3
114 256 0 0 1 2 3
115 303 0 0 1 1 2
115 303 0 0 1 1 2
116 290 0 0 1 2 3
116 290 0 0 1 2 3
117 284 0 0 1 1 2
117 284 0 0 1 1 2
118 270 0 0 1 1 2
118 270 0 0 1 1 2
119 231 0 0 1 3 4
119 231 0 0 1 3 4
120 208 0 0 1 3 4
120 208 0 0 1 3 4
121 222 0 0 1 1 2
121 222 0 0 1 1 2
122 188 0 0 1 1 2
122 188 0 0 1 1 2
123 172 0 0 1 2 4
123 172 0 0 1 2 4
124 130 0 0 1 3 5
124 130 0 0 1 3 5
125 90 0 0 1 4 5
125 90 0 0 1 4 5
126 72 0 0 1 4 5
126 72 0 0 1 4 5
127 70 0 0 1 3 4
127 70 0 0 1 3 4
128 78 0 0 1 2 3
128 78 0 0 1 2 3
129 66 0 0 1 2 3
129 66 0 0 1 2 3
130 53 0 0 1 2 3
130 53 0 0 1 2 3
131 41 0 0 1 2 3
131 41 0 0 1 2 3
132 39 0 0 1 2 3
132 39 0 0 1 2 3
133 26 0 0 1 3 4
133 26 0 0 1 3 4
134 27 0 0 1 4 5
134 27 0 0 1 4 5
135 19 0 0 1 3 4
135 19 0 0 1 3 4
136 0 0 0 0 4 4
136 0 0 0 0 4 4
137 0 0 0 0 4 4
137 0 0 0 0 4 4
138 0 0 0 0 4 4
138 0 0 0 0 4 4
139 0 0 0 0 2 2
139 0 0 0 0 2 2
140 0 0 0 0 2 2
140 0 0 0 0 2 2
141 0 0 0 0 2 2
141 0 0 0 0 2 2
142 0 0 0 0 2 2
142 0 0 0 0 2 2
143 0 0 0 0 2 2
143 0 0 0 0 2 2
144 0 0 0 0 2 2
144 0 0 0 0 2 2
145 0 0 0 0 2 2
145 0 0 0 0 2 2
146 0 0 0 0 2 2
146 0 0 0 0 2 2
147 0 0 0 0 2 2
147 0 0 0 0 2 2
148 0 0 0 0 2 2
148 0 0 0 0 2 2
149 0 0 0 0 2 2
149 0 0 0 0 2 2
150 0 0 0 0 4 4
150 0 0 0 0 4 4
151 0 0 0 0 3 4
151 0 0 0 0 3 4
152 0 0 0 0 3 3
152 0 0 0 0 3 3
153 0 0 0 0 3 3
153 0 0 0 0 3 3
154 0 0 0 0 3 3
154 0 0 0 0 3 3
155 0 0 0 0 2 2
155 0 0 0 0 2 2
156 0 0 0 0 2 2
156 0 0 0 0 2 2
157 0 0 0 0 2 2
157 0 0 0 0 2 2
158 0 0 0 0 2 2
158 0 0 0 0 2 2
159 20 0 0 1 2 3
159 20 0 0 1 2 3
160 36 0 0 1 2 3
160 36 0 0 1 2 3
161 43 0 0 1 2 3
161 43 0 0 1 2 3
162 53 0 0 1 2 3
162 53 0 0 1 2 3
163 50 0 0 1 2 3
163 50 0 0 1 2 3
164 69 0 0 1 2 3
164 69 0 0 1 2 3
165 83 0 0 1 2 3
165 83 0 0 1 2 3
166 66 0 0 1 2 3
166 66 0 0 1 2 3
167 73 0 0 1 2 4
167 73 0 0 1 2 4
168 94 0 0 1 2 3
168 94 0 0 1 2 3
169 109 0 0 1 2 3
169 109 0 0 1 2 3
170 116 0 0 1 3 5
170 116 0 0 1 3 5
171 139 0 0 1 2 3
171 139 0 0 1 2 3
172 76 0 0 1 3 4
172 76 0 0 1 3 4
173 69 0 0 1 3 4
173 69 0 0 1 3 4
174 67 0 0 1 2 3
174 67 0 0 1 2 3
175 58 0 0 1 3 4
175 58 0 0 1 3 4
176 85 0 0 2 3 5
176 85 0 0 2 3 5
177 102 0 0 1 3 4
177 102 0 0 1 3 4
178 70 0 0 1 3 5
178 70 0 0 1 3 5
179 115 0 0 2 2 4
179 115 0 0 2 2 4
180 90 0 0 1 3 5
180 90 0 0 1 3 5
181 73 0 0 1 3 5
181 73 0 0 1 3 5
182 73 0 0 2 3 5
182 73 0 0 2 3 5
183 47 0 0 1 3 4
183 47 0 0 1 3 4
184 38 0 0 1 3 4
184 38 0 0 1 3 4
185 28 0 0 1 3 4
185 28 0 0 1 3 4
186 31 0 0 1 4 5
186 31 0 0 1 4 5
187 42 0 0 1 3 4
187 42 0 0 1 3 4
188 43 0 0 1 2 4
188 43 0 0 1 2 4
189 38 0 0 1 2 3
189 38 0 0 1 2 3
190 31 0 0 1 2 3
190 31 0 0 1 2 3
191 40 0 0 1 3 4
191 40 0 0 1 3 4
192 32 0 0 1 2 3
192 32 0 0 1 2 3
193 22 0 0 1 2 3
193 22 0 0 1 2 3
194 22 0 0 1 2 3
194 22 0 0 1 2 3
195 16 0 0 1 2 4
195 16 0 0 1 2 4
196 20 0 0 1 3 4
196 20 0 0 1 3 4
197 0 0 0 0 4 4
197 0 0 0 0 4 4
198 0 0 0 0 4 4
198 0 0 0 0 4 4
199 0 0 0 0 2 3
199 0 0 0 0 2 3
200 0 0 0 0 2 2
200 0 0 0 0 2 2
201 0 0 0 0 3 4
201 0 0 0 0 3 4
202 0 0 0 0 2 2
202 0 0 0 0 2 2
203 0 0 0 0 3 3
203 0 0 0 0 3 3
204 0 0 0 0 3 3
204 0 0 0 0 3 3
205 0 0 0 0 2 2
205 0 0 0 0 2 2
206 0 0 0 0 2 2
206 0 0 0 0 2 2
207 0 0 0 0 2 2
207 0 0 0 0 2 2
208 5 0 0 1 2 3
208 5 0 0 1 2 3
209 0 0 0 0 2 2
209 0 0 0 0 2 2
210 0 0 0 0 2 2
210 0 0 0 0 2 2
211 0 0 0 0 2 2
211 0 0 0 0 2 2
212 0 0 0 0 2 2
212 0 0 0 0 2 2
213 0 0 0 0 2 2
213 0 0 0 0 2 2
214 0 0 0 0 2 2
214 0 0 0 0 2 2
215 0 0 0 0 3 3
215 0 0 0 0 3 3
216 0 0 0 0 3 3
216 0 0 0 0 3 3
217 0 0 0 0 3 3
217 0 0 0 0 3 3
218 51 0 0 1 3 4
218 51 0 0 1 3 4
219 70 0 0 1 3 4
219 70 0 0 1 3 4
220 153 0 0 2 3 5
220 153 0 0 2 3 5
250 258 0 0 1 1 2
276 180 0 0 1 2 3
292 171 0 0 1 4 7
298 181 0 0 1 4 7
299 201 0 0 1 4 7
299 201 0 0 1 4 7
300 233 0 0 1 3 6
300 233 0 0 1 3 6
301 232 0 0 1 4 7
301 232 0 0 1 4 7
302 216 0 0 1 3 6
302 216 0 0 1 3 6
303 223 0 0 1 3 6
303 223 0 0 1 3 6
304 223 0 0 1 4 6
304 223 0 0 1 4 6
305 228 0 0 1 4 7
305 228 0 0 1 4 7
306 228 0 0 1 4 6
306 228 0 0 1 4 6
307 238 0 0 1 4 6
307 238 0 0 1 4 6
308 211 0 0 1 4 7
308 211 0 0 1 4 7
309 191 0 0 1 4 7
309 191 0 0 1 4 7
310 195 0 0 1 4 5
310 195 0 0 1 4 5
311 234 0 0 1 2 3
311 234 0 0 1 2 3
312 213 0 0 1 4 6
312 213 0 0 1 4 6
313 256 0 0 1 3 5
313 256 0 0 1 3 5
314 237 0 0 1 4 7
314 237 0 0 1 4 7
315 255 0 0 1 4 7
315 255 0 0 1 4 7
316 232 0 0 1 4 6
316 232 0 0 1 4 6
317 275 0 0 1 3 4
317 275 0 0 1 3 4
318 255 0 0 1 3 5
318 255 0 0 1 3 5
319 250 0 0 1 3 4
319 250 0 0 1 3 4
320 231 0 0 1 3 4
320 231 0 0 1 3 4
321 194 0 0 1 3 4
321 194 0 0 1 3 4
322 197 0 0 1 3 4
322 197 0 0 1 3 4
323 187 0 0 1 4 5
323 187 0 0 1 4 5
324 159 0 0 1 4 6
324 159 0 0 1 4 6
325 164 0 0 1 4 5
325 164 0 0 1 4 5
326 138 0 0 1 3 4
326 138 0 0 1 3 4
327 133 0 0 1 3 4
327 133 0 0 1 3 4
328 123 0 0 1 3 4
328 123 0 0 1 3 4
329 134 0 0 1 3 4
329 134 0 0 1 3 4
330 149 0 0 1 3 5
330 149 0 0 1 3 5
331 113 0 0 1 4 6
331 113 0 0 1 4 6
332 111 0 0 1 3 4
332 111 0 0 1 3 4
333 88 0 0 1 3 4
333 88 0 0 1 3 4
334 62 0 0 1 3 4
334 62 0 0 1 3 4
335 65 0 0 1 4 5
335 65 0 0 1 4 5
336 60 0 0 1 4 5
336 60 0 0 1 4 5
337 45 0 0 1 5 6
337 45 0 0 1 5 6
338 57 0 0 1 3 4
338 57 0 0 1 3 4
339 41 0 0 1 3 4
339 41 0 0 1 3 4
340 40 0 0 1 4 5
340 40 0 0 1 4 5
341 49 0 0 1 3 4
341 49 0 0 1 3 4
342 62 0 0 1 3 4
342 62 0 0 1 3 4
343 27 0 0 1 4 5
343 27 0 0 1 4 5
344 90 0 0 1 3 4
344 90 0 0 1 3 4
345 100 0 0 1 5 6
345 100 0 0 1 5 6
346 71 0 0 1 3 4
346 71 0 0 1 3 4
347 121 0 0 1 3 5
347 121 0 0 1 3 5
348 65 0 0 1 3 4
348 65 0 0 1 3 4
349 54 0 0 1 3 4
349 54 0 0 1 3 4
350 74 0 0 1 3 4
350 74 0 0 1 3 4
351 29 0 0 1 4 6
351 29 0 0 1 4 6
352 28 0 0 1 4 5
352 28 0 0 1 4 5
353 31 0 0 1 4 5
353 31 0 0 1 4 5
354 31 0 0 1 5 6
354 31 0 0 1 5 6
355 29 0 0 1 5 6
355 29 0 0 1 5 6
356 40 0 0 1 6 7
356 40 0 0 1 6 7
357 39 0 0 1 4 5
357 39 0 0 1 4 5
358 37 0 0 1 5 6
358 37 0 0 1 5 6
359 43 0 0 1 5 6
359 43 0 0 1 5 6
360 0 0 0 0 5 5
360 0 0 0 0 5 5
361 0 0 0 0 5 5
361 0 0 0 0 5 5
362 0 0 0 0 5 5
362 0 0 0 0 5 5
363 0 0 0 0 5 5
363 0 0 0 0 5 5
364 0 0 0 0 5 5
364 0 0 0 0 5 5
365 0 0 0 0 5 5
365 0 0 0 0 5 5
366 0 0 0 0 4 4
366 0 0 0 0 4 4
367 0 0 0 0 5 5
367 0 0 0 0 5 5
368 10 0 0 1 5 6
368 10 0 0 1 5 6
369 12 0 0 1 4 5
369 12 0 0 1 4 5
370 9 0 0 1 4 5
370 9 0 0 1 4 5
371 4 0 0 1 4 5
371 4 0 0 1 4 5
372 0 0 0 0 4 4
372 0 0 0 0 4 4
373 0 0 0 0 5 5
373 0 0 0 0 5 5
374 4 0 0 1 5 6
374 4 0 0 1 5 6
375 4 0 0 1 4 5
375 4 0 0 1 4 5
376 0 0 0 0 4 4
376 0 0 0 0 4 4
377 0 0 0 1 4 5
377 0 0 0 1 4 5
378 0 0 0 1 4 5
378 0 0 0 1 4 5
379 0 0 0 1 5 6
379 0 0 0 1 5 6
380 0 0 0 0 4 5
380 0 0 0 0 4 5
381 0 0 0 0 4 4
381 0 0 0 0 4 4
382 0 0 0 0 4 5
382 0 0 0 0 4 5
383 6 0 0 1 4 6
383 6 0 0 1 4 6
384 0 0 0 0 5 5
384 0 0 0 0 5 5
385 0 0 0 0 5 5
385 0 0 0 0 5 5
386 0 0 0 0 4 4
386 0 0 0 0 4 4
387 0 0 0 0 4 4
387 0 0 0 0 4 4
388 0 0 0 0 5 5
388 0 0 0 0 5 5
389 0 0 0 0 5 5
389 0 0 0 0 5 5
390 0 0 0 0 5 5
390 0 0 0 0 5 5
391 0 0 0 0 5 5
391 0 0 0 0 5 5
392 0 0 0 0 5 5
392 0 0 0 0 5 5
393 0 0 0 0 5 5
393 0 0 0 0 5 5
394 0 0 0 0 5 5
394 0 0 0 0 5 5
395 0 0 0 0 5 5
395 0 0 0 0 5 5
396 0 0 0 0 5 5
396 0 0 0 0 5 5
397 0 0 0 0 4 4
397 0 0 0 0 4 4
398 0 0 0 0 5 5
398 0 0 0 0 5 5
399 0 0 0 0 5 5
399 0 0 0 0 5 5
400 0 0 0 0 5 5
400 0 0 0 0 5 5
401 0 0 0 0 5 5
401 0 0 0 0 5 5
402 0 0 0 0 5 6
402 0 0 0 0 5 6
403 0 0 0 0 5 5
403 0 0 0 0 5 5
404 0 0 0 0 5 5
404 0 0 0 0 5 5
405 0 0 0 0 5 5
405 0 0 0 0 5 5
406 0 0 0 0 5 5
406 0 0 0 0 5 5
407 0 0 0 0 5 5
407 0 0 0 0 5 5
408 0 0 0 0 5 5
408 0 0 0 0 5 5
409 0 0 0 0 5 5
409 0 0 0 0 5 5
410 0 0 0 0 5 5
410 0 0 0 0 5 5
411 0 0 0 0 5 5
411 0 0 0 0 5 5
412 0 0 0 0 5 5
412 0 0 0 0 5 5
413 0 0 0 0 5 5
413 0 0 0 0 5 5
414 0 0 0 0 5 5
414 0 0 0 0 5 5
415 0 0 0 0 5 5
415 0 0 0 0 5 5
416 0 0 0 0 5 5
416 0 0 0 0 5 5
417 0 0 0 0 4 4
417 0 0 0 0 4 4
418 0 0 0 0 4 4
418 0 0 0 0 4 4
419 323 0 0 1 4 5
419 323 0 0 1 4 5
420 313 0 0 1 4 5
420 313 0 0 1 4 5
421 343 0 0 1 3 4
421 343 0 0 1 3 4
422 359 0 0 1 3 4
422 359 0 0 1 3 4
423 389 0 0 1 3 4
423 389 0 0 1 3 4
424 381 0 0 1 3 4
424 381 0 0 1 3 4
425 385 0 0 1 3 4
425 385 0 0 1 3 4
426 388 0 0 1 3 4
426 388 0 0 1 3 4
427 389 0 0 1 3 4
427 389 0 0 1 3 4
428 386 0 0 1 3 4
428 386 0 0 1 3 4
429 362 0 0 1 3 4
429 362 0 0 1 3 4
430 372 0 0 1 3 4
430 372 0 0 1 3 4
431 283 0 0 1 4 5
431 283 0 0 1 4 5
432 354 0 0 1 4 5
432 354 0 0 1 4 5
433 366 0 0 1 4 5
433 366 0 0 1 4 5
434 356 0 0 1 4 5
434 356 0 0 1 4 5
435 333 0 0 1 3 4
435 333 0 0 1 3 4
436 384 0 0 1 3 4
436 384 0 0 1 3 4
437 428 0 0 1 3 4
437 428 0 0 1 3 4
438 380 0 0 1 3 4
438 380 0 0 1 3 4
439 350 0 0 1 3 4
439 350 0 0 1 3 4
440 361 0 0 1 3 4
440 361 0 0 1 3 4
441 316 0 0 1 3 4
441 316 0 0 1 3 4
442 307 0 0 1 2 3
442 307 0 0 1 2 3
443 316 0 0 1 2 3
443 316 0 0 1 2 3
444 322 0 0 1 3 4
444 322 0 0 1 3 4
445 314 0 0 1 3 4
445 314 0 0 1 3 4
446 414 0 0 1 1 2
446 414 0 0 1 1 2
447 461 0 0 1 1 2
447 461 0 0 1 1 2
448 503 0 0 1 1 2
448 503 0 0 1 1 2
449 592 0 0 1 2 3
449 592 0 0 1 2 3
450 556 0 0 1 3 4
450 556 0 0 1 3 4
451 560 0 0 1 2 3
451 560 0 0 1 2 3
452 579 0 0 1 3 4
452 579 0 0 1 3 4
453 587 0 0 1 3 4
453 587 0 0 1 3 4
454 583 0 0 1 2 4
454 583 0 0 1 2 4
455 576 0 0 1 2 4
455 576 0 0 1 2 4
456 602 0 0 1 2 4
456 602 0 0 1 2 4
457 562 0 0 1 2 4
457 562 0 0 1 2 4
458 569 0 0 1 2 4
458 569 0 0 1 2 4
459 551 0 0 1 2 4
459 551 0 0 1 2 4
460 515 0 0 1 2 4
460 515 0 0 1 2 4
461 524 0 0 1 2 4
461 524 0 0 1 2 4
462 545 0 0 1 2 3
462 545 0 0 1 2 3
463 496 0 0 1 2 3
463 496 0 0 1 2 3
464 489 0 0 1 2 3
464 489 0 0 1 2 3
465 489 0 0 1 2 4
465 489 0 0 1 2 4
466 491 0 0 1 2 4
466 491 0 0 1 2 4
467 504 0 0 1 2 6
467 504 0 0 1 2 6
468 485 0 0 1 2 5
468 485 0 0 1 2 5
469 516 0 0 1 2 5
469 516 0 0 1 2 5
470 516 0 0 1 2 5
470 516 0 0 1 2 5
471 533 0 0 1 2 5
471 533 0 0 1 2 5
472 517 0 0 1 2 4
472 517 0 0 1 2 4
473 543 0 0 1 2 4
473 543 0 0 1 2 4
474 529 0 0 1 2 3
474 529 0 0 1 2 3
475 564 0 0 1 2 3
475 564 0 0 1 2 3
476 472 0 0 1 2 3
476 472 0 0 1 2 3
477 493 0 0 1 2 5
477 493 0 0 1 2 5
478 501 0 0 1 2 4
478 501 0 0 1 2 4
479 501 0 0 1 2 4
479 501 0 0 1 2 4
480 434 0 0 1 3 5
480 434 0 0 1 3 5
481 412 0 0 1 3 5
481 412 0 0 1 3 5
482 366 0 0 1 3 5
482 366 0 0 1 3 5
483 366 0 0 1 3 5
483 366 0 0 1 3 5
484 349 0 0 1 3 5
484 349 0 0 1 3 5
485 340 0 0 1 3 5
485 340 0 0 1 3 5
486 348 0 0 1 3 5
486 348 0 0 1 3 5
487 338 0 0 1 3 5
487 338 0 0 1 3 5
488 348 0 0 1 3 5
488 348 0 0 1 3 5
489 343 0 0 1 3 5
489 343 0 0 1 3 5
490 380 0 0 1 3 5
490 380 0 0 1 3 5
491 430 0 0 1 2 4
491 430 0 0 1 2 4
492 377 0 0 1 3 5
492 377 0 0 1 3 5
493 412 0 0 1 3 5
493 412 0 0 1 3 5
494 402 0 0 1 3 5
494 402 0 0 1 3 5
495 411 0 0 1 3 5
495 411 0 0 1 3 5
496 437 0 0 1 3 5
496 437 0 0 1 3 5
497 426 0 0 1 3 5
497 426 0 0 1 3 5
498 400 0 0 1 3 4
498 400 0 0 1 3 4
499 380 0 0 1 3 5
499 380 0 0 1 3 5
500 441 0 0 1 3 5
500 441 0 0 1 3 5
501 386 0 0 1 3 5
501 386 0 0 1 3 5
502 404 0 0 1 3 5
502 404 0 0 1 3 5
503 420 0 0 1 3 5
503 420 0 0 1 3 5
504 458 0 0 1 3 6
504 458 0 0 1 3 6
505 426 0 0 1 3 6
505 426 0 0 1 3 6
506 371 0 0 1 3 5
506 371 0 0 1 3 5
507 346 0 0 1 3 5
507 346 0 0 1 3 5
508 398 0 0 1 3 5
508 398 0 0 1 3 5
509 361 0 0 1 3 5
509 361 0 0 1 3 5
510 341 0 0 1 3 5
510 341 0 0 1 3 5
511 337 0 0 2 3 6
511 337 0 0 2 3 6
512 339 0 0 1 3 4
512 339 0 0 1 3 4
513 308 0 0 1 3 5
513 308 0 0 1 3 5
514 309 0 0 1 3 4
514 309 0 0 1 3 4
515 195 0 0 1 4 5
515 195 0 0 1 4 5
516 155 0 0 1 4 6
516 155 0 0 1 4 6
517 258 0 0 1 3 5
517 258 0 0 1 3 5
518 228 0 0 1 3 4
518 228 0 0 1 3 4
519 239 0 0 1 3 4
519 239 0 0 1 3 4
520 266 0 0 1 3 4
520 266 0 0 1 3 4
521 259 0 0 1 3 5
521 259 0 0 1 3 5
522 237 0 0 1 3 4
522 237 0 0 1 3 4
523 247 0 0 1 3 4
523 247 0 0 1 3 4
524 277 0 0 1 3 4
524 277 0 0 1 3 4
525 253 0 0 1 3 4
525 253 0 0 1 3 4
526 247 0 0 1 3 4
526 247 0 0 1 3 4
527 259 0 0 1 3 4
527 259 0 0 1 3 4
528 281 0 0 1 3 4
528 281 0 0 1 3 4
529 329 0 0 1 3 5
529 329 0 0 1 3 5
530 426 0 0 1 2 3
530 426 0 0 1 2 3
531 450 0 0 1 4 6
531 450 0 0 1 4 6
532 538 0 0 1 4 5
532 538 0 0 1 4 5
533 555 0 0 1 3 5
533 555 0 0 1 3 5
534 573 0 0 1 3 4
534 573 0 0 1 3 4
535 577 0 0 1 3 4
535 577 0 0 1 3 4
536 551 0 0 1 3 4
536 551 0 0 1 3 4
537 635 0 0 2 3 5
537 635 0 0 2 3 5
538 671 0 0 2 2 5
538 671 0 0 2 2 5
539 657 0 0 2 2 4
539 657 0 0 2 2 4
540 671 0 0 2 1 3
540 671 0 0 2 1 3
541 604 0 0 2 2 5
541 604 0 0 2 2 5
542 586 0 0 2 2 4
542 586 0 0 2 2 4
543 573 0 0 2 2 4
543 573 0 0 2 2 4
544 556 0 0 2 2 5
544 556 0 0 2 2 5
545 491 0 0 2 2 4
545 491 0 0 2 2 4
546 598 0 0 2 0 2
546 598 0 0 2 0 2
723 225 0 0 1 2 3
773 0 0 0 0 1 1
791 0 0 0 0 2 2
795 0 0 0 0 2 2
796 0 0 0 0 1 1
796 0 0 0 0 1 1
797 0 0 0 0 1 1
797 0 0 0 0 1 1
798 0 0 0 0 1 1
798 0 0 0 0 1 1
799 0 0 0 0 1 1
799 0 0 0 0 1 1
800 81 0 0 1 1 2
800 81 0 0 1 1 2
801 0 0 0 0 1 1
801 0 0 0 0 1 1
802 0 0 0 0 1 1
802 0 0 0 0 1 1
803 0 0 0 0 1 1
803 0 0 0 0 1 1
804 0 0 0 0 1 1
804 0 0 0 0 1 1
805 0 0 0 0 0 0
805 0 0 0 0 0 0
806 0 0 0 0 1 1
806 0 0 0 0 1 1
807 412 0 0 1 1 2
807 412 0 0 1 1 2
808 0 0 0 0 1 1
808 0 0 0 0 1 1
809 366 0 0 1 1 2
809 366 0 0 1 1 2
891 0 0 0 0 1 1
892 0 0 0 0 0 0
892 0 0 0 0 0 0
893 0 0 0 0 0 0
893 0 0 0 0 0 0
894 0 0 0 0 1 1
894 0 0 0 0 1 1
895 0 0 0 0 1 1
895 0 0 0 0 1 1
896 0 0 0 0 0 0
896 0 0 0 0 0 0
897 0 0 0 0 0 0
897 0 0 0 0 0 0
898 0 0 0 0 0 0
898 0 0 0 0 0 0
899 0 0 0 0 1 1
899 0 0 0 0 1 1
900 0 0 0 0 1 1
900 0 0 0 0 1 1
901 0 0 0 0 1 1
901 0 0 0 0 1 1
902 0 0 0 0 0 0
902 0 0 0 0 0 0
903 0 0 0 0 0 0
903 0 0 0 0 0 0
904 0 0 0 0 1 1
904 0 0 0 0 1 1
905 0 0 0 0 1 1
905 0 0 0 0 1 1
906 0 0 0 0 1 2
906 0 0 0 0 1 2
907 0 0 0 0 1 1
907 0 0 0 0 1 1
908 120 0 0 1 0 2
908 120 0 0 1 0 2
909 120 0 0 1 1 2
909 120 0 0 1 1 2
910 125 0 0 1 1 2
910 125 0 0 1 1 2
911 0 0 0 0 1 1
911 0 0 0 0 1 1
912 117 0 0 1 1 2
912 117 0 0 1 1 2
913 118 0 0 1 1 2
913 118 0 0 1 1 2
914 139 0 0 1 1 2
914 139 0 0 1 1 2
915 125 0 0 1 1 2
915 125 0 0 1 1 2
916 128 0 0 1 1 2
916 128 0 0 1 1 2
917 138 0 0 1 1 2
917 138 0 0 1 1 2
918 118 0 0 1 1 2
918 118 0 0 1 1 2
919 133 0 0 1 1 2
919 133 0 0 1 1 2
920 145 0 0 1 1 2
920 145 0 0 1 1 2
921 154 0 0 1 1 2
921 154 0 0 1 1 2
922 126 0 0 1 1 2
922 126 0 0 1 1 2
923 140 0 0 1 1 2
923 140 0 0 1 1 2
924 151 0 0 1 1 2
924 151 0 0 1 1 2
925 123 0 0 1 1 2
925 123 0 0 1 1 2
926 141 0 0 1 0 1
926 141 0 0 1 0 1
927 125 0 0 1 0 1
927 125 0 0 1 0 1
928 169 0 0 1 1 2
928 169 0 0 1 1 2
929 170 0 0 1 0 1
929 170 0 0 1 0 1
930 207 0 0 1 1 2
930 207 0 0 1 1 2
931 183 0 0 1 1 2
931 183 0 0 1 1 2
932 207 0 0 1 1 2
932 207 0 0 1 1 2
933 219 0 0 1 1 2
933 219 0 0 1 1 2
934 230 0 0 1 0 1
934 230 0 0 1 0 1
935 220 0 0 1 0 1
935 220 0 0 1 0 1
936 205 0 0 1 0 1
936 205 0 0 1 0 1
937 229 0 0 1 0 1
937 229 0 0 1 0 1
938 216 0 0 1 1 2
938 216 0 0 1 1 2
939 259 0 0 1 1 2
939 259 0 0 1 1 2
940 256 0 0 1 1 2
940 256 0 0 1 1 2
941 244 0 0 1 2 3
941 244 0 0 1 2 3
942 222 0 0 1 2 3
942 222 0 0 1 2 3
943 239 0 0 1 1 2
943 239 0 0 1 1 2
944 246 0 0 1 1 2
944 246 0 0 1 1 2
945 246 0 0 1 1 2
945 246 0 0 1 1 2
946 261 0 0 1 1 2
946 261 0 0 1 1 2
947 233 0 0 1 2 3
947 233 0 0 1 2 3
948 256 0 0 1 2 3
948 256 0 0 1 2 3
949 276 0 0 1 2 3
949 276 0 0 1 2 3
950 271 0 0 1 3 4
950 271 0 0 1 3 4
951 280 0 0 1 3 4
951 280 0 0 1 3 4
952 239 0 0 1 2 3
952 239 0 0 1 2 3
953 209 0 0 1 3 4
953 209 0 0 1 3 4
954 279 0 0 1 2 3
954 279 0 0 1 2 3
955 317 0 0 1 2 3
955 317 0 0 1 2 3
956 312 0 0 1 2 3
956 312 0 0 1 2 3
957 349 0 0 1 2 3
957 349 0 0 1 2 3
958 353 0 0 1 2 3
958 353 0 0 1 2 3
959 368 0 0 1 3 4
959 368 0 0 1 3 4
960 384 0 0 1 3 4
960 384 0 0 1 3 4
961 287 0 0 1 5 6
961 287 0 0 1 5 6
962 359 0 0 1 4 5
962 359 0 0 1 4 5
963 369 0 0 1 3 4
963 369 0 0 1 3 4
964 365 0 0 1 4 6
964 365 0 0 1 4 6
965 320 0 0 1 3 4
965 320 0 0 1 3 4
966 297 0 0 1 4 5
966 297 0 0 1 4 5
967 399 0 0 1 2 3
967 399 0 0 1 2 3
968 323 0 0 1 3 4
968 323 0 0 1 3 4
969 319 0 0 1 3 4
969 319 0 0 1 3 4
970 370 0 0 2 3 5
970 370 0 0 2 3 5
971 363 0 0 2 3 5
971 363 0 0 2 3 5
972 341 0 0 2 3 5
972 341 0 0 2 3 5
973 363 0 0 2 2 4
973 363 0 0 2 2 4
974 400 0 0 2 2 4
974 400 0 0 2 2 4
975 449 0 0 2 1 3
975 449 0 0 2 1 3
976 425 0 0 2 2 4
976 425 0 0 2 2 4
977 394 0 0 2 2 4
977 394 0 0 2 2 4
978 378 0 0 2 2 4
978 378 0 0 2 2 4
979 357 0 0 2 2 4
979 357 0 0 2 2 4
980 337 0 0 2 1 3
980 337 0 0 2 1 3
981 309 0 0 2 1 3
981 309 0 0 2 1 3
982 302 0 0 2 1 3
982 302 0 0 2 1 3
983 269 0 0 2 1 3
983 269 0 0 2 1 3
984 263 0 0 2 1 3
984 263 0 0 2 1 3
985 217 0 0 2 2 4
985 217 0 0 2 2 4
986 203 0 0 2 2 4
986 203 0 0 2 2 4
987 197 0 0 2 2 4
987 197 0 0 2 2 4
988 168 0 0 1 2 3
988 168 0 0 1 2 3
989 163 0 0 1 2 3
989 163 0 0 1 2 3
990 165 0 0 1 2 3
990 165 0 0 1 2 3
991 179 0 0 2 3 5
991 179 0 0 2 3 5
992 171 0 0 2 3 5
992 171 0 0 2 3 5
993 159 0 0 1 2 3
993 159 0 0 1 2 3
994 188 0 0 2 2 4
994 188 0 0 2 2 4
995 151 0 0 1 3 4
995 151 0 0 1 3 4
996 171 0 0 2 4 6
996 171 0 0 2 4 6
997 180 0 0 1 3 4
997 180 0 0 1 3 4
998 200 0 0 2 3 5
998 200 0 0 2 3 5
999 185 0 0 1 3 4
999 185 0 0 1 3 4
1000 179 0 0 1 3 4
1000 179 0 0 1 3 4
1001 185 0 0 1 3 4
1001 185 0 0 1 3 4
1002 173 0 0 1 3 4
1002 173 0 0 1 3 4
1003 173 0 0 1 3 4
1003 173 0 0 1 3 4
1004 173 0 0 1 3 4
1004 173 0 0 1 3 4
1005 161 0 0 1 3 4
1005 161 0 0 1 3 4
1006 168 0 0 2 3 5
1006 168 0 0 2 3 5
1007 149 0 0 1 3 4
1007 149 0 0 1 3 4
1008 125 0 0 1 3 4
1008 125 0 0 1 3 4
1009 122 0 0 1 3 4
1009 122 0 0 1 3 4
1010 144 0 0 1 3 4
1010 144 0 0 1 3 4
1011 153 0 0 1 3 4
1011 153 0 0 1 3 4
1012 164 0 0 1 3 4
1012 164 0 0 1 3 4
1013 169 0 0 1 3 5
1013 169 0 0 1 3 5
1014 155 0 0 1 3 4
1014 155 0 0 1 3 4
1015 99 0 0 1 5 6
1015 99 0 0 1 5 6
1016 150 0 0 1 4 5
1016 150 0 0 1 4 5
1017 126 0 0 1 4 5
1017 126 0 0 1 4 5
1018 133 0 0 1 4 5
1018 133 0 0 1 4 5
1019 122 0 0 1 4 5
1019 122 0 0 1 4 5
1020 137 0 0 1 4 5
1020 137 0 0 1 4 5
