frame_id dynamic_keypoints dynamic_map_points suppressed_map_points dynamic_objects static_objects total_objects
1 455 0 0 2 5 7
1 455 0 0 2 5 7
2 438 0 0 2 4 6
2 438 0 0 2 4 6
3 436 0 0 2 4 6
3 436 0 0 2 4 6
4 421 0 0 2 4 6
4 421 0 0 2 4 6
5 452 0 0 2 4 6
5 452 0 0 2 4 6
6 436 0 0 2 4 6
6 436 0 0 2 4 6
7 447 0 0 2 4 6
7 447 0 0 2 4 6
8 441 0 0 2 5 7
8 441 0 0 2 5 7
9 425 0 0 2 5 7
9 425 0 0 2 5 7
10 427 0 0 2 5 7
10 427 0 0 2 5 7
11 419 0 0 2 4 6
11 419 0 0 2 4 6
12 445 0 0 2 5 7
12 445 0 0 2 5 7
13 448 0 0 2 4 6
13 448 0 0 2 4 6
14 457 0 0 2 4 6
14 457 0 0 2 4 6
15 490 0 0 2 4 6
15 490 0 0 2 4 6
16 573 0 0 2 3 5
16 573 0 0 2 3 5
17 551 0 0 2 3 5
17 551 0 0 2 3 5
18 548 0 0 2 3 5
18 548 0 0 2 3 5
19 555 0 0 2 3 5
19 555 0 0 2 3 5
20 572 0 0 2 3 5
20 572 0 0 2 3 5
21 552 0 0 2 3 5
21 552 0 0 2 3 5
22 573 0 0 2 3 5
22 573 0 0 2 3 5
23 572 0 0 2 3 5
23 572 0 0 2 3 5
24 566 0 0 2 3 5
24 566 0 0 2 3 5
25 527 0 0 2 3 5
25 527 0 0 2 3 5
26 550 0 0 2 3 5
26 550 0 0 2 3 5
27 559 0 0 2 3 5
27 559 0 0 2 3 5
28 568 0 0 2 3 5
28 568 0 0 2 3 5
29 592 0 0 2 3 5
29 592 0 0 2 3 5
30 590 0 0 2 3 5
30 590 0 0 2 3 5
31 579 0 0 2 4 6
31 579 0 0 2 4 6
32 604 0 0 2 4 6
32 604 0 0 2 4 6
33 607 0 0 2 3 5
33 607 0 0 2 3 5
34 611 0 0 2 3 5
34 611 0 0 2 3 5
35 578 0 0 2 5 7
35 578 0 0 2 5 7
36 578 0 0 2 3 5
36 578 0 0 2 3 5
37 584 0 0 2 3 5
37 584 0 0 2 3 5
38 593 0 0 2 4 7
38 593 0 0 2 4 7
39 582 0 0 2 3 5
39 582 0 0 2 3 5
40 610 0 0 2 3 5
40 610 0 0 2 3 5
41 561 0 0 3 3 6
41 561 0 0 3 3 6
42 607 0 0 2 2 4
42 607 0 0 2 2 4
43 608 0 0 2 2 4
43 608 0 0 2 2 4
44 597 0 0 2 2 4
44 597 0 0 2 2 4
45 606 0 0 2 2 4
45 606 0 0 2 2 4
46 615 0 0 2 2 4
46 615 0 0 2 2 4
47 603 0 0 2 2 4
47 603 0 0 2 2 4
48 598 0 0 2 2 4
48 598 0 0 2 2 4
49 580 0 0 2 3 5
49 580 0 0 2 3 5
50 661 0 0 2 2 4
50 661 0 0 2 2 4
51 645 0 0 2 2 4
51 645 0 0 2 2 4
52 673 0 0 2 2 4
52 673 0 0 2 2 4
53 646 0 0 2 2 4
53 646 0 0 2 2 4
54 614 0 0 2 2 4
54 614 0 0 2 2 4
55 586 0 0 2 3 5
55 586 0 0 2 3 5
56 613 0 0 2 2 4
56 613 0 0 2 2 4
57 612 0 0 2 2 4
57 612 0 0 2 2 4
58 610 0 0 2 2 4
58 610 0 0 2 2 4
59 605 0 0 2 2 4
59 605 0 0 2 2 4
60 621 0 0 2 2 4
60 621 0 0 2 2 4
61 622 0 0 2 2 4
61 622 0 0 2 2 4
62 590 0 0 2 2 4
62 590 0 0 2 2 4
63 576 0 0 2 2 4
63 576 0 0 2 2 4
64 561 0 0 2 2 4
64 561 0 0 2 2 4
65 604 0 0 2 2 4
65 604 0 0 2 2 4
66 583 0 0 2 2 4
66 583 0 0 2 2 4
67 591 0 0 2 2 4
67 591 0 0 2 2 4
68 591 0 0 2 2 5
68 591 0 0 2 2 5
69 570 0 0 2 2 4
69 570 0 0 2 2 4
70 561 0 0 2 2 4
70 561 0 0 2 2 4
71 541 0 0 2 2 4
71 541 0 0 2 2 4
72 495 0 0 2 2 4
72 495 0 0 2 2 4
73 496 0 0 2 2 4
73 496 0 0 2 2 4
74 497 0 0 2 2 4
74 497 0 0 2 2 4
75 495 0 0 2 2 4
75 495 0 0 2 2 4
76 474 0 0 2 2 4
76 474 0 0 2 2 4
77 476 0 0 2 2 4
77 476 0 0 2 2 4
78 475 0 0 2 2 4
78 475 0 0 2 2 4
79 483 0 0 2 2 4
79 483 0 0 2 2 4
80 490 0 0 2 2 4
80 490 0 0 2 2 4
81 524 0 0 2 2 4
81 524 0 0 2 2 4
82 506 0 0 2 2 4
82 506 0 0 2 2 4
83 486 0 0 2 2 4
83 486 0 0 2 2 4
84 519 0 0 2 2 4
84 519 0 0 2 2 4
85 555 0 0 2 2 4
85 555 0 0 2 2 4
86 505 0 0 2 2 4
86 505 0 0 2 2 4
87 520 0 0 2 2 4
87 520 0 0 2 2 4
88 544 0 0 2 2 4
88 544 0 0 2 2 4
89 541 0 0 2 2 4
89 541 0 0 2 2 4
90 528 0 0 2 2 4
90 528 0 0 2 2 4
91 512 0 0 2 2 4
91 512 0 0 2 2 4
92 474 0 0 2 2 4
92 474 0 0 2 2 4
93 460 0 0 2 2 4
93 460 0 0 2 2 4
94 465 0 0 2 2 4
94 465 0 0 2 2 4
95 380 0 0 2 3 5
95 380 0 0 2 3 5
96 369 0 0 2 3 5
96 369 0 0 2 3 5
97 355 0 0 2 3 5
97 355 0 0 2 3 5
98 352 0 0 2 3 5
98 352 0 0 2 3 5
99 338 0 0 2 3 5
99 338 0 0 2 3 5
100 292 0 0 2 3 5
100 292 0 0 2 3 5
101 267 0 0 2 3 5
101 267 0 0 2 3 5
102 254 0 0 2 3 5
102 254 0 0 2 3 5
103 269 0 0 2 2 4
103 269 0 0 2 2 4
104 269 0 0 2 3 5
104 269 0 0 2 3 5
105 259 0 0 2 3 5
105 259 0 0 2 3 5
106 260 0 0 2 1 3
106 260 0 0 2 1 3
107 251 0 0 2 1 3
107 251 0 0 2 1 3
108 267 0 0 2 2 4
108 267 0 0 2 2 4
109 288 0 0 2 2 4
109 288 0 0 2 2 4
110 299 0 0 2 2 4
110 299 0 0 2 2 4
111 334 0 0 2 2 4
111 334 0 0 2 2 4
112 332 0 0 2 2 4
112 332 0 0 2 2 4
113 340 0 0 2 2 4
113 340 0 0 2 2 4
114 339 0 0 2 2 4
114 339 0 0 2 2 4
115 346 0 0 2 2 4
115 346 0 0 2 2 4
116 339 0 0 2 2 4
116 339 0 0 2 2 4
117 328 0 0 2 2 4
117 328 0 0 2 2 4
118 330 0 0 2 2 4
118 330 0 0 2 2 4
119 319 0 0 2 2 4
119 319 0 0 2 2 4
120 309 0 0 2 2 4
120 309 0 0 2 2 4
121 324 0 0 2 2 4
121 324 0 0 2 2 4
122 301 0 0 2 2 4
122 301 0 0 2 2 4
123 310 0 0 2 2 4
123 310 0 0 2 2 4
124 283 0 0 1 2 3
124 283 0 0 1 2 3
125 320 0 0 2 2 4
125 320 0 0 2 2 4
126 282 0 0 1 2 3
126 282 0 0 1 2 3
127 304 0 0 2 2 4
127 304 0 0 2 2 4
128 303 0 0 2 2 4
128 303 0 0 2 2 4
129 356 0 0 2 2 4
129 356 0 0 2 2 4
130 330 0 0 2 2 4
130 330 0 0 2 2 4
131 349 0 0 2 2 4
131 349 0 0 2 2 4
132 343 0 0 2 2 4
132 343 0 0 2 2 4
133 350 0 0 2 2 4
133 350 0 0 2 2 4
134 333 0 0 2 3 5
134 333 0 0 2 3 5
135 364 0 0 2 2 4
135 364 0 0 2 2 4
136 326 0 0 2 3 5
136 326 0 0 2 3 5
137 264 0 0 2 4 6
137 264 0 0 2 4 6
138 278 0 0 2 3 5
138 278 0 0 2 3 5
139 261 0 0 2 3 6
139 261 0 0 2 3 6
140 271 0 0 2 3 5
140 271 0 0 2 3 5
141 212 0 0 1 3 4
141 212 0 0 1 3 4
142 196 0 0 1 3 4
142 196 0 0 1 3 4
143 242 0 0 1 2 4
143 242 0 0 1 2 4
144 229 0 0 1 3 5
144 229 0 0 1 3 5
145 208 0 0 1 3 4
145 208 0 0 1 3 4
146 212 0 0 1 4 5
146 212 0 0 1 4 5
147 229 0 0 1 4 5
147 229 0 0 1 4 5
148 239 0 0 1 4 5
148 239 0 0 1 4 5
149 244 0 0 1 3 4
149 244 0 0 1 3 4
150 270 0 0 1 3 4
150 270 0 0 1 3 4
151 253 0 0 1 3 4
151 253 0 0 1 3 4
152 286 0 0 1 3 4
152 286 0 0 1 3 4
153 314 0 0 1 3 4
153 314 0 0 1 3 4
154 274 0 0 1 3 4
154 274 0 0 1 3 4
155 284 0 0 1 3 4
155 284 0 0 1 3 4
156 283 0 0 1 2 3
156 283 0 0 1 2 3
157 335 0 0 1 2 3
157 335 0 0 1 2 3
158 335 0 0 1 2 3
158 335 0 0 1 2 3
159 333 0 0 1 1 2
159 333 0 0 1 1 2
160 333 0 0 1 1 2
160 333 0 0 1 1 2
161 331 0 0 1 1 2
161 331 0 0 1 1 2
162 346 0 0 1 1 2
162 346 0 0 1 1 2
163 308 0 0 1 1 2
163 308 0 0 1 1 2
164 301 0 0 1 1 2
164 301 0 0 1 1 2
165 285 0 0 1 1 2
165 285 0 0 1 1 2
166 261 0 0 1 1 2
166 261 0 0 1 1 2
167 262 0 0 1 1 2
167 262 0 0 1 1 2
168 267 0 0 1 1 2
168 267 0 0 1 1 2
169 292 0 0 1 2 3
169 292 0 0 1 2 3
170 343 0 0 1 1 2
170 343 0 0 1 1 2
171 377 0 0 1 1 2
171 377 0 0 1 1 2
172 393 0 0 1 1 2
172 393 0 0 1 1 2
173 389 0 0 1 1 2
173 389 0 0 1 1 2
174 375 0 0 1 0 1
174 375 0 0 1 0 1
175 355 0 0 1 0 1
175 355 0 0 1 0 1
176 333 0 0 1 1 2
176 333 0 0 1 1 2
177 295 0 0 1 1 2
177 295 0 0 1 1 2
178 273 0 0 1 2 3
178 273 0 0 1 2 3
179 206 0 0 1 2 3
179 206 0 0 1 2 3
180 150 0 0 1 1 2
180 150 0 0 1 1 2
181 106 0 0 1 1 2
181 106 0 0 1 1 2
182 85 0 0 1 3 4
182 85 0 0 1 3 4
183 0 0 0 0 3 3
183 0 0 0 0 3 3
184 0 0 0 0 3 3
184 0 0 0 0 3 3
185 0 0 0 0 4 4
185 0 0 0 0 4 4
186 0 0 0 0 4 4
186 0 0 0 0 4 4
187 0 0 0 0 4 4
187 0 0 0 0 4 4
188 0 0 0 0 4 4
188 0 0 0 0 4 4
189 0 0 0 0 4 4
189 0 0 0 0 4 4
190 0 0 0 0 2 2
190 0 0 0 0 2 2
191 0 0 0 0 2 2
191 0 0 0 0 2 2
192 0 0 0 0 2 2
192 0 0 0 0 2 2
193 0 0 0 0 3 3
193 0 0 0 0 3 3
194 0 0 0 0 3 3
194 0 0 0 0 3 3
195 0 0 0 0 3 3
195 0 0 0 0 3 3
196 0 0 0 0 2 2
196 0 0 0 0 2 2
197 0 0 0 0 3 3
197 0 0 0 0 3 3
198 56 0 0 1 2 3
198 56 0 0 1 2 3
199 148 0 0 1 1 2
199 148 0 0 1 1 2
200 129 0 0 1 3 4
200 129 0 0 1 3 4
201 145 0 0 1 2 3
201 145 0 0 1 2 3
202 140 0 0 1 1 2
202 140 0 0 1 1 2
203 129 0 0 1 1 2
203 129 0 0 1 1 2
204 163 0 0 1 1 2
204 163 0 0 1 1 2
205 217 0 0 1 0 1
205 217 0 0 1 0 1
206 280 0 0 1 1 2
206 280 0 0 1 1 2
207 237 0 0 1 0 1
207 237 0 0 1 0 1
208 187 0 0 1 1 2
208 187 0 0 1 1 2
209 184 0 0 1 1 2
209 184 0 0 1 1 2
210 213 0 0 1 1 2
210 213 0 0 1 1 2
211 187 0 0 1 2 3
211 187 0 0 1 2 3
212 177 0 0 1 1 2
212 177 0 0 1 1 2
213 178 0 0 1 0 1
213 178 0 0 1 0 1
214 154 0 0 1 1 2
214 154 0 0 1 1 2
215 168 0 0 1 1 2
215 168 0 0 1 1 2
216 219 0 0 1 1 2
216 219 0 0 1 1 2
217 202 0 0 1 1 2
217 202 0 0 1 1 2
218 201 0 0 1 1 2
218 201 0 0 1 1 2
219 184 0 0 1 1 2
219 184 0 0 1 1 2
220 205 0 0 1 1 2
220 205 0 0 1 1 2
221 230 0 0 1 1 2
221 230 0 0 1 1 2
222 214 0 0 1 1 2
222 214 0 0 1 1 2
223 237 0 0 1 1 2
223 237 0 0 1 1 2
224 211 0 0 1 2 3
224 211 0 0 1 2 3
225 207 0 0 1 2 3
225 207 0 0 1 2 3
226 185 0 0 1 2 3
226 185 0 0 1 2 3
227 199 0 0 1 2 3
227 199 0 0 1 2 3
228 204 0 0 1 2 3
228 204 0 0 1 2 3
229 192 0 0 1 2 3
229 192 0 0 1 2 3
230 220 0 0 1 2 3
230 220 0 0 1 2 3
231 225 0 0 1 3 4
231 225 0 0 1 3 4
232 199 0 0 1 2 3
232 199 0 0 1 2 3
233 236 0 0 1 3 4
233 236 0 0 1 3 4
234 229 0 0 1 2 3
234 229 0 0 1 2 3
235 215 0 0 1 2 3
235 215 0 0 1 2 3
236 185 0 0 1 2 3
236 185 0 0 1 2 3
237 170 0 0 1 2 3
237 170 0 0 1 2 3
238 147 0 0 1 2 3
238 147 0 0 1 2 3
239 133 0 0 1 2 3
239 133 0 0 1 2 3
240 135 0 0 1 3 4
240 135 0 0 1 3 4
241 126 0 0 1 2 3
241 126 0 0 1 2 3
242 98 0 0 1 3 4
242 98 0 0 1 3 4
243 88 0 0 1 3 4
243 88 0 0 1 3 4
244 80 0 0 1 3 4
244 80 0 0 1 3 4
245 80 0 0 1 4 5
245 80 0 0 1 4 5
246 57 0 0 1 3 4
246 57 0 0 1 3 4
247 54 0 0 1 3 4
247 54 0 0 1 3 4
248 23 0 0 1 4 5
248 23 0 0 1 4 5
249 17 0 0 1 4 5
249 17 0 0 1 4 5
250 0 0 0 0 4 4
250 0 0 0 0 4 4
251 0 0 0 0 4 4
251 0 0 0 0 4 4
252 0 0 0 0 5 5
252 0 0 0 0 5 5
253 0 0 0 0 5 5
253 0 0 0 0 5 5
254 0 0 0 0 5 5
254 0 0 0 0 5 5
255 0 0 0 0 5 5
255 0 0 0 0 5 5
256 0 0 0 0 4 4
256 0 0 0 0 4 4
257 0 0 0 0 5 5
257 0 0 0 0 5 5
258 0 0 0 0 4 4
258 0 0 0 0 4 4
259 0 0 0 0 4 4
259 0 0 0 0 4 4
260 0 0 0 0 4 4
260 0 0 0 0 4 4
261 0 0 0 0 4 4
261 0 0 0 0 4 4
262 0 0 0 0 4 4
262 0 0 0 0 4 4
263 0 0 0 0 5 5
263 0 0 0 0 5 5
264 0 0 0 0 3 3
264 0 0 0 0 3 3
265 0 0 0 0 3 3
265 0 0 0 0 3 3
266 0 0 0 0 2 2
266 0 0 0 0 2 2
267 0 0 0 0 2 2
267 0 0 0 0 2 2
268 0 0 0 0 2 2
268 0 0 0 0 2 2
269 0 0 0 0 2 2
269 0 0 0 0 2 2
270 0 0 0 0 2 2
270 0 0 0 0 2 2
271 0 0 0 0 2 2
271 0 0 0 0 2 2
272 0 0 0 0 2 2
272 0 0 0 0 2 2
273 0 0 0 0 2 2
273 0 0 0 0 2 2
274 0 0 0 0 2 2
274 0 0 0 0 2 2
275 0 0 0 0 2 2
275 0 0 0 0 2 2
276 0 0 0 0 1 1
276 0 0 0 0 1 1
277 0 0 0 0 2 2
277 0 0 0 0 2 2
278 0 0 0 0 2 2
278 0 0 0 0 2 2
279 0 0 0 0 2 2
279 0 0 0 0 2 2
280 0 0 0 0 2 2
280 0 0 0 0 2 2
281 0 0 0 0 2 2
281 0 0 0 0 2 2
282 0 0 0 0 2 2
282 0 0 0 0 2 2
283 0 0 0 0 2 2
283 0 0 0 0 2 2
284 0 0 0 0 1 1
284 0 0 0 0 1 1
285 0 0 0 0 1 1
285 0 0 0 0 1 1
286 0 0 0 0 1 1
286 0 0 0 0 1 1
287 0 0 0 0 1 1
287 0 0 0 0 1 1
288 0 0 0 0 2 2
288 0 0 0 0 2 2
289 0 0 0 0 2 2
289 0 0 0 0 2 2
290 0 0 0 0 2 3
290 0 0 0 0 2 3
291 0 0 0 0 1 1
291 0 0 0 0 1 1
292 0 0 0 0 1 1
292 0 0 0 0 1 1
293 0 0 0 0 2 2
293 0 0 0 0 2 2
294 0 0 0 0 1 1
294 0 0 0 0 1 1
295 0 0 0 0 1 1
295 0 0 0 0 1 1
296 0 0 0 0 1 1
296 0 0 0 0 1 1
297 0 0 0 0 2 2
297 0 0 0 0 2 2
298 0 0 0 0 1 1
298 0 0 0 0 1 1
299 0 0 0 0 2 2
299 0 0 0 0 2 2
300 0 0 0 0 2 2
300 0 0 0 0 2 2
301 0 0 0 0 2 2
301 0 0 0 0 2 2
302 0 0 0 0 2 2
302 0 0 0 0 2 2
303 0 0 0 0 1 1
303 0 0 0 0 1 1
304 0 0 0 0 1 1
304 0 0 0 0 1 1
305 0 0 0 0 1 1
305 0 0 0 0 1 1
306 0 0 0 0 0 0
306 0 0 0 0 0 0
307 0 0 0 0 1 1
307 0 0 0 0 1 1
308 0 0 0 0 0 0
308 0 0 0 0 0 0
309 0 0 0 0 0 0
309 0 0 0 0 0 0
310 0 0 0 0 0 0
310 0 0 0 0 0 0
311 0 0 0 0 0 0
311 0 0 0 0 0 0
312 0 0 0 0 0 0
312 0 0 0 0 0 0
313 0 0 0 0 0 0
313 0 0 0 0 0 0
314 0 0 0 0 0 0
314 0 0 0 0 0 0
315 0 0 0 0 0 0
315 0 0 0 0 0 0
316 0 0 0 0 1 1
316 0 0 0 0 1 1
317 0 0 0 0 1 1
317 0 0 0 0 1 1
318 0 0 0 0 0 0
318 0 0 0 0 0 0
319 0 0 0 0 1 1
319 0 0 0 0 1 1
320 0 0 0 0 0 0
320 0 0 0 0 0 0
321 0 0 0 0 1 1
321 0 0 0 0 1 1
322 0 0 0 0 2 2
322 0 0 0 0 2 2
323 0 0 0 0 2 2
323 0 0 0 0 2 2
324 0 0 0 0 2 2
324 0 0 0 0 2 2
325 0 0 0 0 2 2
325 0 0 0 0 2 2
326 0 0 0 0 2 2
326 0 0 0 0 2 2
327 0 0 0 0 2 2
327 0 0 0 0 2 2
328 0 0 0 0 2 2
328 0 0 0 0 2 2
329 0 0 0 0 3 3
329 0 0 0 0 3 3
330 0 0 0 0 3 3
330 0 0 0 0 3 3
331 0 0 0 0 3 3
331 0 0 0 0 3 3
332 0 0 0 0 2 2
332 0 0 0 0 2 2
333 0 0 0 0 2 2
333 0 0 0 0 2 2
334 0 0 0 0 3 3
334 0 0 0 0 3 3
335 0 0 0 0 2 2
335 0 0 0 0 2 2
336 0 0 0 0 2 2
336 0 0 0 0 2 2
337 0 0 0 0 3 3
337 0 0 0 0 3 3
338 0 0 0 0 3 3
338 0 0 0 0 3 3
339 0 0 0 0 3 3
339 0 0 0 0 3 3
340 0 0 0 0 3 3
340 0 0 0 0 3 3
341 0 0 0 0 2 2
341 0 0 0 0 2 2
342 0 0 0 0 3 3
342 0 0 0 0 3 3
343 0 0 0 0 4 4
343 0 0 0 0 4 4
344 0 0 0 0 4 4
344 0 0 0 0 4 4
345 0 0 0 0 3 3
345 0 0 0 0 3 3
346 0 0 0 0 2 2
346 0 0 0 0 2 2
347 0 0 0 0 4 4
347 0 0 0 0 4 4
348 0 0 0 0 4 4
348 0 0 0 0 4 4
349 0 0 0 0 4 4
349 0 0 0 0 4 4
350 0 0 0 0 3 3
350 0 0 0 0 3 3
351 0 0 0 0 3 3
351 0 0 0 0 3 3
352 0 0 0 0 2 2
352 0 0 0 0 2 2
353 0 0 0 0 3 3
353 0 0 0 0 3 3
354 0 0 0 0 4 4
354 0 0 0 0 4 4
355 33 0 0 1 3 4
355 33 0 0 1 3 4
356 0 0 0 0 4 4
356 0 0 0 0 4 4
357 20 0 0 1 3 4
357 20 0 0 1 3 4
358 26 0 0 1 2 3
358 26 0 0 1 2 3
359 19 0 0 1 3 4
359 19 0 0 1 3 4
360 21 0 0 1 3 4
360 21 0 0 1 3 4
361 0 0 0 0 3 3
361 0 0 0 0 3 3
362 0 0 0 0 3 3
362 0 0 0 0 3 3
363 0 0 0 0 3 3
363 0 0 0 0 3 3
364 0 0 0 0 2 2
364 0 0 0 0 2 2
365 0 0 0 0 3 3
365 0 0 0 0 3 3
366 0 0 0 0 3 3
366 0 0 0 0 3 3
367 0 0 0 0 4 4
367 0 0 0 0 4 4
368 0 0 0 0 3 3
368 0 0 0 0 3 3
369 0 0 0 0 4 4
369 0 0 0 0 4 4
370 0 0 0 1 4 5
370 0 0 0 1 4 5
371 0 0 0 0 4 4
371 0 0 0 0 4 4
372 0 0 0 0 4 4
372 0 0 0 0 4 4
373 0 0 0 0 4 4
373 0 0 0 0 4 4
374 0 0 0 0 4 4
374 0 0 0 0 4 4
375 0 0 0 0 4 4
375 0 0 0 0 4 4
376 0 0 0 0 4 4
376 0 0 0 0 4 4
377 0 0 0 0 4 4
377 0 0 0 0 4 4
378 0 0 0 0 4 4
378 0 0 0 0 4 4
379 0 0 0 0 4 4
379 0 0 0 0 4 4
380 0 0 0 0 4 4
380 0 0 0 0 4 4
381 0 0 0 0 4 4
381 0 0 0 0 4 4
382 0 0 0 0 3 3
382 0 0 0 0 3 3
383 0 0 0 0 4 4
383 0 0 0 0 4 4
384 0 0 0 0 3 3
384 0 0 0 0 3 3
385 0 0 0 0 4 4
385 0 0 0 0 4 4
386 0 0 0 0 4 4
386 0 0 0 0 4 4
387 0 0 0 0 4 4
387 0 0 0 0 4 4
388 0 0 0 0 3 3
388 0 0 0 0 3 3
389 80 0 0 1 4 5
389 80 0 0 1 4 5
390 69 0 0 1 3 4
390 69 0 0 1 3 4
391 137 0 0 1 3 4
391 137 0 0 1 3 4
392 86 0 0 1 4 5
392 86 0 0 1 4 5
393 0 0 0 0 3 3
393 0 0 0 0 3 3
394 117 0 0 1 3 4
394 117 0 0 1 3 4
395 104 0 0 1 4 5
395 104 0 0 1 4 5
396 185 0 0 1 3 4
396 185 0 0 1 3 4
397 201 0 0 1 3 4
397 201 0 0 1 3 4
398 222 0 0 1 3 4
398 222 0 0 1 3 4
399 253 0 0 1 3 4
399 253 0 0 1 3 4
400 250 0 0 1 3 4
400 250 0 0 1 3 4
401 258 0 0 1 3 4
401 258 0 0 1 3 4
402 247 0 0 1 4 5
402 247 0 0 1 4 5
403 264 0 0 1 4 5
403 264 0 0 1 4 5
404 264 0 0 1 3 4
404 264 0 0 1 3 4
405 265 0 0 1 3 4
405 265 0 0 1 3 4
406 252 0 0 1 3 4
406 252 0 0 1 3 4
407 239 0 0 1 3 4
407 239 0 0 1 3 4
408 233 0 0 1 2 3
408 233 0 0 1 2 3
409 233 0 0 1 2 4
409 233 0 0 1 2 4
410 206 0 0 1 2 3
410 206 0 0 1 2 3
411 229 0 0 1 2 3
411 229 0 0 1 2 3
412 243 0 0 1 2 3
412 243 0 0 1 2 3
413 252 0 0 1 2 3
413 252 0 0 1 2 3
414 292 0 0 1 2 3
414 292 0 0 1 2 3
415 337 0 0 1 2 3
415 337 0 0 1 2 3
416 305 0 0 1 3 4
416 305 0 0 1 3 4
417 304 0 0 1 3 4
417 304 0 0 1 3 4
418 349 0 0 1 2 3
418 349 0 0 1 2 3
419 367 0 0 1 3 4
419 367 0 0 1 3 4
420 392 0 0 1 2 3
420 392 0 0 1 2 3
421 291 0 0 1 4 5
421 291 0 0 1 4 5
422 260 0 0 1 4 5
422 260 0 0 1 4 5
423 270 0 0 1 4 5
423 270 0 0 1 4 5
424 261 0 0 1 4 5
424 261 0 0 1 4 5
425 237 0 0 1 4 5
425 237 0 0 1 4 5
426 271 0 0 1 4 5
426 271 0 0 1 4 5
427 262 0 0 1 3 4
427 262 0 0 1 3 4
428 253 0 0 1 3 4
428 253 0 0 1 3 4
429 247 0 0 1 3 4
429 247 0 0 1 3 4
430 203 0 0 1 3 4
430 203 0 0 1 3 4
431 212 0 0 1 3 4
431 212 0 0 1 3 4
432 230 0 0 1 3 4
432 230 0 0 1 3 4
433 252 0 0 1 2 3
433 252 0 0 1 2 3
434 313 0 0 1 2 3
434 313 0 0 1 2 3
435 337 0 0 1 2 3
435 337 0 0 1 2 3
436 405 0 0 1 2 3
436 405 0 0 1 2 3
437 459 0 0 1 2 3
437 459 0 0 1 2 3
438 485 0 0 1 2 3
438 485 0 0 1 2 3
439 443 0 0 1 3 4
439 443 0 0 1 3 4
440 445 0 0 1 3 4
440 445 0 0 1 3 4
441 459 0 0 1 3 4
441 459 0 0 1 3 4
442 431 0 0 1 3 4
442 431 0 0 1 3 4
443 375 0 0 1 4 5
443 375 0 0 1 4 5
444 259 0 0 1 4 5
444 259 0 0 1 4 5
445 255 0 0 1 4 5
445 255 0 0 1 4 5
446 267 0 0 1 4 5
446 267 0 0 1 4 5
447 282 0 0 1 4 5
447 282 0 0 1 4 5
448 249 0 0 1 4 5
448 249 0 0 1 4 5
449 308 0 0 2 4 6
449 308 0 0 2 4 6
450 302 0 0 2 4 6
450 302 0 0 2 4 6
451 180 0 0 1 4 5
451 180 0 0 1 4 5
452 224 0 0 2 4 6
452 224 0 0 2 4 6
453 228 0 0 2 4 6
453 228 0 0 2 4 6
454 213 0 0 2 4 6
454 213 0 0 2 4 6
455 212 0 0 2 4 6
455 212 0 0 2 4 6
456 190 0 0 2 4 6
456 190 0 0 2 4 6
457 177 0 0 2 4 6
457 177 0 0 2 4 6
458 173 0 0 2 4 6
458 173 0 0 2 4 6
459 185 0 0 2 3 5
459 185 0 0 2 3 5
460 162 0 0 2 3 5
460 162 0 0 2 3 5
461 152 0 0 2 4 6
461 152 0 0 2 4 6
462 55 0 0 1 4 5
462 55 0 0 1 4 5
463 52 0 0 1 4 5
463 52 0 0 1 4 5
464 97 0 0 2 4 6
464 97 0 0 2 4 6
465 57 0 0 1 4 5
465 57 0 0 1 4 5
466 56 0 0 1 4 5
466 56 0 0 1 4 5
467 66 0 0 1 4 5
467 66 0 0 1 4 5
468 60 0 0 1 4 5
468 60 0 0 1 4 5
469 79 0 0 1 4 5
469 79 0 0 1 4 5
470 64 0 0 1 4 5
470 64 0 0 1 4 5
471 68 0 0 1 4 5
471 68 0 0 1 4 5
472 73 0 0 1 4 5
472 73 0 0 1 4 5
473 54 0 0 1 5 6
473 54 0 0 1 5 6
474 46 0 0 1 5 6
474 46 0 0 1 5 6
475 68 0 0 1 5 6
475 68 0 0 1 5 6
476 69 0 0 1 4 5
476 69 0 0 1 4 5
477 69 0 0 1 4 5
477 69 0 0 1 4 5
478 72 0 0 1 5 6
478 72 0 0 1 5 6
479 77 0 0 1 5 6
479 77 0 0 1 5 6
480 71 0 0 1 4 5
480 71 0 0 1 4 5
481 73 0 0 1 4 5
481 73 0 0 1 4 5
482 65 0 0 1 4 5
482 65 0 0 1 4 5
483 65 0 0 1 4 5
483 65 0 0 1 4 5
484 62 0 0 1 4 5
484 62 0 0 1 4 5
485 44 0 0 1 4 5
485 44 0 0 1 4 5
486 49 0 0 1 4 5
486 49 0 0 1 4 5
487 55 0 0 1 4 5
487 55 0 0 1 4 5
488 54 0 0 1 4 5
488 54 0 0 1 4 5
489 41 0 0 1 4 5
489 41 0 0 1 4 5
490 39 0 0 1 4 5
490 39 0 0 1 4 5
491 48 0 0 1 4 5
491 48 0 0 1 4 5
492 52 0 0 1 4 5
492 52 0 0 1 4 5
493 60 0 0 1 4 5
493 60 0 0 1 4 5
494 50 0 0 1 4 5
494 50 0 0 1 4 5
495 33 0 0 1 4 5
495 33 0 0 1 4 5
496 35 0 0 1 5 6
496 35 0 0 1 5 6
497 36 0 0 1 5 6
497 36 0 0 1 5 6
498 36 0 0 1 5 6
498 36 0 0 1 5 6
499 19 0 0 1 4 5
499 19 0 0 1 4 5
500 9 0 0 1 5 6
500 9 0 0 1 5 6
501 0 0 0 0 4 4
501 0 0 0 0 4 4
502 0 0 0 0 4 4
502 0 0 0 0 4 4
503 0 0 0 0 4 4
503 0 0 0 0 4 4
504 8 0 0 1 4 5
504 8 0 0 1 4 5
505 8 0 0 1 4 5
505 8 0 0 1 4 5
506 4 0 0 1 3 4
506 4 0 0 1 3 4
507 9 0 0 1 3 4
507 9 0 0 1 3 4
508 11 0 0 1 3 4
508 11 0 0 1 3 4
509 11 0 0 1 3 4
509 11 0 0 1 3 4
510 33 0 0 1 4 5
510 33 0 0 1 4 5
511 42 0 0 1 5 6
511 42 0 0 1 5 6
512 40 0 0 1 4 5
512 40 0 0 1 4 5
513 62 0 0 1 4 5
513 62 0 0 1 4 5
514 86 0 0 1 3 4
514 86 0 0 1 3 4
515 102 0 0 1 4 5
515 102 0 0 1 4 5
516 107 0 0 1 4 5
516 107 0 0 1 4 5
517 127 0 0 1 4 5
517 127 0 0 1 4 5
518 142 0 0 1 5 6
518 142 0 0 1 5 6
519 163 0 0 1 5 6
519 163 0 0 1 5 6
520 179 0 0 1 5 6
520 179 0 0 1 5 6
521 223 0 0 1 5 6
521 223 0 0 1 5 6
522 279 0 0 1 4 5
522 279 0 0 1 4 5
523 323 0 0 1 4 5
523 323 0 0 1 4 5
524 322 0 0 1 4 5
524 322 0 0 1 4 5
525 306 0 0 1 3 4
525 306 0 0 1 3 4
526 288 0 0 1 3 4
526 288 0 0 1 3 4
527 289 0 0 1 4 5
527 289 0 0 1 4 5
528 264 0 0 1 4 5
528 264 0 0 1 4 5
529 268 0 0 1 4 5
529 268 0 0 1 4 5
530 240 0 0 1 4 5
530 240 0 0 1 4 5
531 229 0 0 1 4 5
531 229 0 0 1 4 5
532 220 0 0 1 4 5
532 220 0 0 1 4 5
533 224 0 0 1 4 5
533 224 0 0 1 4 5
534 206 0 0 1 4 5
534 206 0 0 1 4 5
535 197 0 0 1 5 6
535 197 0 0 1 5 6
536 103 0 0 1 4 5
536 103 0 0 1 4 5
537 75 0 0 1 4 5
537 75 0 0 1 4 5
538 71 0 0 1 4 5
538 71 0 0 1 4 5
539 85 0 0 1 4 5
539 85 0 0 1 4 5
540 86 0 0 1 5 6
540 86 0 0 1 5 6
541 111 0 0 1 5 6
541 111 0 0 1 5 6
542 116 0 0 1 4 5
542 116 0 0 1 4 5
543 115 0 0 1 5 6
543 115 0 0 1 5 6
544 107 0 0 1 5 6
544 107 0 0 1 5 6
545 97 0 0 1 5 6
545 97 0 0 1 5 6
546 105 0 0 1 4 5
546 105 0 0 1 4 5
547 102 0 0 1 4 5
547 102 0 0 1 4 5
548 98 0 0 1 4 5
548 98 0 0 1 4 5
549 98 0 0 1 4 5
549 98 0 0 1 4 5
550 83 0 0 1 5 6
550 83 0 0 1 5 6
551 112 0 0 1 4 5
551 112 0 0 1 4 5
552 113 0 0 1 4 5
552 113 0 0 1 4 5
553 107 0 0 1 4 5
553 107 0 0 1 4 5
554 110 0 0 1 5 6
554 110 0 0 1 5 6
555 143 0 0 1 4 5
555 143 0 0 1 4 5
556 131 0 0 1 4 5
556 131 0 0 1 4 5
557 159 0 0 1 4 5
557 159 0 0 1 4 5
558 166 0 0 1 4 5
558 166 0 0 1 4 5
559 170 0 0 1 3 4
559 170 0 0 1 3 4
560 178 0 0 1 4 5
560 178 0 0 1 4 5
561 183 0 0 1 4 5
561 183 0 0 1 4 5
562 196 0 0 1 4 5
562 196 0 0 1 4 5
563 219 0 0 1 2 3
563 219 0 0 1 2 3
564 255 0 0 1 3 4
564 255 0 0 1 3 4
565 265 0 0 1 3 4
565 265 0 0 1 3 4
566 292 0 0 1 3 4
566 292 0 0 1 3 4
567 317 0 0 1 3 4
567 317 0 0 1 3 4
568 330 0 0 1 3 4
568 330 0 0 1 3 4
569 331 0 0 1 3 4
569 331 0 0 1 3 4
570 336 0 0 1 3 4
570 336 0 0 1 3 4
571 355 0 0 1 2 3
571 355 0 0 1 2 3
572 383 0 0 1 2 3
572 383 0 0 1 2 3
573 397 0 0 1 2 3
573 397 0 0 1 2 3
574 357 0 0 1 4 5
574 357 0 0 1 4 5
575 409 0 0 1 2 3
575 409 0 0 1 2 3
576 383 0 0 1 3 4
576 383 0 0 1 3 4
577 395 0 0 1 3 4
577 395 0 0 1 3 4
578 415 0 0 1 3 4
578 415 0 0 1 3 4
579 405 0 0 1 3 4
579 405 0 0 1 3 4
580 406 0 0 1 3 4
580 406 0 0 1 3 4
581 417 0 0 1 2 3
581 417 0 0 1 2 3
582 410 0 0 1 2 3
582 410 0 0 1 2 3
583 422 0 0 1 2 3
583 422 0 0 1 2 3
584 417 0 0 1 1 2
584 417 0 0 1 1 2
585 413 0 0 1 1 2
585 413 0 0 1 1 2
586 410 0 0 1 2 3
586 410 0 0 1 2 3
587 372 0 0 1 3 4
587 372 0 0 1 3 4
588 365 0 0 1 3 4
588 365 0 0 1 3 4
589 375 0 0 1 4 5
589 375 0 0 1 4 5
590 351 0 0 1 3 4
590 351 0 0 1 3 4
591 348 0 0 1 3 4
591 348 0 0 1 3 4
592 373 0 0 1 3 4
592 373 0 0 1 3 4
593 396 0 0 1 2 4
593 396 0 0 1 2 4
594 393 0 0 1 3 4
594 393 0 0 1 3 4
595 414 0 0 1 5 6
595 414 0 0 1 5 6
596 424 0 0 1 3 4
596 424 0 0 1 3 4
597 427 0 0 1 3 4
597 427 0 0 1 3 4
598 433 0 0 1 3 4
598 433 0 0 1 3 4
599 446 0 0 1 3 4
599 446 0 0 1 3 4
600 421 0 0 1 3 4
600 421 0 0 1 3 4
601 437 0 0 1 4 5
601 437 0 0 1 4 5
602 437 0 0 1 3 4
602 437 0 0 1 3 4
603 445 0 0 1 5 6
603 445 0 0 1 5 6
604 463 0 0 1 4 5
604 463 0 0 1 4 5
605 454 0 0 1 4 5
605 454 0 0 1 4 5
606 471 0 0 1 3 5
606 471 0 0 1 3 5
607 453 0 0 1 3 4
607 453 0 0 1 3 4
608 447 0 0 1 3 4
608 447 0 0 1 3 4
609 438 0 0 1 3 4
609 438 0 0 1 3 4
610 458 0 0 1 2 3
610 458 0 0 1 2 3
611 459 0 0 1 2 3
611 459 0 0 1 2 3
612 431 0 0 1 2 3
612 431 0 0 1 2 3
613 434 0 0 1 2 3
613 434 0 0 1 2 3
614 422 0 0 1 3 4
614 422 0 0 1 3 4
615 415 0 0 1 2 3
615 415 0 0 1 2 3
616 423 0 0 1 2 3
616 423 0 0 1 2 3
617 438 0 0 1 2 3
617 438 0 0 1 2 3
618 422 0 0 1 3 4
618 422 0 0 1 3 4
619 458 0 0 1 3 4
619 458 0 0 1 3 4
620 488 0 0 1 4 5
620 488 0 0 1 4 5
621 493 0 0 1 2 3
621 493 0 0 1 2 3
622 491 0 0 1 4 5
622 491 0 0 1 4 5
623 495 0 0 1 3 4
623 495 0 0 1 3 4
624 496 0 0 1 3 4
624 496 0 0 1 3 4
625 495 0 0 1 4 5
625 495 0 0 1 4 5
626 508 0 0 1 3 4
626 508 0 0 1 3 4
627 532 0 0 1 3 4
627 532 0 0 1 3 4
628 516 0 0 1 2 3
628 516 0 0 1 2 3
629 493 0 0 1 3 4
629 493 0 0 1 3 4
630 497 0 0 1 3 4
630 497 0 0 1 3 4
631 482 0 0 1 3 4
631 482 0 0 1 3 4
632 457 0 0 1 3 4
632 457 0 0 1 3 4
633 502 0 0 1 2 3
633 502 0 0 1 2 3
634 472 0 0 1 3 4
634 472 0 0 1 3 4
635 454 0 0 1 3 4
635 454 0 0 1 3 4
636 454 0 0 1 3 4
636 454 0 0 1 3 4
637 440 0 0 1 3 4
637 440 0 0 1 3 4
638 440 0 0 1 3 4
638 440 0 0 1 3 4
639 392 0 0 1 3 4
639 392 0 0 1 3 4
640 412 0 0 1 3 4
640 412 0 0 1 3 4
641 390 0 0 1 3 4
641 390 0 0 1 3 4
642 343 0 0 1 3 4
642 343 0 0 1 3 4
643 374 0 0 1 3 4
643 374 0 0 1 3 4
644 328 0 0 1 3 4
644 328 0 0 1 3 4
645 336 0 0 1 3 4
645 336 0 0 1 3 4
646 291 0 0 1 3 4
646 291 0 0 1 3 4
647 332 0 0 1 2 3
647 332 0 0 1 2 3
648 295 0 0 1 2 3
648 295 0 0 1 2 3
649 294 0 0 1 3 4
649 294 0 0 1 3 4
650 254 0 0 1 3 4
650 254 0 0 1 3 4
651 215 0 0 1 4 5
651 215 0 0 1 4 5
652 197 0 0 1 3 4
652 197 0 0 1 3 4
653 190 0 0 1 4 5
653 190 0 0 1 4 5
654 165 0 0 1 3 4
654 165 0 0 1 3 4
655 151 0 0 1 4 5
655 151 0 0 1 4 5
656 159 0 0 2 2 4
656 159 0 0 2 2 4
657 138 0 0 1 2 3
657 138 0 0 1 2 3
658 144 0 0 1 2 3
658 144 0 0 1 2 3
659 152 0 0 1 2 3
659 152 0 0 1 2 3
660 170 0 0 1 2 3
660 170 0 0 1 2 3
661 158 0 0 1 2 3
661 158 0 0 1 2 3
662 203 0 0 1 2 3
662 203 0 0 1 2 3
663 118 0 0 1 3 4
663 118 0 0 1 3 4
664 107 0 0 1 4 5
664 107 0 0 1 4 5
665 113 0 0 1 3 4
665 113 0 0 1 3 4
666 256 0 0 2 3 5
666 256 0 0 2 3 5
667 261 0 0 2 3 5
667 261 0 0 2 3 5
668 247 0 0 2 3 5
668 247 0 0 2 3 5
669 252 0 0 2 3 5
669 252 0 0 2 3 5
670 236 0 0 2 3 5
670 236 0 0 2 3 5
671 244 0 0 2 3 5
671 244 0 0 2 3 5
672 265 0 0 2 3 5
672 265 0 0 2 3 5
673 279 0 0 2 4 6
673 279 0 0 2 4 6
674 292 0 0 2 3 5
674 292 0 0 2 3 5
675 274 0 0 2 3 5
675 274 0 0 2 3 5
676 280 0 0 2 3 5
676 280 0 0 2 3 5
677 280 0 0 1 2 3
677 280 0 0 1 2 3
678 261 0 0 1 2 3
678 261 0 0 1 2 3
679 253 0 0 1 3 4
679 253 0 0 1 3 4
680 225 0 0 1 3 4
680 225 0 0 1 3 4
681 289 0 0 1 3 4
681 289 0 0 1 3 4
682 256 0 0 1 3 4
682 256 0 0 1 3 4
683 274 0 0 1 3 4
683 274 0 0 1 3 4
684 327 0 0 2 2 4
684 327 0 0 2 2 4
685 378 0 0 2 3 5
685 378 0 0 2 3 5
686 290 0 0 2 4 6
686 290 0 0 2 4 6
687 361 0 0 2 3 5
687 361 0 0 2 3 5
688 362 0 0 2 2 4
688 362 0 0 2 2 4
689 355 0 0 2 2 4
689 355 0 0 2 2 4
690 371 0 0 2 2 4
690 371 0 0 2 2 4
691 358 0 0 2 3 5
691 358 0 0 2 3 5
692 350 0 0 2 3 5
692 350 0 0 2 3 5
693 385 0 0 2 1 3
693 385 0 0 2 1 3
694 337 0 0 2 2 4
694 337 0 0 2 2 4
695 378 0 0 2 2 4
695 378 0 0 2 2 4
696 410 0 0 2 1 3
696 410 0 0 2 1 3
697 431 0 0 2 1 3
697 431 0 0 2 1 3
698 416 0 0 2 1 3
698 416 0 0 2 1 3
699 415 0 0 2 1 3
699 415 0 0 2 1 3
700 397 0 0 2 1 3
700 397 0 0 2 1 3
701 445 0 0 2 1 3
701 445 0 0 2 1 3
702 414 0 0 2 1 3
702 414 0 0 2 1 3
703 409 0 0 2 2 4
703 409 0 0 2 2 4
704 382 0 0 3 2 5
704 382 0 0 3 2 5
705 402 0 0 2 2 4
705 402 0 0 2 2 4
706 375 0 0 2 3 5
706 375 0 0 2 3 5
707 384 0 0 2 2 4
707 384 0 0 2 2 4
708 391 0 0 2 1 3
708 391 0 0 2 1 3
709 380 0 0 2 2 4
709 380 0 0 2 2 4
710 383 0 0 2 2 4
710 383 0 0 2 2 4
711 362 0 0 2 3 5
711 362 0 0 2 3 5
712 365 0 0 2 2 4
712 365 0 0 2 2 4
713 394 0 0 2 2 4
713 394 0 0 2 2 4
714 416 0 0 2 2 4
714 416 0 0 2 2 4
715 385 0 0 3 3 6
715 385 0 0 3 3 6
716 409 0 0 2 2 4
716 409 0 0 2 2 4
717 406 0 0 2 2 4
717 406 0 0 2 2 4
718 405 0 0 2 2 4
718 405 0 0 2 2 4
719 399 0 0 2 2 4
719 399 0 0 2 2 4
720 401 0 0 2 2 4
720 401 0 0 2 2 4
721 384 0 0 2 2 4
721 384 0 0 2 2 4
722 409 0 0 2 2 4
722 409 0 0 2 2 4
723 413 0 0 2 2 4
723 413 0 0 2 2 4
724 401 0 0 2 2 4
724 401 0 0 2 2 4
725 421 0 0 2 2 4
725 421 0 0 2 2 4
726 424 0 0 2 2 4
726 424 0 0 2 2 4
727 432 0 0 2 2 4
727 432 0 0 2 2 4
728 456 0 0 2 3 5
728 456 0 0 2 3 5
729 443 0 0 2 2 4
729 443 0 0 2 2 4
730 393 0 0 2 2 4
730 393 0 0 2 2 4
731 411 0 0 2 2 4
731 411 0 0 2 2 4
732 401 0 0 2 2 4
732 401 0 0 2 2 4
733 398 0 0 2 2 4
733 398 0 0 2 2 4
734 407 0 0 2 2 4
734 407 0 0 2 2 4
735 398 0 0 2 3 5
735 398 0 0 2 3 5
736 415 0 0 2 3 5
736 415 0 0 2 3 5
737 404 0 0 2 3 5
737 404 0 0 2 3 5
738 413 0 0 2 3 5
738 413 0 0 2 3 5
739 383 0 0 2 3 5
739 383 0 0 2 3 5
740 385 0 0 2 3 5
740 385 0 0 2 3 5
741 370 0 0 2 3 5
741 370 0 0 2 3 5
742 375 0 0 2 3 5
742 375 0 0 2 3 5
743 416 0 0 2 3 5
743 416 0 0 2 3 5
744 409 0 0 2 3 5
744 409 0 0 2 3 5
745 436 0 0 2 3 5
745 436 0 0 2 3 5
746 436 0 0 2 3 5
746 436 0 0 2 3 5
747 450 0 0 2 3 5
747 450 0 0 2 3 5
748 466 0 0 2 2 4
748 466 0 0 2 2 4
749 470 0 0 2 2 4
749 470 0 0 2 2 4
750 476 0 0 2 2 4
750 476 0 0 2 2 4
751 492 0 0 2 2 4
751 492 0 0 2 2 4
752 518 0 0 2 2 4
752 518 0 0 2 2 4
753 501 0 0 2 2 4
753 501 0 0 2 2 4
754 520 0 0 2 2 4
754 520 0 0 2 2 4
755 542 0 0 2 2 4
755 542 0 0 2 2 4
756 545 0 0 2 2 4
756 545 0 0 2 2 4
757 544 0 0 2 2 5
757 544 0 0 2 2 5
758 541 0 0 2 2 4
758 541 0 0 2 2 4
759 503 0 0 2 2 5
759 503 0 0 2 2 5
760 492 0 0 2 2 4
760 492 0 0 2 2 4
761 439 0 0 2 2 4
761 439 0 0 2 2 4
762 417 0 0 2 2 4
762 417 0 0 2 2 4
763 429 0 0 2 2 4
763 429 0 0 2 2 4
764 437 0 0 2 2 4
764 437 0 0 2 2 4
765 395 0 0 2 2 4
765 395 0 0 2 2 4
766 386 0 0 2 2 4
766 386 0 0 2 2 4
767 364 0 0 2 3 5
767 364 0 0 2 3 5
768 361 0 0 2 3 5
768 361 0 0 2 3 5
769 384 0 0 2 3 5
769 384 0 0 2 3 5
770 474 0 0 2 2 4
770 474 0 0 2 2 4
771 428 0 0 2 3 5
771 428 0 0 2 3 5
772 431 0 0 2 3 6
772 431 0 0 2 3 6
773 461 0 0 2 3 5
773 461 0 0 2 3 5
774 491 0 0 2 3 5
774 491 0 0 2 3 5
775 490 0 0 2 3 5
775 490 0 0 2 3 5
776 447 0 0 2 3 5
776 447 0 0 2 3 5
777 432 0 0 2 3 5
777 432 0 0 2 3 5
778 427 0 0 2 3 5
778 427 0 0 2 3 5
779 388 0 0 2 3 5
779 388 0 0 2 3 5
780 372 0 0 2 3 5
780 372 0 0 2 3 5
781 366 0 0 2 3 5
781 366 0 0 2 3 5
782 372 0 0 2 3 5
782 372 0 0 2 3 5
783 353 0 0 2 3 5
783 353 0 0 2 3 5
784 338 0 0 2 3 5
784 338 0 0 2 3 5
785 318 0 0 2 3 5
785 318 0 0 2 3 5
786 320 0 0 2 3 5
786 320 0 0 2 3 5
787 309 0 0 2 3 5
787 309 0 0 2 3 5
788 334 0 0 2 3 5
788 334 0 0 2 3 5
789 307 0 0 2 4 6
789 307 0 0 2 4 6
790 411 0 0 2 3 5
790 411 0 0 2 3 5
791 242 0 0 2 4 6
791 242 0 0 2 4 6
792 309 0 0 2 4 6
792 309 0 0 2 4 6
793 331 0 0 2 4 6
793 331 0 0 2 4 6
794 452 0 0 2 3 5
794 452 0 0 2 3 5
795 406 0 0 2 3 5
795 406 0 0 2 3 5
796 415 0 0 2 3 5
796 415 0 0 2 3 5
797 413 0 0 2 3 5
797 413 0 0 2 3 5
798 442 0 0 2 3 5
798 442 0 0 2 3 5
799 446 0 0 2 3 5
799 446 0 0 2 3 5
800 426 0 0 2 3 5
800 426 0 0 2 3 5
801 424 0 0 2 3 5
801 424 0 0 2 3 5
802 436 0 0 2 4 6
802 436 0 0 2 4 6
803 434 0 0 2 4 6
803 434 0 0 2 4 6
804 428 0 0 2 4 6
804 428 0 0 2 4 6
805 432 0 0 2 4 6
805 432 0 0 2 4 6
806 413 0 0 2 4 6
806 413 0 0 2 4 6
807 416 0 0 2 4 6
807 416 0 0 2 4 6
808 416 0 0 2 4 6
808 416 0 0 2 4 6
809 382 0 0 2 5 7
809 382 0 0 2 5 7
810 374 0 0 2 4 6
810 374 0 0 2 4 6
811 378 0 0 2 4 6
811 378 0 0 2 4 6
812 376 0 0 2 4 6
812 376 0 0 2 4 6
813 392 0 0 2 4 6
813 392 0 0 2 4 6
814 419 0 0 2 4 6
814 419 0 0 2 4 6
815 460 0 0 2 4 6
815 460 0 0 2 4 6
816 458 0 0 2 3 5
816 458 0 0 2 3 5
817 479 0 0 2 3 5
817 479 0 0 2 3 5
818 528 0 0 2 3 5
818 528 0 0 2 3 5
819 528 0 0 2 3 5
819 528 0 0 2 3 5
820 502 0 0 2 3 5
820 502 0 0 2 3 5
821 534 0 0 2 4 6
821 534 0 0 2 4 6
822 528 0 0 2 4 6
822 528 0 0 2 4 6
823 534 0 0 2 3 5
823 534 0 0 2 3 5
824 530 0 0 2 3 5
824 530 0 0 2 3 5
825 503 0 0 2 4 6
825 503 0 0 2 4 6
826 501 0 0 2 3 5
826 501 0 0 2 3 5
