1341846313.592026 0.000000000 0.000000000 0.000000000 0.000000000 0.000000000 0.000000000 1.000000000
1341846313.654184 0.000960410 -0.000662326 -0.000848788 -0.000770938 -0.002666574 0.004544002 0.999985814
1341846313.686156 0.010168927 -0.001375002 0.000574076 0.000183943 -0.005183063 0.004175269 0.999977827
1341846313.721918 0.012995942 0.000847418 -0.002025655 0.000337628 -0.005660170 0.004699023 0.999972880
1341846313.753994 0.024782963 0.001394536 -0.001654449 -0.000002184 -0.007123357 0.006501692 0.999953508
1341846313.789969 0.029785851 0.000129998 0.002135136 0.000830056 -0.007651142 0.004630194 0.999959648
1341846313.822075 0.045232084 0.007196951 0.000016273 0.001717562 -0.007976935 0.003688243 0.999959886
1341846313.853928 0.048422225 0.005939784 0.006295903 0.001021052 -0.005514955 0.002491482 0.999981165
1341846313.890011 0.052868161 0.009374551 0.004147896 0.001244945 -0.003464000 0.002977577 0.999988794
1341846313.922055 0.063337497 0.013924800 0.003687231 -0.000301150 -0.004055685 0.004423573 0.999981940
1341846313.957927 0.091611423 0.009006612 -0.011047742 -0.003106621 -0.002604887 0.004854138 0.999979973
1341846313.990058 0.073875375 0.013776558 0.001798785 -0.003615179 0.006969938 0.005872816 0.999951959
1341846314.022042 0.075235158 0.022329574 -0.002917209 -0.005192005 0.008939456 0.008216661 0.999912798
1341846314.057816 0.102091730 0.016632926 0.004732545 -0.009345417 0.008582561 0.011248671 0.999856234
1341846314.089801 0.099947222 0.015947470 0.004180463 -0.008365630 0.015126746 0.010618639 0.999794185
1341846314.122037 0.099321097 0.025769737 0.006338618 -0.008629883 0.019314406 0.013520501 0.999684811
1341846314.157989 0.109114468 0.016104423 0.002485763 -0.011933591 0.022289298 0.013736251 0.999585986
1341846314.190094 0.119050413 0.020310950 0.003779438 -0.011297605 0.025387479 0.015317502 0.999496460
1341846314.225969 0.132906631 0.026828287 0.011506082 -0.013306349 0.025892377 0.018907441 0.999397337
1341846314.257923 0.133097455 0.017801249 0.016399410 -0.016198099 0.028688626 0.017951692 0.999295890
1341846314.290052 0.132554621 0.019030085 0.013045631 -0.014579820 0.030744256 0.016095044 0.999291301
1341846314.325981 0.135335937 0.024656940 0.013616190 -0.014934194 0.032421071 0.014135175 0.999262750
1341846314.357905 0.155137271 0.020823652 0.018426724 -0.016289182 0.033232801 0.014610572 0.999208033
1341846314.389899 0.150924087 0.020655973 0.018952571 -0.014731477 0.037206192 0.013149719 0.999112487
1341846314.427905 0.158626541 0.027065659 0.013068977 -0.014060332 0.038875036 0.011519353 0.999078751
1341846314.493987 0.180041328 0.016590616 0.011443311 -0.014092740 0.046636172 0.005421012 0.998797834
1341846314.526085 0.177543342 0.020309484 0.000505745 -0.013481456 0.049767196 0.003171672 0.998664856
1341846314.558292 0.190094382 0.022867134 0.009574608 -0.014323115 0.051722009 0.003725963 0.998551846
1341846314.594085 0.199792594 0.014261283 0.006905190 -0.013935174 0.055829771 0.004035852 0.998334885
1341846314.626096 0.198104858 0.019829871 0.000916481 -0.013157597 0.060351789 0.005675114 0.998074293
1341846314.658455 0.200683653 0.023692153 0.002216409 -0.014625516 0.062690191 0.003889607 0.997918248
1341846314.694004 0.225747868 0.016453648 0.013881059 -0.014903010 0.063972041 0.003592141 0.997833908
1341846314.725910 0.221069410 0.004692700 0.012435840 -0.012392959 0.068304971 0.006680646 0.997565150
1341846314.761942 0.219951436 0.006460523 0.006497505 -0.008694804 0.069279239 0.010771088 0.997501254
1341846314.794030 0.225032628 0.013029812 0.005436162 -0.004560594 0.071728714 0.010542165 0.997358024
1341846314.826092 0.226401016 0.019664638 -0.002691039 -0.001640197 0.076740660 0.011734321 0.996980667
1341846314.862145 0.245138139 0.024717100 0.000630927 -0.001014722 0.078316212 0.013870535 0.996831536
1341846314.894072 0.253210545 0.021635914 0.007379019 -0.001793122 0.082051672 0.016224813 0.996494412
1341846314.925969 0.267076522 0.015328088 -0.008769001 -0.002976535 0.083041780 0.020490821 0.996330917
1341846314.961937 0.263540030 0.024498530 -0.012660149 -0.005005930 0.084430978 0.024916790 0.996105134
1341846314.994564 0.274637252 0.020727921 -0.011470379 -0.008822219 0.084208451 0.024005100 0.996119916
1341846315.029900 0.282402843 0.019660244 -0.007143324 -0.008947928 0.087855518 0.020277185 0.995886624
1341846315.061965 0.283775568 0.016044905 0.000519959 -0.010336794 0.090272047 0.024955180 0.995550752
1341846315.094388 0.289877534 0.013334970 0.000465074 -0.010343971 0.089038678 0.025554281 0.995646596
1341846315.129851 0.294889480 0.017186318 0.001796539 -0.007876198 0.089438789 0.023267360 0.995689332
1341846315.161941 0.306829751 0.043336760 -0.013004324 -0.007904208 0.087983124 0.028085312 0.995694578
1341846315.197984 0.302283376 0.036443122 -0.010561002 -0.015147524 0.086886965 0.022488022 0.995849133
1341846315.230076 0.311813176 0.035373591 -0.008644978 -0.018688483 0.085359901 0.019829679 0.995977461
1341846315.262069 0.318401396 0.034322895 0.002671527 -0.022150574 0.082352594 0.024092127 0.996065736
1341846315.298000 0.323857427 0.028176891 0.007321205 -0.024543094 0.078461163 0.025384612 0.996291637
1341846315.329931 0.336244106 0.006422332 0.007289655 -0.023273773 0.075638548 0.027511247 0.996483922
1341846315.361981 0.340019733 0.011849507 0.000300573 -0.017533122 0.075045496 0.030213283 0.996568024
1341846315.397962 0.348278910 0.014232413 -0.002999206 -0.014300751 0.074544653 0.033979520 0.996535957
1341846315.429923 0.350777894 0.015445423 -0.002346093 -0.011392074 0.076776788 0.034815129 0.996375144
1341846315.466047 0.364364028 0.025825251 -0.005925781 -0.009306325 0.079232708 0.038003724 0.996087968
1341846315.497883 0.355996698 0.032064926 0.004822917 -0.009623113 0.083856896 0.040222380 0.995619178
1341846315.530008 0.363095671 0.030868042 0.008128997 -0.009799917 0.084579982 0.041246228 0.995514393
1341846315.566108 0.368842632 0.032047741 0.008628435 -0.010621399 0.085473053 0.042623851 0.995371640
1341846315.597986 0.370366156 0.032437045 0.011347041 -0.010604632 0.086819440 0.042047214 0.995279789
1341846315.630109 0.373273969 0.032859217 0.012009225 -0.010554641 0.087734841 0.041077651 0.995240569
1341846315.666042 0.376348317 0.034680307 0.000860127 -0.011357246 0.088968597 0.040802963 0.995133519
1341846315.698114 0.387598813 0.040148981 -0.019176371 -0.015978239 0.090906866 0.041117217 0.994881868
1341846315.733985 0.373818070 0.024258398 -0.004468089 -0.020536166 0.095521852 0.040430292 0.994393885
1341846315.766041 0.374321908 0.025068732 -0.007861101 -0.020151876 0.092618220 0.041811854 0.994619310
1341846315.798188 0.370050132 0.024022847 -0.006033270 -0.021172656 0.092818759 0.040480912 0.994634449
1341846315.834140 0.370440006 0.017579205 -0.004202011 -0.020784330 0.095010065 0.039095338 0.994491160
1341846315.866751 0.365723908 0.018000895 -0.004119820 -0.018185789 0.096922643 0.038052309 0.994397938
1341846315.898492 0.360536665 0.016772244 -0.000727110 -0.017043810 0.097845860 0.037621286 0.994344175
1341846315.936901 0.359681517 0.012007639 -0.004871039 -0.014892245 0.099147096 0.037062954 0.994270802
1341846315.966572 0.353087306 0.014077628 -0.002733535 -0.011063047 0.101060621 0.036353454 0.994154274
1341846316.034204 0.342542768 0.009181715 -0.004355995 -0.008025518 0.101093762 0.034759969 0.994237065
1341846316.066113 0.328923792 0.005514162 -0.006322272 -0.005971174 0.102269292 0.034297019 0.994147420
1341846316.101867 0.318004370 0.008956597 -0.010720477 -0.004224794 0.101615399 0.035798609 0.994170487
1341846316.134066 0.313296199 0.009262776 -0.012033983 -0.005117863 0.098082729 0.033606663 0.994597495
1341846316.202049 0.294711292 0.004708354 0.004234152 -0.004622142 0.094815895 0.027373439 0.995107651
1341846316.233979 0.290548295 0.006246732 -0.001878701 -0.004137819 0.093662582 0.025745116 0.995262444
1341846316.270052 0.281624675 0.005239806 -0.002723201 -0.005556973 0.095274858 0.022026896 0.995191753
1341846316.301915 0.277802616 -0.001143939 0.004825061 -0.005763192 0.096160226 0.021065792 0.995126247
1341846316.334208 0.276609898 -0.003099675 0.007412784 -0.004441733 0.094517015 0.023428364 0.995237589
1341846316.370006 0.271115720 -0.004830899 0.006739796 -0.002504644 0.093373246 0.024557212 0.995325148
1341846316.401994 0.268146753 -0.002983839 0.006682029 -0.000682744 0.092299581 0.027670423 0.995346487
1341846316.438069 0.266750842 -0.007044483 0.011584299 0.001262736 0.091370068 0.030720701 0.995342255
1341846316.470076 0.261628628 -0.015333971 0.017850259 0.004542596 0.090693012 0.033275541 0.995312452
1341846316.502034 0.254895717 -0.007506547 0.005815469 0.006810455 0.088055260 0.037301324 0.995393634
1341846316.537975 0.226914555 0.009235319 -0.000022506 0.006858623 0.087896638 0.031317532 0.995613575
1341846316.570121 0.215640977 -0.003040496 0.007524671 0.005666797 0.088506676 0.026574979 0.995704889
1341846316.601885 0.212327719 -0.009068967 0.000988298 0.007064146 0.087474018 0.026026370 0.995801687
1341846316.638009 0.206131205 -0.008208021 0.000676166 0.009670427 0.085993223 0.028032782 0.995854318
1341846316.669925 0.207477018 -0.011233282 0.006876095 0.011881355 0.084470302 0.028418137 0.995949805
1341846316.705941 0.202116489 -0.015697788 0.001923535 0.015712431 0.084167577 0.028657524 0.995915473
1341846316.738062 0.179979965 -0.009813176 -0.019732395 0.018421046 0.085414387 0.029369835 0.995742142
1341846316.770433 0.180483222 -0.002466223 -0.018169010 0.018523548 0.083523966 0.029579721 0.995894432
1341846316.805932 0.161835447 -0.011869264 -0.015899714 0.018349819 0.085397750 0.028215602 0.995778263
1341846316.838029 0.152238205 -0.011863989 -0.008514724 0.019327357 0.084169619 0.030110473 0.995808899
1341846316.870034 0.141134277 -0.015394974 -0.008588068 0.019341601 0.081292510 0.031789504 0.995995402
1341846316.906344 0.130072773 -0.011813572 -0.006135638 0.021035673 0.078754552 0.029420661 0.996237755
1341846316.937940 0.128194600 -0.009284450 -0.012095321 0.021213351 0.076966606 0.026747314 0.996449053
1341846316.973994 0.119686119 -0.005593202 -0.009912089 0.021009529 0.075349182 0.027237557 0.996563733
1341846317.005913 0.114456229 -0.012475246 -0.008666316 0.019027255 0.072254010 0.028547319 0.996796072
1341846317.037936 0.104754269 -0.013142779 -0.004299287 0.019672051 0.070254050 0.027429821 0.996957839
1341846317.073972 0.102677241 -0.019773297 -0.008321297 0.020014515 0.067921743 0.028509345 0.997082412
1341846317.106113 0.095361136 -0.018517092 -0.005829753 0.022769207 0.066612802 0.032545887 0.996987998
1341846317.137887 0.087284870 -0.014167881 -0.004026864 0.026611554 0.060448643 0.036667559 0.997142553
1341846317.173970 0.084717937 -0.017323108 -0.001405612 0.026870292 0.052964348 0.038529791 0.997490942
1341846317.205887 0.075942084 -0.017590528 0.001573821 0.027009390 0.050495934 0.038760815 0.997606218
1341846317.248131 0.066361435 -0.017766094 0.011191146 0.028309226 0.048204094 0.040992476 0.997594357
1341846317.306289 0.053904887 -0.015148469 0.008503133 0.030264936 0.042051509 0.044914063 0.997646451
1341846317.348137 0.038511015 -0.018794175 0.004242581 0.031201107 0.044752296 0.046211571 0.997440815
1341846317.410120 0.017786991 -0.016300481 0.002376726 0.033012308 0.044982724 0.051640894 0.997105777
1341846317.442569 0.032027211 -0.023747364 0.004775237 0.035306275 0.042783063 0.054654721 0.996963382
1341846317.474010 0.028078169 -0.022222916 0.004512477 0.041287683 0.042556804 0.058227606 0.996540904
1341846317.509927 0.014899665 -0.014736735 0.005804398 0.044711914 0.041183699 0.061713792 0.996240973
1341846317.542282 0.014696378 -0.012135005 0.006175676 0.044033978 0.037455373 0.063550718 0.996302843
1341846317.573943 0.005772409 -0.019854970 0.005961231 0.043057311 0.039382380 0.060533870 0.996459067
1341846317.610159 -0.005862138 -0.021786772 0.004921384 0.045742039 0.041869655 0.060592983 0.996234477
1341846317.643553 -0.016515069 -0.016907115 0.008779950 0.048407190 0.041476622 0.064350434 0.995889246
1341846317.677993 -0.025572490 -0.018774170 0.016708616 0.049125940 0.038376547 0.065828830 0.995881736
1341846317.709996 -0.027275825 -0.019569069 0.017864512 0.051692724 0.035150535 0.066255458 0.995842636
1341846317.741834 -0.053357746 -0.013930271 0.002114380 0.051812753 0.036329817 0.063813843 0.995953500
1341846317.777923 -0.054468632 -0.015013333 0.006852986 0.049958974 0.034322027 0.063869305 0.996115863
1341846317.810021 -0.062156197 -0.015774809 0.014168551 0.049663641 0.032775242 0.062188428 0.996289074
1341846317.841886 -0.069640197 -0.012124202 0.015707608 0.049181718 0.031751715 0.060346302 0.996459365
1341846317.878017 -0.072993934 -0.010013925 0.019924965 0.047016680 0.031111039 0.056727283 0.996796668
1341846317.909910 -0.084078372 -0.016956545 0.013033713 0.045524348 0.033087343 0.052270256 0.997045934
1341846317.946031 -0.099171259 -0.018229499 0.014238328 0.047006518 0.034823976 0.053636461 0.996845424
1341846317.978041 -0.105362594 -0.021686954 0.022865359 0.048742998 0.033191592 0.053607799 0.996819258
1341846318.009897 -0.101982400 -0.018160969 0.020936230 0.051449746 0.032524474 0.052633148 0.996757209
1341846318.045949 -0.119016036 -0.011558277 0.019392606 0.052316736 0.034497291 0.051610272 0.996699214
1341846318.078074 -0.138031632 -0.016134586 0.016147094 0.050975140 0.034122817 0.049044434 0.996911168
1341846318.109894 -0.146621779 -0.016728319 0.020003738 0.050535172 0.030488878 0.047181953 0.997141123
1341846318.145957 -0.144719273 -0.018626055 0.024576968 0.049589049 0.027405625 0.044418100 0.997405112
1341846318.178001 -0.147005871 -0.019637035 0.027356081 0.048861798 0.027067645 0.042263605 0.997543812
1341846318.214074 -0.170524761 -0.026368212 0.010743476 0.049049597 0.026550340 0.039928194 0.997644722
1341846318.245970 -0.172191441 -0.028466389 0.019953826 0.052106988 0.020458652 0.041741304 0.997559011
1341846318.278018 -0.176311389 -0.026374277 0.027478183 0.056195144 0.015105143 0.042450927 0.997402549
1341846318.313937 -0.172062591 -0.027019015 0.028307846 0.057549361 0.006547447 0.042781044 0.997404158
1341846318.345989 -0.177812636 -0.026670616 0.036457606 0.059659954 -0.002313980 0.041973338 0.997333229
1341846318.382046 -0.189809099 -0.031043509 0.049599577 0.061223030 -0.008270665 0.041627254 0.997221410
1341846318.414072 -0.230279684 -0.032888040 0.001969426 0.062305063 -0.011246704 0.038924359 0.997234404
1341846318.446035 -0.236920238 -0.033632290 0.005839772 0.064680986 -0.017255718 0.039027024 0.996993244
1341846318.482196 -0.243766516 -0.031803317 0.001563000 0.065854363 -0.019155819 0.038076676 0.996918440
1341846318.514144 -0.253312081 -0.030487183 0.001013370 0.066170931 -0.020229075 0.039135624 0.996835291
1341846318.546259 -0.258549303 -0.037595142 -0.002223961 0.067154564 -0.021772163 0.039042179 0.996740639
1341846318.582042 -0.266458541 -0.033593159 -0.006655877 0.068805978 -0.021401275 0.039537355 0.996616542
1341846318.614115 -0.274809867 -0.029057659 0.012903092 0.069137782 -0.021577913 0.039417922 0.996594489
1341846318.650038 -0.281128079 -0.033702757 0.012524184 0.068202332 -0.022504473 0.037055824 0.996729136
1341846318.682350 -0.290846527 -0.037112266 0.009884349 0.067371771 -0.022742802 0.035454176 0.996838391
1341846318.714063 -0.304068267 -0.037455227 0.008769864 0.066939227 -0.023180090 0.034859005 0.996878505
1341846318.749905 -0.315282941 -0.040039483 0.001267614 0.067926198 -0.022720078 0.035835739 0.996787667
1341846318.782036 -0.322016776 -0.035729215 0.005586855 0.069730014 -0.023875045 0.037447028 0.996576846
1341846318.814121 -0.324245095 -0.035597961 0.008570123 0.069708727 -0.030363292 0.036413133 0.996440053
1341846318.850072 -0.336142719 -0.038572989 0.002341286 0.070149608 -0.035569180 0.034324128 0.996311069
1341846318.883516 -0.348865002 -0.048288722 -0.011754945 0.072304428 -0.042637296 0.033156175 0.995919049
1341846318.918047 -0.345101535 -0.046689935 -0.023341047 0.074785031 -0.056206953 0.032127175 0.995095909
1341846318.950044 -0.365035504 -0.049543448 -0.008912735 0.076972254 -0.063904695 0.029633302 0.994541764
1341846318.982028 -0.378929675 -0.042182151 -0.002216194 0.079205967 -0.067128062 0.025814584 0.994260430
1341846319.018123 -0.385103464 -0.044240840 -0.000848165 0.078676082 -0.073567286 0.026600650 0.993826091
1341846319.050745 -0.387075692 -0.048959501 0.012504896 0.079974152 -0.079795748 0.025197145 0.993278325
1341846319.081905 -0.388741761 -0.041438866 0.012857219 0.086257152 -0.079987243 0.022274656 0.992806911
1341846319.117976 -0.410097897 -0.038442545 0.007461643 0.088578820 -0.078320324 0.027717635 0.992598355
1341846319.150093 -0.427421272 -0.041883096 0.008325966 0.090185747 -0.081531435 0.033086643 0.992030442
1341846319.186069 -0.414188653 -0.028462633 0.002825651 0.092700817 -0.084190965 0.034129236 0.991541028
1341846319.218149 -0.421701401 -0.011331722 -0.010516466 0.090278469 -0.079000980 0.032613385 0.992242455
1341846319.250034 -0.439002126 -0.015029319 -0.007904365 0.084149949 -0.072143741 0.031600617 0.993335545
1341846319.286594 -0.447350591 -0.020268494 0.006344315 0.082006462 -0.069028243 0.035114404 0.993618131
1341846319.318034 -0.452012211 -0.020728964 0.010351797 0.082747199 -0.068643004 0.038561862 0.993455648
1341846319.350268 -0.464050502 -0.022174904 0.011328841 0.083526552 -0.067827858 0.044864070 0.993181705
1341846319.386163 -0.476015747 -0.031565540 0.016791591 0.084265798 -0.072834872 0.054618713 0.992275774
1341846319.418386 -0.479165882 -0.027738238 0.009455577 0.085911155 -0.077901527 0.053404868 0.991815805
1341846319.453961 -0.478634804 -0.025721461 0.012573868 0.086306415 -0.080251709 0.050756220 0.991733193
1341846319.486271 -0.494530201 -0.026007617 -0.000269778 0.085181944 -0.079952650 0.050607473 0.991862118
1341846319.554083 -0.509088099 -0.027515074 0.015868096 0.080149643 -0.086346827 0.048217278 0.991864622
1341846319.586296 -0.524659753 -0.030684849 0.009838728 0.080243036 -0.085111052 0.043858878 0.992166102
1341846319.622031 -0.541079879 -0.031810429 -0.007083050 0.078354664 -0.087926045 0.042266719 0.992140651
1341846319.653962 -0.545914650 -0.034359343 0.013317550 0.078045815 -0.093440816 0.040574763 0.991731465
1341846319.686352 -0.549943626 -0.034818497 0.011447132 0.079742208 -0.097617514 0.043001663 0.991091788
1341846319.721992 -0.557670832 -0.030874385 0.005466346 0.080557592 -0.101593591 0.043718521 0.990594745
1341846319.754063 -0.561158001 -0.020225007 0.001643680 0.077865548 -0.103894539 0.044380426 0.990541875
1341846319.786397 -0.565940917 -0.024317218 0.006642383 0.073213622 -0.103915714 0.048048757 0.990723312
1341846319.822008 -0.576524198 -0.020724561 0.017500140 0.070225894 -0.104333185 0.051991723 0.990696609
1341846319.853917 -0.580544770 -0.022085074 -0.010570814 0.065060094 -0.105507627 0.055762976 0.990719855
1341846319.889942 -0.583237052 -0.032627400 -0.008444184 0.061320115 -0.106191650 0.060845610 0.990586162
1341846319.922039 -0.591505587 -0.039387286 -0.016671533 0.060628671 -0.110296160 0.062252305 0.990092695
1341846319.953946 -0.591217041 -0.039175127 0.001796767 0.061645452 -0.116726726 0.057855528 0.989559174
1341846319.990054 -0.591546535 -0.037603870 0.000039051 0.064537033 -0.119718157 0.050643440 0.989412844
1341846320.028122 -0.593832612 -0.040309705 -0.002372999 0.066302665 -0.123369217 0.050417077 0.988858998
1341846320.090047 -0.578369379 -0.027902097 0.003680528 0.072381623 -0.131562337 0.049807850 0.987406433
1341846320.122011 -0.569526374 -0.026469626 0.007400898 0.073056087 -0.129460350 0.050922789 0.987577677
1341846320.157952 -0.562635422 -0.029266307 0.007777520 0.073049217 -0.126996830 0.051444266 0.987870991
1341846320.190003 -0.542421758 -0.031992618 0.026774488 0.076106429 -0.124643959 0.050757334 0.987975419
1341846320.221941 -0.540449500 -0.035345767 0.035157189 0.079742387 -0.120791748 0.051885519 0.988108516
1341846320.258015 -0.531254590 -0.040354632 0.031226737 0.083553545 -0.120036609 0.054842658 0.987725854
1341846320.289887 -0.519702017 -0.053147152 0.012980730 0.087942764 -0.121030077 0.055630218 0.987179339
1341846320.321954 -0.509527624 -0.043957755 0.012981432 0.098088689 -0.122180119 0.054373343 0.986151218
1341846320.357890 -0.493516415 -0.035087887 0.014889546 0.103480250 -0.122188501 0.055122115 0.985557377
1341846320.390064 -0.467932463 -0.035405722 0.014998559 0.104563408 -0.119596019 0.056429621 0.985687077
1341846320.426544 -0.448804617 -0.035821106 0.029044379 0.107385375 -0.112631135 0.052524317 0.986419678
1341846320.458122 -0.438996375 -0.039852433 0.019805307 0.107871667 -0.105409361 0.049723841 0.987309515
1341846320.490186 -0.417645961 -0.045895435 0.016569734 0.110924974 -0.098841704 0.049705889 0.987651408
1341846320.525911 -0.379184753 -0.041062295 -0.021014793 0.114004351 -0.091938689 0.049001828 0.988002598
1341846320.558091 -0.413338423 -0.030441076 0.021389008 0.117195398 -0.086081535 0.043162420 0.988429189
1341846320.594093 -0.390607387 -0.043179762 0.027129823 0.117044523 -0.081955120 0.040330522 0.988917291
1341846320.631955 -0.373301268 -0.035156962 0.051233053 0.120696224 -0.075348340 0.038718734 0.989068210
1341846320.664916 -0.375292480 -0.033490427 0.042312399 0.120564930 -0.071921177 0.037022926 0.989404261
1341846320.699927 -0.353363544 -0.037684742 0.040656656 0.120267630 -0.069130167 0.035907812 0.989680409
1341846320.731822 -0.344763964 -0.036130872 0.002577505 0.122117534 -0.061153319 0.034485783 0.990029454
1341846320.763877 -0.331165880 -0.020737823 -0.003807837 0.120067053 -0.060888901 0.034899212 0.990282059
1341846320.799999 -0.318773568 -0.031223133 0.013330999 0.113160916 -0.062924303 0.030723484 0.991106093
1341846320.831871 -0.278733730 -0.037294574 0.002266148 0.114533052 -0.052404098 0.026705300 0.991676807
1341846320.863887 -0.322794348 -0.024261693 0.000011388 0.113069423 -0.041121155 0.027590130 0.992352307
1341846320.900014 -0.304791480 -0.035250124 0.017070059 0.105816163 -0.047512669 0.031925991 0.992736757
1341846320.931889 -0.278839916 -0.033764817 0.018236037 0.108337343 -0.047726557 0.029258128 0.992536724
1341846320.967866 -0.278548092 -0.016915072 0.014722059 0.107814312 -0.042151995 0.028271141 0.992874622
1341846321.000017 -0.276508361 -0.023980666 0.017988866 0.101259328 -0.041931864 0.025196753 0.993656576
1341846321.031860 -0.253681451 -0.034645170 0.014528713 0.098786369 -0.042015903 0.023795232 0.993936479
1341846321.068047 -0.249743864 -0.025519984 0.012074060 0.099766985 -0.038289923 0.020967988 0.994052708
1341846321.099840 -0.247199580 -0.026708614 0.008188136 0.097279996 -0.036690254 0.021764290 0.994342387
1341846321.131821 -0.228918940 -0.039102733 0.007283642 0.097116016 -0.035396926 0.023108058 0.994374931
1341846321.167887 -0.221845433 -0.034208458 0.006801721 0.099926949 -0.031618301 0.024025079 0.994202018
1341846321.200042 -0.216829106 -0.030446662 0.010260390 0.100314930 -0.029098572 0.023473818 0.994253099
1341846321.231950 -0.212758288 -0.037090827 0.006816505 0.099349193 -0.027608722 0.021758560 0.994431555
1341846321.267939 -0.193548962 -0.029716233 0.005020760 0.100373164 -0.026016681 0.017402669 0.994457424
1341846321.299948 -0.184690222 -0.033940379 0.007590211 0.098799385 -0.021742098 0.011281589 0.994805872
1341846321.331858 -0.182233036 -0.038184896 0.007838820 0.098768726 -0.018848741 0.007787913 0.994901419
1341846321.367913 -0.159222946 -0.046659175 0.001497237 0.099661015 -0.017349219 0.004512654 0.994859934
1341846321.399897 -0.159869060 -0.041762531 0.001303072 0.101651028 -0.011148305 0.002514964 0.994754493
1341846321.435994 -0.154370576 -0.043172326 0.011473664 0.103473462 -0.008040097 0.001889364 0.994597912
1341846321.467946 -0.144436106 -0.041902203 0.009228555 0.105301782 -0.005575606 0.003206998 0.994419515
1341846321.499882 -0.126788825 -0.040637065 0.009450614 0.106754847 -0.003412313 0.003019193 0.994274974
1341846321.536109 -0.102264404 -0.034056939 -0.005073481 0.106603481 0.000826738 0.001188865 0.994300604
1341846321.568960 -0.113582537 -0.023829173 0.023987081 0.104140170 0.008716401 -0.002961158 0.994520068
1341846321.603938 -0.106113091 -0.029966321 0.023785008 0.100569829 0.010704730 -0.003660936 0.994865656
1341846321.637163 -0.063313566 -0.020608054 0.000027155 0.098508231 0.013154964 -0.002561284 0.995045960
1341846321.668306 -0.082786463 -0.022921620 0.025060369 0.093613893 0.024394738 -0.000524562 0.995309532
1341846321.704411 -0.096855193 -0.024218231 0.035249323 0.090579540 0.026523054 0.007410432 0.995508373
1341846321.736861 -0.083561137 -0.020972097 0.039714575 0.089895211 0.023381576 0.015352556 0.995558381
1341846321.771881 -0.071220331 -0.009421619 0.034181047 0.087653138 0.023172414 0.020463007 0.995671272
1341846321.804114 -0.061508734 -0.014197506 0.038611330 0.083133727 0.025054310 0.023614313 0.995943487
1341846321.836152 -0.062105116 -0.007913526 0.038288493 0.080528088 0.027777098 0.023437347 0.996089518
1341846321.871882 -0.057136394 -0.002217812 0.042080630 0.075246476 0.028957181 0.021054292 0.996522009
1341846321.904074 -0.049601801 -0.004858644 0.038895689 0.068670295 0.030121736 0.017958242 0.997022867
1341846321.939847 -0.048913959 -0.007600504 0.044129036 0.064828984 0.033539601 0.014864051 0.997221828
1341846322.004094 -0.052801885 -0.011047086 0.049907438 0.057987470 0.031618617 0.014468420 0.997711599
1341846322.066178 -0.036161542 -0.020391062 0.045838639 0.052770160 0.036018480 0.011354251 0.997892320
1341846322.107979 -0.041711967 -0.035851445 0.047943681 0.049923722 0.038455665 0.009934991 0.997962952
1341846322.166164 -0.037635341 -0.055777088 0.045090601 0.052908260 0.037622027 0.010470032 0.997835517
1341846322.202932 -0.038903359 -0.063251771 0.048769731 0.053900678 0.035827182 0.011044896 0.997842252
1341846322.234093 -0.039003018 -0.065176077 0.046944760 0.053015597 0.034375582 0.009061867 0.997960687
1341846322.265941 -0.039282348 -0.075297847 0.044617277 0.050302982 0.031601872 0.010184177 0.998181939
1341846322.301996 -0.026898837 -0.082276314 0.063074932 0.049208641 0.028761288 0.010782297 0.998316109
1341846322.333949 -0.034861695 -0.101976275 0.042087071 0.047369171 0.026864994 0.009797114 0.998468041
1341846322.369871 -0.024726585 -0.117277071 0.046065327 0.047962464 0.021148710 0.006802268 0.998602033
1341846322.402292 -0.015188281 -0.127319321 0.047118828 0.050210524 0.022458665 0.000382515 0.998486042
1341846322.433955 -0.031328261 -0.149271190 0.046913464 0.054600447 0.025245255 -0.003880627 0.998181522
1341846322.470030 -0.027471820 -0.158172965 0.051711097 0.062865287 0.020077772 0.000371159 0.997819960
1341846322.502433 -0.008645941 -0.174375206 0.054078612 0.068349347 0.016197847 0.004810133 0.997518361
1341846322.534002 -0.005225782 -0.187427714 0.054066349 0.076919608 0.015980173 0.005205183 0.996895611
1341846322.570196 -0.007330883 -0.195696294 0.053099170 0.086505994 0.015953502 0.008031030 0.996091187
1341846322.601920 -0.013175516 -0.208297595 0.047535647 0.091536604 0.013272456 0.011677542 0.995644808
1341846322.638119 0.001087469 -0.216022700 0.055833921 0.097558372 0.009381710 0.010777866 0.995127201
1341846322.669947 0.015372128 -0.226672724 0.058196090 0.101578549 0.011341463 0.011052387 0.994701445
1341846322.702026 -0.001956565 -0.240086913 0.061199646 0.104254447 0.014498253 0.012157377 0.994370639
1341846322.738006 0.003174013 -0.234640554 0.058844205 0.106443569 0.011430922 0.013090723 0.994166851
1341846322.770087 0.011702535 -0.253668904 0.059931170 0.106247753 0.012097958 0.012934584 0.994181931
1341846322.806047 0.001413614 -0.271925330 0.058694948 0.109130368 0.012218836 0.014738565 0.993843079
1341846322.838063 0.002207278 -0.277287334 0.062933221 0.111044429 0.007604250 0.017021285 0.993640542
1341846322.870081 0.006322471 -0.290415913 0.066490903 0.113047279 0.002499937 0.018252589 0.993418813
1341846322.906018 0.014295987 -0.293031991 0.065715313 0.118581280 0.000850477 0.017769219 0.992784977
1341846322.938349 0.012984157 -0.276258409 0.084785953 0.119853266 0.001701383 0.018731836 0.992613435
1341846322.970069 0.011887847 -0.281661004 0.089886710 0.115156993 0.001517770 0.019766631 0.993149459
1341846323.011820 0.017470760 -0.297829479 0.089040592 0.111945570 0.001655924 0.020846158 0.993494272
1341846323.073951 0.018265255 -0.298524529 0.091239616 0.109232023 0.001324653 0.025625033 0.993685067
1341846323.105962 0.017564166 -0.317068368 0.094074078 0.106058940 0.001624958 0.024534749 0.994055748
1341846323.138158 0.017228084 -0.316717446 0.094466679 0.107190639 0.001575878 0.020643951 0.994022906
1341846323.174092 0.014691351 -0.317337722 0.091973647 0.105150595 0.001278973 0.019903220 0.994256318
1341846323.206059 0.022426477 -0.323589772 0.090798438 0.102261558 0.000419418 0.017477082 0.994603932
1341846323.238053 0.025565231 -0.326954782 0.089489490 0.099560715 0.003546069 0.015595342 0.994902968
1341846323.273997 0.011412817 -0.327045768 0.091389790 0.095625058 0.004029493 0.016773812 0.995267928
1341846323.305946 0.018531714 -0.336993635 0.093847997 0.090168737 -0.000288349 0.017836120 0.995766759
1341846323.342027 0.045618199 -0.357658446 0.083245695 0.087300025 -0.000129835 0.017226158 0.996033072
1341846323.374048 0.021757275 -0.363104790 0.085891783 0.087918311 0.004901615 0.018347522 0.995946646
1341846323.405987 0.007505247 -0.377716541 0.069593802 0.087598749 0.001357313 0.023154477 0.995885789
1341846323.441956 0.023610925 -0.386049211 0.085236736 0.089151107 -0.003481594 0.024701843 0.995705664
1341846323.473878 0.023088830 -0.394379914 0.098573931 0.093354054 -0.001809755 0.022374824 0.995379865
1341846323.506129 0.018074164 -0.388056725 0.094940044 0.095852807 -0.001762840 0.020523025 0.995182335
1341846323.541972 0.027829217 -0.389914721 0.095107101 0.094165273 -0.002535099 0.018530067 0.995380878
1341846323.573913 0.046912819 -0.408816099 0.078842066 0.093191974 0.000760645 0.013107684 0.995561540
1341846323.609927 0.034315344 -0.405222565 0.092761040 0.094215952 0.007773744 0.009197607 0.995478928
1341846323.642014 0.022190815 -0.415331215 0.094240792 0.092876367 0.009779782 0.010355884 0.995575726
1341846323.674081 0.022821624 -0.428357035 0.091093600 0.092513718 0.008022686 0.013113905 0.995592713
1341846323.710069 0.025585024 -0.449414998 0.082674921 0.093361460 0.006639432 0.017171524 0.995462060
1341846323.742111 0.024759486 -0.461399257 0.082273699 0.097918086 0.004598042 0.018487560 0.995012105
1341846323.774928 0.026141634 -0.458239794 0.079109982 0.101477362 0.002344990 0.015479177 0.994714618
1341846323.810012 0.028052252 -0.463164330 0.078767195 0.102882914 0.001117205 0.011622241 0.994624972
1341846323.842207 0.028814688 -0.467813492 0.075659394 0.104237489 0.001248955 0.006943875 0.994527400
1341846323.878019 0.023693822 -0.481269389 0.069040276 0.104507215 0.000714866 0.002863635 0.994519770
1341846323.909826 0.026131453 -0.493955225 0.071573280 0.107438616 -0.001153245 -0.001152933 0.994210362
1341846323.942459 0.022603011 -0.491375178 0.069227435 0.111569755 -0.001073879 -0.001661954 0.993754625
1341846323.978055 0.015376487 -0.496270090 0.070838794 0.114003092 -0.003591732 -0.000409649 0.993473828
1341846324.015934 0.026749166 -0.496945232 0.065429628 0.117803298 -0.006261338 0.000410329 0.993017077
1341846324.047722 0.028333079 -0.487705767 0.064609177 0.121680103 -0.004780883 -0.001149251 0.992557228
1341846324.083904 0.027342197 -0.473045170 0.068328157 0.122395314 -0.003278929 -0.001547890 0.992474794
1341846324.115968 0.028871169 -0.474057645 0.069449447 0.119919084 -0.001592679 -0.003581674 0.992775917
1341846324.151967 0.030999953 -0.469916970 0.064983666 0.119404279 0.001303452 -0.008477833 0.992808640
1341846324.183941 0.025598871 -0.449258655 0.072058670 0.117481418 0.005729170 -0.011775822 0.992988706
1341846324.219984 0.020831902 -0.446844518 0.072867833 0.113069981 0.007769641 -0.011278415 0.993492663
1341846324.251968 0.017982556 -0.442989767 0.082752846 0.112765104 0.007803871 -0.012279495 0.993515134
1341846324.284052 0.013511965 -0.431096882 0.082293175 0.113487221 0.007272502 -0.012958917 0.993428290
1341846324.319880 0.010415821 -0.424260736 0.068594113 0.111647494 0.003959505 -0.013124886 0.993653297
1341846324.351917 0.015132526 -0.401936978 0.080540985 0.108958453 0.000198402 -0.014735517 0.993937075
1341846324.388001 0.026576245 -0.398736566 0.065300345 0.104151800 0.000044843 -0.018225491 0.994394422
1341846324.419908 0.021464203 -0.385456473 0.070344478 0.099595487 0.002512917 -0.020073136 0.994822323
1341846324.452027 0.016879180 -0.386365771 0.079070516 0.094766773 0.002697360 -0.019905465 0.995296776
1341846324.487928 0.014382691 -0.376032531 0.090234399 0.093610823 0.002138245 -0.018055806 0.995442808
1341846324.519985 0.001271007 -0.362898797 0.093591169 0.092812091 0.000909005 -0.014132175 0.995582938
1341846324.556001 0.002427274 -0.345023036 0.096540630 0.091153234 -0.004523394 -0.009148102 0.995784581
1341846324.587888 0.006086257 -0.335126400 0.095871352 0.087638527 -0.007676564 -0.007649221 0.996093392
1341846324.620086 0.004996529 -0.329626083 0.092524387 0.085482247 -0.010040140 -0.010268544 0.996236205
1341846324.655955 0.010327910 -0.320011675 0.083766520 0.083963260 -0.011348692 -0.010110306 0.996352911
1341846324.688082 0.006094497 -0.318969727 0.087107368 0.083075039 -0.010879920 -0.009617540 0.996437490
1341846324.755922 -0.005239563 -0.283152759 0.078145213 0.084634215 -0.013847393 -0.005643022 0.996299863
1341846324.814016 0.010873662 -0.238514230 0.084506527 0.080763415 -0.020221945 -0.008870550 0.996488631
1341846324.849979 -0.003252823 -0.232575446 0.101763360 0.075001456 -0.016127773 -0.011892517 0.996982038
1341846324.881924 -0.009078471 -0.231578797 0.108707532 0.071713477 -0.017463658 -0.011641447 0.997204423
1341846324.913902 -0.003294894 -0.221464247 0.106634937 0.070787691 -0.019127956 -0.008629636 0.997270644
1341846324.949999 -0.007037791 -0.229783460 0.099792995 0.070488170 -0.019025518 -0.005536061 0.997315824
1341846324.981922 -0.018818140 -0.223477080 0.096706666 0.074962936 -0.020840045 -0.002087742 0.996966362
1341846325.018013 -0.018091833 -0.209176272 0.098727368 0.079509802 -0.026221214 0.000370909 0.996489108
1341846325.050079 -0.020941889 -0.196274713 0.093547583 0.081305392 -0.031118093 -0.001203324 0.996202588
1341846325.081901 -0.019411173 -0.175078616 0.092067756 0.081321232 -0.036474347 -0.003576291 0.996013880
1341846325.118531 -0.005291503 -0.160834938 0.093760453 0.077214710 -0.038937751 -0.004340590 0.996244431
1341846325.149933 -0.009246570 -0.162263095 0.095151916 0.070826821 -0.036114011 -0.006284619 0.996814847
1341846325.181925 -0.011989261 -0.158704594 0.096192561 0.067358479 -0.035098098 -0.003526772 0.997105062
1341846325.218055 -0.014370716 -0.149432570 0.101341985 0.064860038 -0.034743406 0.000295011 0.997289300
1341846325.249811 -0.016127193 -0.141059399 0.100477114 0.062980935 -0.034695152 0.003907720 0.997403800
1341846325.285925 -0.014773625 -0.131850049 0.103320219 0.060388546 -0.035297144 0.006902812 0.997526765
1341846325.317988 0.000923436 -0.135209665 0.101370595 0.057670504 -0.034071155 0.009379182 0.997710049
1341846325.349844 -0.005106019 -0.138259053 0.112397090 0.060261790 -0.028870793 0.011848046 0.997694671
1341846325.387302 -0.006237998 -0.124085270 0.113156110 0.065428443 -0.025978101 0.014349910 0.997415841
1341846325.417931 0.010518935 -0.119079560 0.104276001 0.067817740 -0.022370737 0.017424816 0.997294664
1341846325.450747 0.016627554 -0.124723792 0.117999233 0.072367042 -0.014377811 0.019701539 0.997079790
1341846325.485954 -0.006459001 -0.102558285 0.126942322 0.081888400 -0.005773586 0.021518694 0.996392429
1341846325.517875 -0.007789086 -0.093471512 0.125456423 0.085483059 -0.003191537 0.023404948 0.996059537
1341846325.553859 -0.008923265 -0.088109188 0.126929551 0.088562891 0.000578642 0.022721736 0.995811224
1341846325.585855 -0.013615525 -0.071272001 0.125679016 0.091121942 0.003843351 0.020719349 0.995616734
1341846325.617990 -0.014241667 -0.050357737 0.125073940 0.088666387 0.005245336 0.020288836 0.995840907
1341846325.653982 -0.016883450 -0.067235395 0.128854856 0.084912911 0.007340870 0.017245246 0.996212065
1341846325.685819 -0.015902363 -0.065544516 0.128289104 0.090003118 0.008489884 0.019592043 0.995712578
1341846325.717857 -0.022839203 -0.049932957 0.132514715 0.094993554 0.010087384 0.026095185 0.995084703
1341846325.754083 -0.025925919 -0.049322274 0.132539436 0.097809888 0.010239976 0.029802194 0.994706094
1341846325.786087 -0.021690080 -0.040959664 0.134503573 0.104653038 0.010226225 0.031229835 0.993965745
1341846325.821856 -0.025544174 -0.023087358 0.137167931 0.108825922 0.012652231 0.032438654 0.993450820
1341846325.853827 -0.029782243 -0.018079860 0.139290556 0.109109379 0.013098810 0.036369417 0.993277848
1341846325.885958 -0.036219735 -0.007996441 0.133761108 0.109470412 0.010396861 0.042395942 0.993031085
1341846325.921984 -0.035497345 -0.002306188 0.141556829 0.108640872 0.006624305 0.046330150 0.992978752
1341846325.953899 -0.026692228 0.002494473 0.142035231 0.111874297 0.006792120 0.047611311 0.992557883
1341846325.985823 -0.031662613 0.015934415 0.147190914 0.114847116 0.010053074 0.051975247 0.991971612
1341846326.021991 -0.034900624 0.019453028 0.159766078 0.117612734 0.010044106 0.057646949 0.991334081
1341846326.054055 -0.031001052 0.030621478 0.148965240 0.122843109 0.009213610 0.060916111 0.990511954
1341846326.089984 -0.027076209 0.050252568 0.146863803 0.126074046 0.010859638 0.059421241 0.990180016
1341846326.121822 -0.026817933 0.060069766 0.151152551 0.125480607 0.014868989 0.057281327 0.990329444
1341846326.154079 -0.032462232 0.061214227 0.156245008 0.125836074 0.017629813 0.056127913 0.990305066
1341846326.190178 -0.034340449 0.072273955 0.157111287 0.128265664 0.017070822 0.058858331 0.989844501
1341846326.222162 -0.035233855 0.088920444 0.158145279 0.127793282 0.015181488 0.064514481 0.989583910
1341846326.259181 -0.035505086 0.098048076 0.159120440 0.124108471 0.012392941 0.068789780 0.989803731
1341846326.322766 -0.031924292 0.124455400 0.166788056 0.117640272 0.011892868 0.067544274 0.990685165
1341846326.359773 -0.031177444 0.124556109 0.168742821 0.112959228 0.013391910 0.065808490 0.991327465
1341846326.392109 -0.030854411 0.120492712 0.175141186 0.111238614 0.015401374 0.066616103 0.991438925
1341846326.423985 -0.035101667 0.126226440 0.179113701 0.115530483 0.016383441 0.071974896 0.990557373
1341846326.459869 -0.039614491 0.144267142 0.182837769 0.118367694 0.013970051 0.074956484 0.990038097
1341846326.526163 -0.036309108 0.184690326 0.178387389 0.119666941 0.015571115 0.074038103 0.989927113
1341846326.560211 -0.037636284 0.192464858 0.190185279 0.114739418 0.019286683 0.074553117 0.990406334
1341846326.591828 -0.040670656 0.194040745 0.193981409 0.111261137 0.021843918 0.075281896 0.990694940
1341846326.627027 -0.038628373 0.206833690 0.192308620 0.111214273 0.023343798 0.074661613 0.990712881
1341846326.658442 -0.038538646 0.227864280 0.191726133 0.109693050 0.027022418 0.073500678 0.990875840
1341846326.694856 -0.045260057 0.237911627 0.198664889 0.105901361 0.030990984 0.073995367 0.991135299
1341846326.726206 -0.044177782 0.254088968 0.196723416 0.100519478 0.031752110 0.071897425 0.991825819
1341846326.762753 -0.039410394 0.269228339 0.200020209 0.094967283 0.034026753 0.068669192 0.992526054
1341846326.826821 -0.044189621 0.293892920 0.197351083 0.079558074 0.039966330 0.066128552 0.993831098
1341846326.858887 -0.046190649 0.296533257 0.211408108 0.071172148 0.041572098 0.064746633 0.994491935
1341846326.895360 -0.050984357 0.290147096 0.220545769 0.068348475 0.041500680 0.066117048 0.994602799
1341846326.926897 -0.052084297 0.298355132 0.223449260 0.070260659 0.037627675 0.067922138 0.994502008
1341846326.958888 -0.044072021 0.315590292 0.220424384 0.073449619 0.034832027 0.071082212 0.994152546
1341846326.994594 -0.041293327 0.327723384 0.218464658 0.074101292 0.035044566 0.073876098 0.993892968
1341846327.026301 -0.036657527 0.348115474 0.210893229 0.072932839 0.035077937 0.074933626 0.993899047
1341846327.063945 -0.032910597 0.350944161 0.216392845 0.069541924 0.037197907 0.072327897 0.994257987
1341846327.094662 -0.037458505 0.361558914 0.217737436 0.069375716 0.039904233 0.069624171 0.994357646
1341846327.128901 -0.038328454 0.372644126 0.222568631 0.068758346 0.039834905 0.068527162 0.994479537
1341846327.161940 -0.041632582 0.385301471 0.220946565 0.067704901 0.039023902 0.067595616 0.994647682
1341846327.193867 0.044553276 0.396854669 0.255124807 0.068976797 0.030161351 0.079401068 0.993995965
1341846327.229885 0.024726508 0.407208771 0.241981208 0.069309175 0.036214534 0.075754270 0.994055331
1341846327.262014 0.016489653 0.423028350 0.210726142 0.067683488 0.040936317 0.067204192 0.994598806
1341846327.294023 -0.033133525 0.416813582 0.209355354 0.069147199 0.061883271 0.058475424 0.993966699
1341846327.330015 -0.064447761 0.412493795 0.196054056 0.066546232 0.076462954 0.054203924 0.993371487
1341846327.361939 -0.107523285 0.403086424 0.205188781 0.060321186 0.088961981 0.046770308 0.993106067
1341846327.393887 -0.149741471 0.403860897 0.204634175 0.057421874 0.098187126 0.039655257 0.992718220
1341846327.429966 -0.189498007 0.401825726 0.200581834 0.051938787 0.103834830 0.038068529 0.992507696
1341846327.461965 -0.212626696 0.390175194 0.196534202 0.039798066 0.102644563 0.035427354 0.993290067
1341846327.497931 -0.146459147 0.485799819 0.226308689 0.051156364 0.091754682 0.033540502 0.993900955
1341846327.530068 -0.192700058 0.485989690 0.226456121 0.048335735 0.099631920 0.035306241 0.993222356
1341846327.561895 -0.217444465 0.496154696 0.253896177 0.047667425 0.102311239 0.038433164 0.992866099
1341846327.598010 -0.238064319 0.496689260 0.256062061 0.048618812 0.102481522 0.042360149 0.992642641
1341846327.629945 -0.236559018 0.525694013 0.257787734 0.051478788 0.097051479 0.041060306 0.993098676
1341846327.662003 -0.229067788 0.527183235 0.261969417 0.051071294 0.092790648 0.037016146 0.993685782
1341846327.697919 -0.247516453 0.551537633 0.260992348 0.055129535 0.095151022 0.037210848 0.993238330
1341846327.730075 -0.242354617 0.575348616 0.263213038 0.051527519 0.093087785 0.038131401 0.993592262
1341846327.766017 -0.239026308 0.582488179 0.265348256 0.047135811 0.092115872 0.038968775 0.993868351
1341846327.797917 -0.240991935 0.596615553 0.266180515 0.041927394 0.091954932 0.042491198 0.993972301
1341846327.830054 -0.248334065 0.598711669 0.268219233 0.034631561 0.092960171 0.042399611 0.994163632
1341846327.865944 -0.233901516 0.601147592 0.268598944 0.030071132 0.091983855 0.042955559 0.994378984
1341846327.898010 -0.243018255 0.622110069 0.275596440 0.029094178 0.094226055 0.044272024 0.994140327
1341846327.929991 -0.243314013 0.626314402 0.273680270 0.023647431 0.092610724 0.042579282 0.994510472
1341846327.966065 -0.243048325 0.637149334 0.271623313 0.019102955 0.092943318 0.039989125 0.994684637
1341846327.998073 -0.233963221 0.655485392 0.275140256 0.014367481 0.092280507 0.036075365 0.994975567
1341846328.034045 -0.242361605 0.661992729 0.274341971 0.008578002 0.094831645 0.034231719 0.994867623
1341846328.065993 -0.238172665 0.651180744 0.273088753 0.001085947 0.094486468 0.035919026 0.994877338
1341846328.098045 -0.242018357 0.626259685 0.276563257 -0.002951971 0.095881917 0.037675302 0.994675100
1341846328.133967 -0.250506788 0.625765026 0.273312449 0.000138106 0.095905311 0.040773183 0.994555056
1341846328.166023 -0.250466198 0.622651875 0.271389425 -0.000467125 0.092511468 0.041471250 0.994847476
1341846328.198018 -0.252025902 0.610621512 0.267008811 -0.000730816 0.090207085 0.038914420 0.995162189
1341846328.234044 -0.245607138 0.595426619 0.265391707 0.000914783 0.087500498 0.038530767 0.995418608
1341846328.265899 -0.255465299 0.586982906 0.262621313 0.003308194 0.087390691 0.039136898 0.995399535
1341846328.302051 -0.218054339 0.548836470 0.252798885 0.001316631 0.081015415 0.039207451 0.995940506
1341846328.333917 -0.247757837 0.533827186 0.258839965 0.005024042 0.086126029 0.040510472 0.995447636
1341846328.366008 -0.238560364 0.522726655 0.252699018 0.011539312 0.083998144 0.037433069 0.995695710
1341846328.402010 -0.276079744 0.498212218 0.269433886 0.023509948 0.092485107 0.039024115 0.994671226
1341846328.433920 -0.245780528 0.496242791 0.251561075 0.028713090 0.084795684 0.041646086 0.995113492
1341846328.470003 -0.242282644 0.479718596 0.258114278 0.029409964 0.083270364 0.034236975 0.995504379
1341846328.502194 -0.218217716 0.445375979 0.241489053 0.028665576 0.082115762 0.025460616 0.995885074
1341846328.534033 -0.252959758 0.427438587 0.254220843 0.030155797 0.091326632 0.020520542 0.995152771
1341846328.570125 -0.241783351 0.386536449 0.233005151 0.027881261 0.089731269 0.025291992 0.995254397
1341846328.602804 -0.246007517 0.371566176 0.231350496 0.034475181 0.085115142 0.028895611 0.995355189
1341846328.672663 -0.231685236 0.331673950 0.223437354 0.043806944 0.070005476 0.025382085 0.996260941
1341846328.702975 -0.229886070 0.318807006 0.226752207 0.047040053 0.067055047 0.024181077 0.996346414
1341846328.770129 -0.218953013 0.292608410 0.226017043 0.056524228 0.062698029 0.020586997 0.996217906
1341846328.802331 -0.213337883 0.274044663 0.220297784 0.056827694 0.058762960 0.021237643 0.996426880
1341846328.838051 -0.212275550 0.276221722 0.215026245 0.063657343 0.056989204 0.016439289 0.996207654
1341846328.869939 -0.212344170 0.281548172 0.213750333 0.065365389 0.056010272 0.015904026 0.996161282
1341846328.904486 -0.217173576 0.261115223 0.218184844 0.060163289 0.053540304 0.016229736 0.996619463
1341846328.939814 -0.196642175 0.216668546 0.211556882 0.059028223 0.048178270 0.016301824 0.996959746
1341846328.970217 -0.206871778 0.202646047 0.205173641 0.060950670 0.048210446 0.020724244 0.996760368
1341846329.006232 -0.195640340 0.205083117 0.209492534 0.064517394 0.044047263 0.024475463 0.996643484
1341846329.038243 -0.185750484 0.184029371 0.200802177 0.067829572 0.041842055 0.024244081 0.996524274
1341846329.106125 -0.192391336 0.176021874 0.193228751 0.070076376 0.042721458 0.022440841 0.996373713
1341846329.138340 -0.185352623 0.162169352 0.191486716 0.071644209 0.040929899 0.021638980 0.996355176
1341846329.169991 -0.179515585 0.158113867 0.182526857 0.073608831 0.038954698 0.021693412 0.996289968
1341846329.208656 -0.179821447 0.157508478 0.183039144 0.075279653 0.038262509 0.020943807 0.996208012
1341846329.238169 -0.175191566 0.156492159 0.183963984 0.075079583 0.036730736 0.020699276 0.996285856
1341846329.273827 -0.170160249 0.138314679 0.176878616 0.072118774 0.035073545 0.022155823 0.996532917
1341846329.306052 -0.172225326 0.140868887 0.172513932 0.073849194 0.032895025 0.020212490 0.996521771
1341846329.338104 -0.175019547 0.141229272 0.168098286 0.070631690 0.032129921 0.017723339 0.996827364
1341846329.373907 -0.166886315 0.111269698 0.165354922 0.065098852 0.030070636 0.017951289 0.997264087
1341846329.405985 -0.170867279 0.097273961 0.162140802 0.065728925 0.029375756 0.014085422 0.997305572
1341846329.442057 -0.174882323 0.093538798 0.162008822 0.064728953 0.029858608 0.010066839 0.997405291
1341846329.473950 -0.176140577 0.083461419 0.156998917 0.064152315 0.028703177 0.004242191 0.997518241
1341846329.506147 -0.188579291 0.081773505 0.153661475 0.065112792 0.028947664 0.001273590 0.997457147
1341846329.542121 -0.183351338 0.073763147 0.152106240 0.063763671 0.024518657 0.002337943 0.997661054
1341846329.574086 -0.163113445 0.047240265 0.148401678 0.064300440 0.019267559 0.001210658 0.997743845
1341846329.606387 -0.164971158 0.051679645 0.145127580 0.067943901 0.019058872 -0.000260306 0.997507036
1341846329.641955 -0.172553137 0.038541734 0.141866580 0.066215098 0.018931871 0.000508771 0.997625589
1341846329.681570 -0.170696795 0.027350409 0.143342793 0.065329187 0.015456273 0.000830331 0.997743726
1341846329.748113 -0.161522016 0.028004790 0.139597982 0.068698309 0.014487186 -0.001775596 0.997530699
1341846329.810175 -0.164718404 0.005582001 0.139530972 0.067025669 0.018060550 0.003121438 0.997582853
1341846329.842255 -0.171883762 -0.014424521 0.136632279 0.066286691 0.019254139 0.005411240 0.997600138
1341846329.874044 -0.174954936 -0.020016154 0.136078611 0.068144873 0.019603498 0.008234028 0.997448862
1341846329.910073 -0.180651128 -0.018723276 0.133825257 0.068248950 0.020128002 0.010226916 0.997412860
1341846329.942009 -0.191706493 -0.018641507 0.135722607 0.064190663 0.021452168 0.016256150 0.997574627
1341846329.978087 -0.182485491 -0.048123248 0.132785201 0.060814083 0.019256216 0.016762594 0.997822583
1341846330.016305 -0.171351135 -0.034027152 0.129123226 0.064171016 0.018919187 0.013909312 0.997662604
1341846330.048192 -0.180109039 -0.028516904 0.125963464 0.060847461 0.021196496 0.016661603 0.997782886
1341846330.080418 -0.181276754 -0.054995406 0.128840104 0.054783065 0.021434607 0.018333107 0.998099804
1341846330.115886 -0.175082415 -0.064909607 0.124367215 0.058132093 0.022241281 0.019948220 0.997861743
1341846330.147839 -0.181065917 -0.050274763 0.121681795 0.061423786 0.022438003 0.021618117 0.997625351
1341846330.181257 -0.181271359 -0.046904713 0.115980521 0.055906516 0.021853173 0.023788307 0.997913301
1341846330.215852 -0.180638179 -0.060995385 0.121460557 0.048978660 0.022899488 0.024172718 0.998244643
1341846330.247833 -0.181333154 -0.052565068 0.123161487 0.049515352 0.022757836 0.023584086 0.998235524
1341846330.283913 -0.181295350 -0.051176760 0.118620723 0.044976193 0.021961080 0.024391437 0.998448789
1341846330.316011 -0.185253158 -0.067559935 0.119499907 0.037352506 0.021722980 0.023765871 0.998783290
1341846330.347868 -0.191942513 -0.068398051 0.121194251 0.036262672 0.020914115 0.023119546 0.998855889
1341846330.383835 -0.182707071 -0.073098518 0.119667232 0.034108058 0.019246105 0.023113061 0.998965502
1341846330.415934 -0.187234789 -0.085678279 0.121864103 0.033475738 0.020819480 0.020940101 0.999003232
1341846330.452561 -0.197182611 -0.084949516 0.120724835 0.036726337 0.021423118 0.019515712 0.998905063
1341846330.483903 -0.198659673 -0.080854245 0.116759874 0.036844123 0.019261802 0.022488987 0.998882234
1341846330.515970 -0.195193768 -0.092829786 0.118061379 0.034424525 0.016503606 0.026582137 0.998917401
1341846330.552099 -0.194208607 -0.093186334 0.114220321 0.036384724 0.015155891 0.028120944 0.998827159
1341846330.583876 -0.194750056 -0.084884956 0.112595625 0.036163181 0.014517576 0.028378369 0.998837411
1341846330.619992 -0.206223518 -0.078821406 0.106456369 0.031859085 0.014543767 0.028623907 0.998976529
1341846330.652136 -0.200262249 -0.083924681 0.104496233 0.025209973 0.012240978 0.027342778 0.999233186
1341846330.683796 -0.203303978 -0.089095324 0.101953603 0.020387582 0.012581650 0.026868394 0.999351859
1341846330.719991 -0.213084713 -0.103480928 0.099822104 0.017189922 0.011270309 0.027379420 0.999413788
1341846330.752103 -0.212614536 -0.111168407 0.096291982 0.018474134 0.006703759 0.032205783 0.999288023
1341846330.787952 -0.217105642 -0.110464804 0.081935726 0.019256856 0.002221514 0.035997298 0.999163866
1341846330.819823 -0.213130414 -0.105298445 0.086475611 0.019724689 -0.002590315 0.035859242 0.999158859
1341846330.852208 -0.213781968 -0.098514020 0.080873094 0.019507732 -0.004034129 0.036915544 0.999119818
1341846330.914111 -0.215446889 -0.083629876 0.073918357 0.011352607 -0.007815847 0.036834352 0.999226332
1341846330.949903 -0.223553091 -0.098566279 0.080647171 0.007118713 -0.008054435 0.037225686 0.999249101
1341846330.981986 -0.224774376 -0.097851247 0.069477133 0.007802569 -0.013070707 0.037380196 0.999185145
1341846331.014111 -0.231113017 -0.088944390 0.069689162 0.008352753 -0.015961576 0.037646364 0.999128699
1341846331.082139 -0.234641671 -0.096860543 0.064254671 0.009220425 -0.018513625 0.034147542 0.999202728
1341846331.114334 -0.235872328 -0.094456561 0.061036762 0.008955913 -0.020778611 0.033591874 0.999179482
1341846331.149989 -0.235300854 -0.102951936 0.067162052 0.008813078 -0.021675929 0.032351136 0.999202609
1341846331.181954 -0.240962833 -0.099040076 0.060057722 0.012690651 -0.021445503 0.031171277 0.999203384
1341846331.218151 -0.244160056 -0.086264305 0.050165534 0.012864125 -0.024661716 0.032657273 0.999079466
1341846331.249914 -0.228716433 -0.095800228 0.057681069 0.010119019 -0.027934734 0.030841857 0.999082565
1341846331.318141 -0.225705281 -0.090281054 0.057366095 0.021253437 -0.018118903 0.025857188 0.999275446
1341846331.349926 -0.217738017 -0.094870694 0.053319663 0.019107576 -0.016305074 0.025815969 0.999351084
1341846331.382003 -0.208194271 -0.126394466 0.050440654 0.018607143 -0.008823879 0.023810668 0.999504328
1341846331.418008 -0.227213889 -0.114508167 0.060985379 0.026407478 0.002596190 0.024793051 0.999340355
1341846331.450327 -0.212658867 -0.090745509 0.079041302 0.031474810 0.005259004 0.024115348 0.999199748
1341846331.486219 -0.220093414 -0.089576207 0.078080088 0.031350054 0.007780747 0.026012471 0.999139607
1341846331.518344 -0.212429121 -0.090747520 0.076296642 0.030055644 0.008211393 0.024625629 0.999211073
1341846331.550202 -0.206500515 -0.090234131 0.086616233 0.033327505 0.012644460 0.022509078 0.999110937
1341846331.586139 -0.212811694 -0.078373827 0.096370794 0.035688680 0.014270583 0.023452669 0.998985827
1341846331.617931 -0.203853205 -0.079920217 0.108270720 0.034283642 0.013600391 0.023943245 0.999032736
1341846331.654027 -0.200790122 -0.084578358 0.114491105 0.034797419 0.016493743 0.023743417 0.998976171
1341846331.686123 -0.208434314 -0.072950497 0.121272095 0.038013455 0.019945223 0.025481666 0.998753190
1341846331.717954 -0.211419672 -0.067426063 0.123637170 0.034300454 0.019017164 0.025837498 0.998896539
1341846331.754076 -0.195700303 -0.078695826 0.137617320 0.031668488 0.018256145 0.024935916 0.999020517
1341846331.785920 -0.203115284 -0.078175917 0.145867705 0.034903895 0.022565417 0.022589222 0.998880506
1341846331.818053 -0.208165810 -0.068634890 0.152150854 0.035553478 0.024580948 0.023385618 0.998791695
1341846331.853849 -0.198017031 -0.074744172 0.166539922 0.033932421 0.023817284 0.022844363 0.998879135
1341846331.885987 -0.198742494 -0.076803774 0.177635983 0.036795370 0.027433656 0.019771671 0.998750508
1341846331.922014 -0.199188963 -0.072030544 0.184806585 0.038738124 0.030400578 0.018829364 0.998609364
1341846331.954037 -0.181041211 -0.063885719 0.207622334 0.039323386 0.031121410 0.020971222 0.998521566
1341846331.986135 -0.193748578 -0.069914609 0.213295788 0.041717540 0.039610617 0.020855427 0.998126090
1341846332.022364 -0.203307480 -0.065994352 0.234318763 0.049616523 0.045102596 0.019902790 0.997550905
1341846332.054175 -0.187889308 -0.074637055 0.244217157 0.054142296 0.042364623 0.023907181 0.997347653
1341846332.086502 -0.181529120 -0.068411805 0.260134101 0.057358608 0.041790098 0.024941608 0.997166753
1341846332.122051 -0.188297480 -0.064846851 0.270804912 0.059148643 0.043803446 0.023310987 0.997015178
1341846332.153983 -0.191568777 -0.048151933 0.286227405 0.058585092 0.043540228 0.020333255 0.997125149
1341846332.190165 -0.196073145 -0.043809392 0.302751034 0.052994333 0.042658806 0.018729979 0.997507393
1341846332.254145 -0.189907923 -0.065615684 0.328183919 0.051330924 0.042239863 0.017102335 0.997641444
1341846332.289948 -0.190920591 -0.061459620 0.340779305 0.053130012 0.041944563 0.019858932 0.997508645
1341846332.322172 -0.184227496 -0.062174354 0.352869183 0.053899024 0.040612277 0.021478487 0.997488976
1341846332.354003 -0.178512305 -0.065713994 0.354601413 0.056305602 0.042383272 0.018868396 0.997335136
1341846332.390180 -0.179162964 -0.053176042 0.362756759 0.058398295 0.047013376 0.015104674 0.997071385
1341846332.422055 -0.183794111 -0.053104423 0.377774239 0.055932533 0.049956299 0.011352412 0.997119427
1341846332.458114 -0.183016300 -0.056150459 0.385141760 0.055231567 0.052454814 0.007380457 0.997067451
1341846332.489993 -0.186033949 -0.051194306 0.400209665 0.056549892 0.054327019 0.010312876 0.996867239
1341846332.522130 -0.193770796 -0.043290596 0.416959703 0.057010654 0.051273935 0.016344214 0.996922076
1341846332.558114 -0.188247278 -0.049414985 0.423185229 0.056534514 0.045380730 0.023408810 0.997094035
1341846332.589874 -0.178561926 -0.037876695 0.426291019 0.057230461 0.041926455 0.028208243 0.997081339
1341846332.621889 -0.178351089 -0.035612822 0.431944937 0.052459460 0.042085953 0.029421104 0.997301936
1341846332.658202 -0.168687105 -0.037468467 0.443680406 0.048748098 0.041650914 0.027382653 0.997566581
1341846332.690001 -0.166326702 -0.036856104 0.455466300 0.046497110 0.042453416 0.030011203 0.997564554
1341846332.726000 -0.170738235 -0.038862024 0.469120324 0.045865241 0.042197552 0.034077417 0.997474074
1341846332.758386 -0.165566847 -0.042321734 0.466426522 0.045596227 0.039040588 0.034302354 0.997607231
1341846332.789937 -0.157980248 -0.032527450 0.472873241 0.045531008 0.039627541 0.033073515 0.997628570
1341846332.825925 -0.151589483 -0.037813693 0.489824682 0.042354219 0.041611653 0.032204900 0.997716129
1341846332.857898 -0.150575101 -0.031573847 0.498531580 0.044728879 0.043102995 0.032412831 0.997542381
1341846332.894069 -0.150766060 -0.018288570 0.505545199 0.045289572 0.043300435 0.031749573 0.997529864
1341846332.926029 -0.146047100 -0.015784413 0.507890999 0.041709740 0.043535694 0.029506290 0.997744620
1341846332.958015 -0.140028909 -0.013121993 0.521198452 0.038906056 0.045530170 0.027221810 0.997833788
1341846332.994073 -0.138061643 -0.010360653 0.530089736 0.036058914 0.046654537 0.026212716 0.997915804
1341846333.026545 -0.131501362 -0.011140230 0.537239611 0.033222508 0.047339693 0.024298925 0.998030484
1341846333.057998 -0.126439154 -0.008637369 0.543700516 0.032607898 0.049600955 0.025040895 0.997922540
1341846333.094024 -0.120392188 -0.006879380 0.552943468 0.033441730 0.050438169 0.028832028 0.997750640
1341846333.126095 -0.114187360 -0.002841017 0.557036698 0.034024276 0.051521592 0.030533975 0.997624993
1341846333.161973 -0.114489637 -0.001311328 0.562239289 0.032287925 0.055120926 0.032058347 0.997442424
1341846333.195660 -0.109950960 0.003955833 0.569323123 0.030720210 0.056557953 0.033870738 0.997351587
1341846333.226331 -0.110149927 0.006120934 0.573951244 0.029411335 0.057450205 0.032519959 0.997385025
1341846333.262056 -0.109509975 0.012534919 0.577095807 0.026606198 0.057941563 0.030423498 0.997501552
1341846333.294147 -0.110210739 0.008568758 0.585415304 0.022666389 0.058312468 0.029874172 0.997593820
1341846333.326100 -0.104725644 0.014444521 0.591706097 0.021791127 0.056586727 0.028370218 0.997756600
1341846333.362100 -0.103128813 0.021338280 0.590280354 0.019015778 0.056046661 0.026884712 0.997884989
1341846333.394119 -0.111414567 0.013256949 0.594875515 0.014855421 0.056575283 0.026062826 0.997947514
1341846333.429974 -0.104524113 0.012552039 0.599339068 0.013605125 0.053923998 0.026188461 0.998108864
1341846333.462115 -0.104385644 0.009008457 0.599044561 0.012852277 0.054487389 0.024980139 0.998119235
1341846333.494040 -0.074817985 0.019286389 0.603930056 0.015984040 0.049960170 0.025214719 0.998304904
1341846333.529953 -0.094643861 0.012078701 0.597975850 0.015473275 0.055312585 0.024093689 0.998058379
1341846333.562063 -0.108288705 0.017362978 0.600901484 0.017095705 0.059754729 0.024637008 0.997762561
1341846333.594090 -0.130255759 0.013272780 0.602754056 0.014413300 0.062517770 0.026692854 0.997582734
1341846333.629994 -0.155295372 0.014090588 0.603535295 0.011169870 0.064378031 0.025312258 0.997541964
1341846333.662127 -0.177397162 0.009536969 0.600830376 0.007274978 0.067273661 0.025156077 0.997390866
1341846333.697964 -0.194066510 0.009694495 0.602930069 0.006536480 0.070229165 0.026317608 0.997162223
1341846333.730092 -0.104759723 0.014422996 0.597142816 0.009588837 0.054685447 0.026637912 0.998102188
1341846333.762089 -0.097099885 0.011814974 0.593903184 0.010190845 0.053727962 0.028681926 0.998091578
1341846333.798006 -0.097892277 0.010679037 0.591518104 0.011597888 0.054216456 0.028466903 0.998055935
1341846333.830055 -0.091191061 0.010923319 0.587827921 0.014043504 0.054096438 0.026807323 0.998076975
1341846333.866045 -0.100059494 0.012721225 0.584851921 0.015508329 0.056611631 0.025449958 0.997951329
1341846333.897987 -0.100272834 0.013098191 0.580340087 0.017684011 0.056324266 0.024668904 0.997951031
1341846333.930099 -0.108581282 0.005091663 0.572636902 0.019533277 0.058701176 0.022455696 0.997831821
1341846333.965889 -0.111281812 0.002681937 0.568887770 0.020982739 0.059612345 0.022675095 0.997743428
1341846333.997985 -0.102472521 0.004326444 0.562093854 0.024588510 0.058660984 0.022680316 0.997717321
1341846334.030076 -0.108594827 0.007457179 0.555764794 0.028189156 0.060412593 0.023417575 0.997500539
1341846334.066000 -0.115902364 0.009288221 0.551452816 0.030552410 0.060962111 0.024363045 0.997374833
1341846334.097932 -0.117307171 0.000905431 0.539589047 0.031074127 0.061262775 0.023653798 0.997357368
1341846334.133884 -0.128364757 -0.001293752 0.535197973 0.032027081 0.063560888 0.023808492 0.997179747
1341846334.166115 -0.138727009 -0.002296945 0.529015124 0.032180306 0.063394241 0.024393329 0.997171283
1341846334.198072 -0.146178678 -0.001361236 0.520748854 0.033301078 0.062960520 0.022495439 0.997206569
1341846334.234097 -0.147260159 0.002129208 0.516811907 0.034388252 0.063477531 0.020908682 0.997171462
1341846334.266045 -0.161542699 0.003968250 0.511940300 0.035156623 0.067055881 0.021255227 0.996903062
1341846334.297946 -0.165433183 -0.002451330 0.500405967 0.034972373 0.065210864 0.023866326 0.996972859
1341846334.334036 -0.168396950 0.002041877 0.493432522 0.036438461 0.063792162 0.022879494 0.997035265
1341846334.365871 -0.148023337 0.004613497 0.485828072 0.035670504 0.059863407 0.022813383 0.997308135
1341846334.401845 -0.157183722 0.003252706 0.479584157 0.034239493 0.061826494 0.021445919 0.997268856
1341846334.433864 -0.164091751 0.001592939 0.474627078 0.034613255 0.061041702 0.021863164 0.997295260
1341846334.466105 -0.159474447 -0.000474553 0.464999229 0.034479577 0.058448341 0.023131516 0.997426629
1341846334.502142 -0.166464776 0.000860927 0.457028657 0.033410005 0.057676189 0.023733841 0.997493804
1341846334.540153 -0.173171073 -0.001626978 0.451736033 0.032799065 0.057060130 0.021992918 0.997589469
1341846334.602351 -0.177044377 0.005157306 0.428819835 0.028312141 0.052475117 0.015671885 0.998097777
1341846334.670161 -0.182924360 0.002503952 0.418072701 0.023179546 0.049905710 0.008833376 0.998445809
1341846334.702085 -0.189352468 -0.003741402 0.411018729 0.021239046 0.047810391 0.009468519 0.998585701
1341846334.734751 -0.190979660 -0.004926569 0.401771098 0.021146221 0.045279648 0.010977047 0.998690188
1341846334.770889 -0.203386739 -0.004540321 0.395037174 0.021692045 0.045250557 0.013717918 0.998645902
1341846334.802194 -0.196298525 -0.007892309 0.378556103 0.020441564 0.040649515 0.014130502 0.998864412
1341846334.833908 -0.197452843 -0.005064753 0.368835956 0.020320665 0.039137278 0.012451315 0.998949587
1341846334.869874 -0.197058275 -0.006811736 0.359249562 0.018117893 0.038285825 0.012961797 0.999018490
1341846334.902006 -0.205532327 -0.009761365 0.345896751 0.016185090 0.037257086 0.014174892 0.999074042
1341846334.938010 -0.205800131 -0.007419869 0.338806212 0.016383106 0.033642534 0.012903285 0.999216318
1341846334.970032 -0.204855621 -0.007079814 0.333145440 0.016694831 0.032648314 0.011873964 0.999256909
1341846335.002203 -0.203349933 -0.011850295 0.321031928 0.017620161 0.032081977 0.013821423 0.999234319
1341846335.037880 -0.227526665 -0.011579352 0.309159517 0.020254137 0.031944383 0.017007638 0.999139667
1341846335.069990 -0.224108487 -0.004209247 0.300415605 0.021668198 0.028704599 0.016007261 0.999224842
1341846335.106038 -0.224880487 -0.004646611 0.292559832 0.022109477 0.029989367 0.013834686 0.999209881
1341846335.138045 -0.228082657 -0.009259705 0.284549683 0.022969009 0.030701304 0.013697482 0.999170780
1341846335.169900 -0.232455999 -0.008209364 0.266230255 0.022874098 0.028112210 0.013917266 0.999246120
1341846335.206091 -0.233285397 -0.005612368 0.262504876 0.022600083 0.026390981 0.011590648 0.999328971
1341846335.239365 -0.232910588 -0.010693138 0.252716690 0.022257652 0.027275113 0.008643379 0.999342740
1341846335.269948 -0.240569353 -0.013364983 0.242981002 0.023496818 0.029174432 0.007097409 0.999272943
1341846335.305972 -0.245804250 -0.015850177 0.229377121 0.025109338 0.027778680 0.008698287 0.999260843
1341846335.338012 -0.245015204 -0.015170499 0.223138362 0.026856186 0.026324932 0.009864698 0.999243915
1341846335.374005 -0.237853423 -0.022889376 0.216654822 0.030843835 0.027563140 0.010683127 0.999086976
1341846335.406025 -0.239245832 -0.027848329 0.203910127 0.036886219 0.029678589 0.013802367 0.998783290
1341846335.438079 -0.241274521 -0.019653715 0.193454012 0.042663403 0.030379824 0.016443133 0.998492122
1341846335.473998 -0.245897487 -0.016303686 0.184670806 0.044952780 0.032597251 0.016445961 0.998321712
1341846335.507038 -0.251055151 -0.011678739 0.174377382 0.046318609 0.035741001 0.013767350 0.998192191
1341846335.538040 -0.251115561 -0.006292415 0.166339874 0.045786254 0.037440311 0.012535919 0.998170674
1341846335.574119 -0.258595318 -0.002959142 0.158009052 0.043627322 0.037686408 0.012386664 0.998259962
1341846335.605970 -0.256979287 -0.011012500 0.146504074 0.041317984 0.036550399 0.012302754 0.998401463
1341846335.641978 -0.255197823 -0.007132812 0.136427507 0.043088347 0.037517302 0.009680291 0.998319685
1341846335.673993 -0.260934174 -0.004298954 0.127395287 0.042799365 0.038483430 0.009367065 0.998298287
1341846335.706178 -0.262369931 -0.009286476 0.116423786 0.041590162 0.036844991 0.010696366 0.998397827
1341846335.741982 -0.264263749 -0.003850645 0.106500871 0.043043856 0.036973283 0.009537498 0.998343229
1341846335.773960 -0.270278007 -0.001966744 0.096323140 0.042897470 0.037985951 0.009082404 0.998315752
1341846335.806271 -0.262042433 -0.000380682 0.083073013 0.040821258 0.035828158 0.009905902 0.998474717
1341846335.842031 -0.266773820 -0.008786375 0.077185892 0.037989501 0.037345175 0.009635842 0.998533547
1341846335.873966 -0.273517847 -0.002427039 0.065468729 0.039970480 0.039353140 0.008412324 0.998390138
1341846335.910005 -0.285420120 0.000493744 0.051983647 0.039478481 0.040243197 0.010485634 0.998354614
1341846335.941936 -0.286013335 0.001822260 0.043303542 0.038774457 0.037950352 0.010932542 0.998467207
1341846335.974198 -0.288102865 -0.000286429 0.030840216 0.038231131 0.037308566 0.009027068 0.998531401
1341846336.010032 -0.295762241 0.000846491 0.023252839 0.037853427 0.037843794 0.007516288 0.998538196
1341846336.042129 -0.299445778 0.002389222 0.010386568 0.037096068 0.036463149 0.008656303 0.998608708
1341846336.078076 -0.300555110 0.000542832 0.004178356 0.037070319 0.034443486 0.007437201 0.998691201
1341846336.110739 -0.302223504 0.003431519 -0.002139624 0.037860632 0.034439046 0.006205935 0.998670101
1341846336.142002 -0.305326045 -0.000624895 -0.018386206 0.037023701 0.034111295 0.007719491 0.998702168
1341846336.183953 -0.312529951 0.001776952 -0.030646229 0.036835637 0.031937279 0.008394104 0.998775601
1341846336.241891 -0.312778264 0.005386367 -0.037708070 0.035403095 0.030949418 0.007637456 0.998864532
1341846336.277946 -0.321558774 -0.001121641 -0.040801115 0.035496186 0.031637494 0.009685287 0.998821914
1341846336.309977 -0.320311397 -0.001097803 -0.055188172 0.038197640 0.028773673 0.012126824 0.998782218
1341846336.346143 -0.322898686 0.006715943 -0.062140480 0.040790599 0.027523968 0.013427953 0.998698294
1341846336.377975 -0.322307080 0.003066735 -0.066459246 0.041021354 0.027410911 0.012772225 0.998700500
1341846336.410032 -0.326258391 0.010146062 -0.079633847 0.042745948 0.028470548 0.012407958 0.998603165
1341846336.446041 -0.330904692 0.014179829 -0.090299509 0.042518292 0.028051376 0.012022022 0.998629451
1341846336.477990 -0.331285894 0.015702760 -0.092347719 0.041776415 0.028057937 0.012299174 0.998657227
1341846336.510056 -0.333818436 0.013700470 -0.098554380 0.041959368 0.028635224 0.012747683 0.998627543
1341846336.546024 -0.335805118 0.010317334 -0.104323834 0.042519711 0.028743682 0.014922470 0.998570561
1341846336.578003 -0.336593658 0.016049059 -0.112858631 0.042556930 0.028140994 0.016026136 0.998569071
1341846336.614020 -0.335456342 0.018780278 -0.113193505 0.042259518 0.028775522 0.015007450 0.998579443
1341846336.645982 -0.339718878 0.021304900 -0.123723082 0.040921666 0.030095723 0.014741628 0.998600245
1341846336.678036 -0.346597463 0.018517975 -0.126928508 0.039152421 0.028485375 0.015687307 0.998703957
1341846336.714024 -0.346035391 0.012899267 -0.127570063 0.040465400 0.025971364 0.015093163 0.998729348
1341846336.746016 -0.350479722 0.004494461 -0.141673103 0.043480013 0.024262497 0.017110951 0.998613060
1341846336.778014 -0.352337360 0.010330989 -0.154860467 0.046291545 0.020186851 0.021306647 0.998496652
1341846336.820006 -0.353497088 0.014393433 -0.156559452 0.047029421 0.016464982 0.022486696 0.998504639
1341846336.882056 -0.357811034 0.014838694 -0.169324756 0.049884934 0.014256021 0.021446530 0.998422921
1341846336.914273 -0.364842027 0.008414929 -0.163281694 0.051873639 0.010045765 0.024741912 0.998296559
1341846336.945998 -0.361373276 0.011831872 -0.182125539 0.058787834 0.003373540 0.025536275 0.997938097
1341846336.981980 -0.365686655 0.026174704 -0.193159148 0.062016021 -0.000275477 0.023996934 0.997786582
1341846337.014238 -0.369166672 0.031519894 -0.203997180 0.059429429 -0.002341856 0.021583483 0.997996390
1341846337.046017 -0.364091367 0.026965125 -0.188576445 0.056798086 -0.004259055 0.017703004 0.998219609
1341846337.082104 -0.367982447 0.028467974 -0.196133077 0.056104183 -0.004716021 0.014638843 0.998306453
1341846337.114317 -0.370593250 0.027818281 -0.198929638 0.054186855 -0.006774276 0.014310546 0.998405278
1341846337.150037 -0.365165532 0.027971687 -0.198064640 0.052550055 -0.009097399 0.013084139 0.998491108
1341846337.181873 -0.367253125 0.026697507 -0.200924441 0.052129287 -0.008587548 0.009188497 0.998561144
1341846337.214073 -0.365851849 0.033190493 -0.206242815 0.049871679 -0.007485273 0.008152623 0.998694301
1341846337.250087 -0.376660317 0.017583884 -0.207355171 0.046051495 -0.008416931 0.009677218 0.998856723
1341846337.282028 -0.375968695 0.022984972 -0.202939048 0.048037164 -0.012645310 0.012714067 0.998684585
1341846337.317920 -0.369436204 0.030430587 -0.199980050 0.048230585 -0.014473623 0.012621935 0.998651564
1341846337.350018 -0.375376195 0.035608895 -0.217135906 0.046996456 -0.013305289 0.012399198 0.998729467
1341846337.382159 -0.374413550 0.027275171 -0.209947705 0.043794230 -0.013221515 0.010877894 0.998893857
1341846337.417941 -0.377029598 0.020125128 -0.213749379 0.044311278 -0.012557650 0.011632099 0.998871148
1341846337.450137 -0.382356554 0.025830166 -0.223676547 0.044988174 -0.014035209 0.012100870 0.998815596
1341846337.482096 -0.377874434 0.026111782 -0.218931198 0.043728262 -0.014678419 0.012810402 0.998853505
1341846337.518008 -0.378394395 0.022133389 -0.220049426 0.044526938 -0.015021134 0.013032737 0.998810232
1341846337.549978 -0.381161660 0.028687347 -0.230562925 0.045003761 -0.015478277 0.011160066 0.998804569
1341846337.585971 -0.381515592 0.026109336 -0.231323093 0.041863881 -0.015861556 0.010737297 0.998939693
1341846337.617903 -0.377324700 0.010132993 -0.224328578 0.042486586 -0.016623430 0.011153093 0.998896480
1341846337.650141 -0.378075868 0.026246535 -0.223936468 0.045891885 -0.016966565 0.010047790 0.998751760
1341846337.686352 -0.378617436 0.029775083 -0.228228197 0.044076633 -0.016586093 0.010802791 0.998832047
1341846337.718002 -0.370923817 0.028981492 -0.214668170 0.042461079 -0.016890386 0.011053015 0.998894215
1341846337.749920 -0.362496346 0.031772565 -0.207207218 0.042332295 -0.015564344 0.010848644 0.998923421
1341846337.786157 -0.365695208 0.035021376 -0.207045853 0.039191462 -0.012228686 0.011119110 0.999095023
1341846337.817945 -0.365909338 0.032745048 -0.193886712 0.037030548 -0.010197391 0.011688376 0.999193728
1341846337.854071 -0.366324365 0.037650913 -0.191462010 0.035956088 -0.006649914 0.011019344 0.999270499
1341846337.885951 -0.366578251 0.038742732 -0.201164141 0.032489609 -0.004152819 0.009571948 0.999417603
1341846337.918223 -0.361495227 0.039820243 -0.195573986 0.028448941 -0.003164554 0.007151495 0.999564648
1341846337.954120 -0.361783594 0.035429742 -0.185493618 0.025736637 -0.001681542 0.006857237 0.999643862
1341846337.985994 -0.358161420 0.043604739 -0.182090923 0.023636462 -0.000902048 0.006642080 0.999698162
1341846338.018107 -0.353692859 0.037093781 -0.171456456 0.019735808 0.000407795 0.008445002 0.999769449
1341846338.054055 -0.354841828 0.042666215 -0.169584140 0.017530229 0.002066598 0.007863634 0.999813259
1341846338.085986 -0.353621870 0.043378029 -0.152478799 0.014255553 0.005377728 0.007048866 0.999859095
1341846338.121875 -0.349543601 0.037146807 -0.157668993 0.011912640 0.007483176 0.009176874 0.999858916
1341846338.154089 -0.354624450 0.036143813 -0.152532250 0.011025928 0.008741405 0.012389860 0.999824226
1341846338.186029 -0.346930563 0.036034156 -0.144106627 0.009791054 0.007666565 0.014623104 0.999815702
1341846338.222071 -0.337698251 0.038371805 -0.134505510 0.008603612 0.008301078 0.014356408 0.999825478
1341846338.254107 -0.345822603 0.035393007 -0.129070133 0.006813460 0.010973623 0.014489608 0.999811590
1341846338.290130 -0.340647250 0.036160737 -0.117105737 0.007445257 0.010599955 0.015986202 0.999788284
1341846338.321952 -0.339874744 0.043131709 -0.108527213 0.008042934 0.011686642 0.017452581 0.999747038
1341846338.354022 -0.337877512 0.041677829 -0.099400826 0.007366980 0.012125476 0.017705999 0.999742568
1341846338.389969 -0.336579233 0.047325611 -0.092523389 0.007221190 0.013095794 0.018493589 0.999717116
1341846338.422377 -0.334018409 0.045801599 -0.077908158 0.005416575 0.013296049 0.018760946 0.999720931
1341846338.454010 -0.333824843 0.046504650 -0.070691906 0.004222237 0.013028486 0.017762763 0.999748409
1341846338.489894 -0.332888991 0.043768361 -0.062425204 0.002290866 0.012807465 0.017705517 0.999758601
1341846338.522066 -0.331361175 0.043045614 -0.053319391 0.003207676 0.013314036 0.017115021 0.999759734
1341846338.558058 -0.330592185 0.043830957 -0.052096564 0.001841543 0.013176079 0.017488420 0.999758542
1341846338.589842 -0.331167072 0.045045763 -0.042074956 -0.000050967 0.013385968 0.015830768 0.999785066
1341846338.622019 -0.333118379 0.047033347 -0.029744424 0.001537105 0.015122572 0.016122919 0.999754429
1341846338.657984 -0.331251681 0.047050133 -0.024456291 0.001345405 0.014511959 0.019250739 0.999708474
1341846338.690198 -0.316464990 0.054446489 -0.008778214 -0.000022847 0.012360796 0.018851954 0.999745846
1341846338.722454 -0.312769443 0.050792705 0.007134050 -0.000786399 0.013619627 0.019028477 0.999725878
1341846338.757945 -0.312785089 0.052969199 0.009356883 -0.000674284 0.013464184 0.021673055 0.999674201
1341846338.790039 -0.307177126 0.061682206 0.029909657 -0.001856296 0.011011845 0.021909252 0.999697566
1341846338.826048 -0.306125611 0.061087437 0.037766442 -0.001479286 0.012384169 0.018837996 0.999744713
1341846338.858027 -0.306347877 0.063670501 0.041066471 -0.001666686 0.013918532 0.018976681 0.999721646
1341846338.889902 -0.299300581 0.062877394 0.053519201 -0.004411404 0.012226214 0.019186528 0.999731421
1341846338.925948 -0.291807801 0.063630223 0.068184495 -0.004868646 0.012582722 0.016978178 0.999764860
1341846338.958108 -0.290812671 0.063631497 0.080649294 -0.004816329 0.014624362 0.016485663 0.999745548
1341846338.990057 -0.288712114 0.062106237 0.090958670 -0.004457423 0.014650947 0.017750526 0.999725163
1341846339.025928 -0.285996139 0.061350971 0.099694766 -0.002227209 0.015817827 0.016552094 0.999735415
1341846339.057939 -0.283469081 0.065083817 0.111037374 0.000502617 0.018160144 0.016885584 0.999692380
1341846339.093927 -0.282543212 0.070614576 0.122221515 -0.000382906 0.017536603 0.019347798 0.999658942
1341846339.126562 -0.277634144 0.074130543 0.127587527 -0.003347778 0.016243607 0.018546300 0.999690473
1341846339.157969 -0.267106980 0.072858416 0.141582295 -0.006051020 0.018080877 0.017034164 0.999673069
1341846339.194113 -0.268997163 0.076559559 0.147550493 -0.007932778 0.019464158 0.017874220 0.999619305
1341846339.228165 -0.266777843 0.078739531 0.152465731 -0.011222023 0.017559979 0.019715140 0.999588430
1341846339.257998 -0.257310748 0.080894955 0.176680505 -0.013270381 0.017609442 0.019982301 0.999557137
1341846339.294132 -0.257769287 0.081713423 0.181047857 -0.013554448 0.020409722 0.021030283 0.999478579
1341846339.326577 -0.255752206 0.087893054 0.179872528 -0.017187724 0.018129960 0.025347002 0.999366522
1341846339.362269 -0.249033257 0.085810676 0.194020808 -0.021452010 0.015682815 0.022256555 0.999399066
1341846339.394725 -0.244213223 0.092713416 0.206904069 -0.021307459 0.017484417 0.021147251 0.999396324
1341846339.462186 -0.237080723 0.090700828 0.223805711 -0.025218938 0.016415395 0.021035343 0.999325812
1341846339.496743 -0.227002934 0.091897495 0.233903080 -0.022151116 0.019712213 0.019020850 0.999379277
1341846339.562052 -0.228056997 0.088291302 0.249929309 -0.021575166 0.023131670 0.020849166 0.999282122
1341846339.595122 -0.224469244 0.091980562 0.255540729 -0.018857215 0.023991155 0.019063162 0.999352515
1341846339.632085 -0.215041608 0.094478190 0.273086280 -0.017486148 0.026724786 0.017396212 0.999338508
1341846339.664568 -0.213408917 0.092846408 0.280374855 -0.017634958 0.029498419 0.015863350 0.999283373
1341846339.698896 -0.211950719 0.088544957 0.289255321 -0.018298957 0.030596755 0.015474679 0.999244452
1341846339.731977 -0.204193085 0.086918458 0.299176216 -0.018224813 0.030321242 0.013897463 0.999277413
1341846339.762241 -0.200831965 0.084307179 0.308026284 -0.018185277 0.031668570 0.013947951 0.999235630
1341846339.797873 -0.200816497 0.084701687 0.314773500 -0.017991090 0.032240111 0.014734792 0.999209583
1341846339.830245 -0.195452407 0.082142673 0.321882993 -0.018560616 0.031280838 0.015417218 0.999219358
1341846339.862015 -0.192447647 0.085409164 0.326237679 -0.018565807 0.031534508 0.014766128 0.999221146
1341846339.897797 -0.186285228 0.082549177 0.332710952 -0.019948084 0.032201100 0.014687488 0.999174356
1341846339.929916 -0.185072660 0.077122808 0.342693210 -0.020840120 0.033469088 0.016730106 0.999082386
1341846339.961960 -0.179293498 0.073848300 0.347996384 -0.019870738 0.032415826 0.018005338 0.999114692
1341846339.997845 -0.173076659 0.079843305 0.353122383 -0.017547259 0.033279166 0.017009791 0.999147236
1341846340.029925 -0.171683744 0.078681119 0.364487112 -0.016712179 0.035932023 0.018158510 0.999049485
1341846340.066044 -0.170091122 0.077583306 0.370659173 -0.014777469 0.037227616 0.019297307 0.999011159
1341846340.098009 -0.169585124 0.077503502 0.374610394 -0.014023145 0.037891347 0.020361323 0.998975992
1341846340.130102 -0.165038690 0.077731326 0.381159514 -0.014623135 0.037434001 0.019320700 0.999005258
1341846340.166041 -0.157671764 0.074958995 0.386331767 -0.013947692 0.038978931 0.017541956 0.998988688
1341846340.197867 -0.161459222 0.075886115 0.392930180 -0.012896791 0.042219311 0.017621793 0.998869717
1341846340.229904 -0.158226386 0.080422156 0.399533123 -0.013487762 0.041810285 0.017031461 0.998889327
1341846340.265859 -0.155870914 0.074319698 0.407997698 -0.014789407 0.043183196 0.015869750 0.998831630
1341846340.298061 -0.150810644 0.075427964 0.416889459 -0.012445022 0.045030396 0.016678069 0.998768866
1341846340.334063 -0.153487191 0.082261868 0.421000540 -0.012726692 0.044654552 0.018095212 0.998757541
1341846340.366064 -0.145029664 0.076685756 0.428163588 -0.014972541 0.042080767 0.017418331 0.998850167
1341846340.397995 -0.140197858 0.076377414 0.431278914 -0.013214081 0.042290442 0.017360063 0.998867095
1341846340.433895 -0.136466265 0.077943332 0.438026130 -0.012531095 0.041636486 0.018163152 0.998889089
1341846340.465959 -0.139153838 0.074607350 0.438462496 -0.012303960 0.039802838 0.019984169 0.998931885
1341846340.501858 -0.134492129 0.075269759 0.437177718 -0.011328215 0.036111541 0.019934032 0.999084711
1341846340.534329 -0.128885359 0.077220276 0.436378658 -0.010657776 0.034137975 0.019753227 0.999165058
1341846340.566041 -0.122655101 0.074141383 0.438977361 -0.009625254 0.032755453 0.020532303 0.999206126
1341846340.601909 -0.119207978 0.073618680 0.435996354 -0.007226903 0.032060258 0.021279506 0.999233246
1341846340.634005 -0.116347335 0.078606226 0.431493223 -0.005890297 0.031381253 0.019721294 0.999295533
1341846340.666028 -0.112277463 0.074064255 0.432836413 -0.006735877 0.031403504 0.018299654 0.999316573
1341846340.701946 -0.107865579 0.075120814 0.431068450 -0.004577593 0.032514114 0.016011674 0.999332547
1341846340.733954 -0.109161809 0.078792669 0.426619023 -0.003211791 0.034644056 0.014181314 0.999293923
1341846340.770081 -0.106035329 0.079947419 0.427361518 -0.003922577 0.034579452 0.011778031 0.999324858
1341846340.801980 -0.101220943 0.079720996 0.423499703 -0.003965425 0.035168514 0.006662829 0.999351323
1341846340.833999 -0.102645673 0.080253817 0.420571327 -0.004622973 0.037654884 0.002813118 0.999276161
1341846340.870013 -0.104416043 0.077714093 0.422000766 -0.006266875 0.037789285 0.001610031 0.999264777
1341846340.901955 -0.101392925 0.073894374 0.419453651 -0.005881648 0.037100632 0.001659869 0.999292850
1341846340.933918 -0.103398159 0.072895825 0.415109456 -0.004137355 0.036818810 0.004218415 0.999304473
1341846340.970122 -0.104578309 0.075203076 0.408851266 -0.002545419 0.033938851 0.009844887 0.999372184
1341846341.001922 -0.105473764 0.073146492 0.406554431 -0.001105023 0.030171055 0.014233503 0.999442816
1341846341.037923 -0.102306299 0.075687714 0.405164421 0.000686326 0.027516034 0.015923839 0.999494314
1341846341.070300 -0.099977970 0.075040117 0.405623198 0.001153760 0.026351029 0.015748514 0.999528050
1341846341.102028 -0.102383427 0.074072994 0.403344095 0.000990942 0.025029570 0.016784523 0.999545336
1341846341.137982 -0.099943303 0.073642731 0.400362104 0.001012490 0.022869533 0.016706448 0.999598324
1341846341.170048 -0.101180807 0.071421482 0.399174780 0.001293530 0.022843158 0.017517690 0.999584734
1341846341.202110 -0.100860387 0.069835335 0.395567000 0.002755277 0.022316968 0.019382983 0.999559224
1341846341.237996 -0.098675281 0.069072686 0.393123090 0.004376495 0.022262352 0.019821452 0.999546111
1341846341.269883 -0.101942264 0.069466881 0.389196724 0.005537118 0.023208277 0.020338979 0.999508381
1341846341.306107 -0.100120485 0.068664037 0.387192070 0.005974240 0.022100195 0.019459570 0.999548495
1341846341.338109 -0.100844055 0.066769429 0.385654896 0.006507111 0.022815786 0.017264286 0.999569416
1341846341.370120 -0.101763807 0.067471892 0.385041714 0.007039644 0.024089521 0.015057890 0.999571621
1341846341.406074 -0.108921520 0.065329641 0.382227778 0.006722387 0.025366573 0.014666955 0.999548018
1341846341.438113 -0.106457427 0.061203584 0.382551789 0.007673277 0.023113323 0.014821772 0.999593556
1341846341.470024 -0.103339508 0.067015566 0.380615979 0.011227751 0.022542337 0.012760033 0.999601424
1341846341.506077 -0.110585161 0.070581935 0.377939165 0.011172777 0.024296453 0.011885305 0.999571681
1341846341.538156 -0.115792945 0.066402599 0.379775763 0.009998986 0.023057565 0.012051482 0.999611497
1341846341.574016 -0.110018425 0.065507516 0.375928283 0.010797301 0.020085890 0.013026466 0.999655068
1341846341.612466 -0.113422945 0.070860274 0.372586548 0.011977282 0.020031091 0.013081005 0.999642015
1341846341.643972 -0.116359830 0.070709415 0.372096479 0.010887854 0.018897684 0.011701992 0.999693692
1341846341.679982 -0.117030263 0.067468263 0.367564142 0.010235990 0.017505644 0.012391848 0.999717534
1341846341.712332 -0.120152898 0.070540473 0.367177874 0.011577255 0.015601224 0.015203866 0.999695659
1341846341.744185 -0.117828272 0.070496745 0.368929416 0.012093144 0.013285496 0.017249193 0.999689817
1341846341.780061 -0.118105099 0.071078852 0.366318703 0.012439747 0.012682703 0.019066237 0.999660373
1341846341.842595 -0.115292631 0.064461984 0.362458766 0.014362575 0.011558490 0.024078868 0.999540091
1341846341.906227 -0.112152375 0.060966369 0.356846243 0.017690254 0.010629394 0.028948283 0.999367833
1341846341.942069 -0.115006067 0.056949105 0.355499297 0.020900993 0.011401381 0.029640103 0.999277055
1341846341.974775 -0.112169355 0.058464907 0.353944898 0.024370063 0.010761294 0.031470556 0.999149561
1341846342.010161 -0.113283709 0.057958756 0.350710183 0.024877185 0.009372042 0.033676960 0.999079168
1341846342.042024 -0.108007230 0.054363888 0.349735558 0.026531000 0.008441738 0.033230122 0.999059856
1341846342.080032 -0.108755298 0.058489345 0.346886992 0.029047173 0.010823415 0.033438575 0.998959959
1341846342.112265 -0.114450574 0.053119894 0.344879955 0.028819054 0.012094461 0.035475377 0.998881698
1341846342.147954 -0.111500196 0.045440719 0.346566349 0.030410040 0.010466143 0.037082016 0.998794556
1341846342.179852 -0.109966524 0.052438796 0.344632536 0.034264442 0.011038073 0.038597103 0.998606205
1341846342.211848 -0.111564070 0.052807685 0.343525678 0.034834296 0.011863248 0.038730431 0.998571873
1341846342.247920 -0.109952256 0.048660118 0.339976072 0.035614185 0.011846902 0.037128098 0.998605430
1341846342.279870 -0.106178515 0.048057318 0.336632460 0.037023492 0.011809857 0.037900817 0.998525560
1341846342.316068 -0.107536368 0.048117120 0.334575027 0.038269557 0.012159978 0.038694020 0.998443961
1341846342.347894 -0.106305256 0.050594598 0.332954586 0.038804084 0.012016356 0.038473465 0.998433590
1341846342.379953 -0.106097057 0.049627449 0.334548980 0.038908076 0.012663122 0.038911492 0.998404562
1341846342.416195 -0.109609984 0.049315412 0.336340129 0.039475463 0.013351486 0.039794337 0.998338521
