1341846313.592026 0.000000000 0.000000000 0.000000000 0.000000000 0.000000000 0.000000000 1.000000000
1341846313.654184 0.010937932 -0.001248036 -0.003491450 -0.001139927 -0.003885897 0.005700566 0.999975562
1341846313.686156 0.015647857 0.000918962 -0.003104073 0.000416064 -0.005655251 0.004871082 0.999972045
1341846313.721918 0.021075178 0.005053066 -0.005457993 0.000833281 -0.006740554 0.005791187 0.999960184
1341846313.753994 0.026284626 0.002691292 -0.001440384 -0.000013465 -0.007161348 0.007106179 0.999949098
1341846313.789969 0.019212201 -0.002618891 -0.011241569 0.000617832 -0.004705104 0.005218162 0.999975085
1341846313.822075 -0.002436318 0.003054794 -0.011864118 0.001862811 0.001331776 0.001497738 0.999996245
1341846313.853928 -0.006289709 0.006230433 -0.008502441 0.001876418 0.005199505 0.000105167 0.999984741
1341846313.890011 0.002997174 -0.000832997 -0.011525848 -0.000362373 0.005856766 0.002246083 0.999980271
1341846313.922055 -0.015581302 0.001905477 -0.014102046 -0.002098034 0.010383617 0.002516941 0.999940753
1341846313.957927 -0.046057321 0.017021369 -0.021526290 -0.000904632 0.021752454 0.002783013 0.999759078
1341846313.990058 -0.056513455 0.017489608 -0.014381533 -0.001856954 0.029542539 0.002924033 0.999557495
1341846314.022042 -0.074996233 0.011911769 -0.013597772 -0.005601777 0.034517847 0.005657969 0.999372363
1341846314.057816 -0.098642573 0.024397368 -0.002303330 -0.006793831 0.043255147 0.004781688 0.999029517
1341846314.089801 -0.122929707 0.030923579 -0.013936447 -0.004623628 0.053717874 0.004210999 0.998536587
1341846314.157989 -0.148169026 0.040142145 -0.009215952 -0.005761692 0.066075101 0.004548488 0.997787654
1341846314.190094 -0.146465421 0.035128284 -0.003299438 -0.006727538 0.070376329 0.005850065 0.997480690
1341846314.225969 -0.176331237 0.039563015 -0.020354984 -0.008728296 0.078346699 0.011070871 0.996826470
1341846314.257923 -0.174844369 0.045972060 -0.011285168 -0.009094901 0.080952927 0.011187986 0.996613622
1341846314.290052 -0.181173548 0.050767157 -0.010795810 -0.006908541 0.083956011 0.009185953 0.996403158
1341846314.325981 -0.190540388 0.054558463 -0.009902846 -0.007842683 0.088030845 0.006639246 0.996064723
1341846314.558292 -0.410756081 0.103673160 0.027301101 0.000079253 0.153927192 -0.009028781 0.988040924
1341846314.594085 -0.409452200 0.101330169 0.025579480 0.001773073 0.159073472 -0.008596024 0.987227738
1341846314.626096 -0.414234042 0.097917981 0.021785695 0.000844980 0.164291367 -0.006604298 0.986389399
1341846314.658455 -0.414316803 0.104865663 0.018487757 -0.000116672 0.167218268 -0.008904952 0.985879660
1341846314.694004 -0.395777076 0.111619547 0.023268281 0.002291898 0.169550344 -0.009814868 0.985469997
1341846314.725910 -0.385627180 0.115716413 0.025404062 0.007775083 0.171208128 -0.005995305 0.985185981
1341846314.761942 -0.389914572 0.115376905 0.018966349 0.011680718 0.172217533 -0.001085554 0.984989107
1341846314.794030 -0.393474251 0.125029892 0.015226552 0.016383842 0.176442131 -0.001368206 0.984173715
1341846314.826092 -0.394510150 0.127349272 0.011743942 0.018924538 0.181770414 -0.000187331 0.983158886
1341846314.862145 -0.377911896 0.137473300 0.016961901 0.020485368 0.183937669 0.001001075 0.982723892
1341846314.894072 -0.389670968 0.159147859 0.009096295 0.024243047 0.190282077 -0.000945500 0.981429636
1341846314.925969 -0.386485517 0.152067065 0.004986009 0.023382436 0.192527786 0.004195188 0.981003940
1341846314.961937 -0.392281055 0.149640754 -0.000408906 0.020052470 0.193994507 0.009050745 0.980755866
1341846314.994564 -0.389263183 0.164937302 0.012100641 0.019084627 0.196158096 0.006040916 0.980367959
1341846315.029900 -0.392878413 0.172136590 0.013648278 0.020205664 0.201752424 0.003122877 0.979223132
1341846315.094388 -0.587382376 0.185017332 0.070589602 0.023104215 0.237465009 0.007631480 0.971091330
1341846315.161941 -0.644717991 0.209161326 0.053923633 0.026122926 0.246839419 0.010214762 0.968650401
1341846315.262069 -0.666964054 0.217655465 0.062604919 0.014122193 0.247669369 0.008529237 0.968704104
1341846315.298000 -0.667020202 0.225722492 0.069408946 0.014409985 0.245403677 0.010459123 0.969257414
1341846315.329931 -0.652224839 0.278319746 0.066107906 0.027165940 0.242123172 0.004014974 0.969856799
1341846315.497883 -0.752232432 0.318980724 0.081027515 0.046950385 0.268108696 0.016704898 0.962098897
1341846315.530008 -0.759315729 0.323006451 0.087077439 0.047879081 0.271232367 0.017426468 0.961164355
1341846315.566108 -0.764564276 0.325949401 0.088535756 0.047665026 0.273725718 0.018085182 0.960455716
1341846315.597986 -0.761951208 0.333414167 0.093559429 0.048684493 0.275185734 0.016290968 0.960019350
1341846315.630109 -0.756697059 0.327414632 0.089999981 0.047681257 0.275516272 0.015995622 0.959979892
1341846315.666042 -0.774705946 0.322075754 0.092214346 0.045429073 0.280234486 0.015553517 0.958729804
1341846315.698114 -0.812510371 0.340855539 0.101345025 0.042279959 0.290070266 0.012944131 0.955983341
1341846315.733985 -0.769477665 0.319857866 0.099262580 0.038248926 0.285816103 0.017035952 0.957369268
1341846315.766041 -0.747959137 0.288690716 0.083506621 0.033354402 0.278602272 0.021517439 0.959585965
1341846315.798188 -0.756751359 0.311881632 0.087416440 0.035984691 0.279898137 0.018141955 0.959183514
1341846315.834140 -0.746561944 0.337797135 0.098240755 0.041025553 0.281342268 0.013113554 0.958640397
1341846315.866751 -0.772073269 0.337276876 0.107933387 0.043634173 0.286944419 0.013070311 0.956863701
1341846315.898492 -0.753389180 0.345056653 0.099523835 0.045814931 0.283481330 0.012143030 0.957805753
1341846315.936901 -0.760529041 0.342989743 0.105433002 0.048301805 0.286214948 0.010756105 0.956886768
1341846315.966572 -0.765794992 0.331971556 0.101782948 0.050251760 0.286645532 0.011456830 0.956649303
1341846316.034204 -0.774802268 0.333429605 0.096871816 0.053805109 0.286077946 0.009622857 0.956646144
1341846316.066113 -0.778728247 0.336646348 0.095859237 0.057052005 0.285489798 0.009503280 0.956634939
1341846316.101867 -0.786594927 0.332773387 0.104965627 0.057452921 0.285163164 0.010939874 0.956692994
1341846316.134066 -0.781300843 0.334636092 0.109829672 0.056462310 0.280909777 0.009332457 0.958026409
1341846316.202049 -0.778847635 0.347920924 0.063065387 0.054917309 0.276786953 0.000020655 0.959360778
1341846316.233979 -0.770469964 0.346637189 0.064282946 0.055321027 0.274410397 -0.001366710 0.960019112
1341846316.270052 -0.644610524 0.317775428 0.032829549 0.051734131 0.247988060 0.002054815 0.967378557
1341846316.301915 -0.658176243 0.305821240 0.053165462 0.050649278 0.251158804 0.001119903 0.966619194
1341846316.334208 -0.659039915 0.312336534 0.058799945 0.053818751 0.249679521 0.003252063 0.966826320
1341846316.973994 -0.126950905 0.016174518 -0.030310705 0.027045976 0.116989091 0.021957343 0.992522001
1341846317.005913 -0.133380234 0.013384174 -0.023086354 0.025675450 0.114382654 0.023186086 0.992834210
1341846317.037936 -0.139916986 0.005430010 -0.031636789 0.025268074 0.111661911 0.022406474 0.993172228
1341846317.073972 -0.143278584 -0.001361787 -0.026922103 0.025054587 0.109297246 0.023618951 0.993412554
1341846317.106113 -0.156689271 0.000938416 -0.027373565 0.028399814 0.108700737 0.026035568 0.993327618
1341846317.137887 -0.182884246 0.003331260 -0.017954469 0.031987518 0.105390936 0.027535100 0.993534803
1341846317.173970 -0.181374982 0.008620040 -0.031499326 0.033733696 0.097057268 0.030959601 0.994225025
1341846317.205887 -0.177454174 0.005646114 -0.031821538 0.033883609 0.092662163 0.034220412 0.994532347
1341846317.248131 -0.191757157 -0.005681855 -0.020742612 0.033284910 0.091477580 0.034972336 0.994636059
1341846317.306289 -0.191045165 0.011080452 -0.006050714 0.037296884 0.084180892 0.038817760 0.994995296
1341846317.348137 -0.201297522 0.005266350 -0.008621673 0.037577670 0.086067401 0.038727868 0.994826853
1341846317.410120 -0.210200846 0.010563160 -0.004990988 0.040685751 0.084632412 0.045864359 0.994524240
1341846317.442569 -0.220451638 0.001869140 0.004722994 0.042122394 0.086536244 0.048312653 0.994184613
1341846317.474010 -0.226548344 -0.002110405 -0.015517910 0.047685564 0.085715905 0.050243609 0.993908644
1341846317.509927 -0.224108189 -0.002015492 -0.007148528 0.050055072 0.082493007 0.055388384 0.993791521
1341846317.542282 -0.245509773 0.011328585 -0.021090681 0.051207393 0.081218332 0.054785646 0.993871152
1341846317.573943 -0.240179688 -0.002594452 -0.023332298 0.048801608 0.080502354 0.054075059 0.994089365
1341846317.610159 -0.256975412 -0.000532471 -0.018655086 0.052598897 0.083771870 0.054123994 0.993622780
1341846317.643553 -0.263178468 0.008538208 -0.008894874 0.056966100 0.083000630 0.059045382 0.993166327
1341846317.677993 -0.279304683 0.002818795 0.001123565 0.056127358 0.081585236 0.057907503 0.993398368
1341846317.709996 -0.283549786 0.001094650 -0.007496093 0.058669765 0.078139909 0.058588509 0.993488491
1341846317.741834 -0.276089609 0.015387704 -0.009697195 0.060881954 0.074746042 0.059658229 0.993552864
1341846317.777923 -0.301317394 0.009721709 -0.004872822 0.057553791 0.076473579 0.056996658 0.993775964
1341846317.810021 -0.304949701 0.008181738 0.003266317 0.057060264 0.074762791 0.055459406 0.994021595
1341846317.841886 -0.311960191 0.015800670 0.007688886 0.056912694 0.073770911 0.053377900 0.994218051
1341846317.878017 -0.316920072 -0.003825494 -0.005694021 0.054131955 0.073102206 0.051954981 0.994498074
1341846317.909910 -0.321900815 0.006825724 0.009090580 0.052519862 0.074792072 0.046008464 0.994751751
1341846317.946031 -0.341459006 0.006113666 0.007404969 0.053756878 0.076491036 0.046072662 0.994553447
1341846317.978041 -0.339209557 0.003498643 0.014358939 0.056017950 0.074676313 0.047758915 0.994487047
1341846318.009897 -0.347277403 0.004392764 -0.000302424 0.058001474 0.074890390 0.044834632 0.994493365
1341846318.045949 -0.360203922 0.010179939 -0.000544688 0.058711592 0.076367289 0.043546915 0.994396627
1341846318.078074 -0.377089411 0.006594971 -0.004548360 0.057465851 0.075718910 0.042299818 0.994572818
1341846318.109894 -0.385381907 0.007919306 -0.004569617 0.057206962 0.071659654 0.040135134 0.994978130
1341846318.145957 -0.387788832 0.009571933 0.002534654 0.056517243 0.068940356 0.037868250 0.995298445
1341846318.178001 -0.394091904 0.005034850 0.004731610 0.055321451 0.069425687 0.034932997 0.995439231
1341846318.214074 -0.411456794 0.001052517 0.007504419 0.055690888 0.068705730 0.032843336 0.995539725
1341846318.245970 -0.422745973 -0.006707481 0.004036766 0.058098767 0.063291259 0.034765203 0.995695770
1341846318.278018 -0.428111881 -0.004956376 0.007079348 0.062090877 0.058422189 0.034648377 0.995756507
1341846318.313937 -0.432270288 -0.009113169 0.023221958 0.064263202 0.053188469 0.033854112 0.995939314
1341846318.345989 -0.432945222 -0.001158637 0.019996041 0.066459864 0.041884564 0.034302417 0.996319294
1341846318.382046 -0.442762285 -0.011834712 0.031110661 0.067390352 0.036562935 0.032635335 0.996522248
1341846318.414072 -0.453481287 -0.003688708 0.027146230 0.069500051 0.029507812 0.033291828 0.996589541
1341846318.446035 -0.467522562 -0.005540955 0.026091676 0.071300425 0.024157509 0.031554926 0.996662915
1341846318.482196 -0.466246426 0.009164982 0.006244113 0.074000299 0.021078868 0.032847736 0.996494174
1341846318.514144 -0.485806197 -0.000708956 0.009831904 0.072962373 0.020696446 0.032971505 0.996574640
1341846318.546259 -0.490032554 -0.005702703 0.012163715 0.073895626 0.019482085 0.031489693 0.996578276
1341846318.582042 -0.501071036 0.000415270 0.015942456 0.075845726 0.019874105 0.031325940 0.996429145
1341846318.614115 -0.508336425 -0.002199563 0.016834473 0.075404353 0.019557625 0.031577393 0.996461034
1341846318.650038 -0.515743136 -0.006068745 0.012227683 0.074429743 0.018592957 0.029132152 0.996627271
1341846318.682350 -0.525617242 -0.007592023 0.013346865 0.073817216 0.018271517 0.027620800 0.996721745
1341846318.714063 -0.536813140 -0.002317647 0.011165450 0.073823795 0.017555973 0.026065519 0.996776044
1341846318.749905 -0.548990369 -0.005898536 0.001757823 0.074331872 0.017402424 0.027657399 0.996698081
1341846318.782036 -0.561468959 -0.007457645 0.001787192 0.075902887 0.017440625 0.028715750 0.996549010
1341846318.814121 -0.580358505 -0.007277758 0.003504792 0.075911224 0.013424945 0.027466660 0.996645808
1341846318.850072 -0.585962117 -0.013261367 -0.002931540 0.075690553 0.007022662 0.025282133 0.996786058
1341846318.883516 -0.606367171 -0.014987040 -0.004700605 0.078177348 0.000708864 0.023125386 0.996670961
1341846318.918047 -0.617869914 -0.012103411 -0.005264120 0.081604578 -0.012483845 0.022711022 0.996327817
1341846318.982028 -0.631257772 -0.010460253 -0.020779740 0.084990069 -0.024547944 0.016201051 0.995947599
1341846319.018123 -0.629929721 -0.011631383 -0.005553015 0.084789366 -0.031892661 0.017224414 0.995739400
1341846319.050745 -0.631427765 -0.015683588 0.013174918 0.085731827 -0.037800729 0.015332283 0.995482802
1341846319.081905 -0.635680735 -0.013981685 0.001184863 0.091076180 -0.037195582 0.012570988 0.995069623
1341846319.117976 -0.643960714 -0.009933490 0.002613830 0.094223790 -0.037435036 0.019587960 0.994654119
1341846319.150093 -0.651113153 -0.009874604 0.010513810 0.096421637 -0.041693259 0.025199668 0.994147658
1341846319.186069 -0.639015138 0.004980965 0.009673275 0.098860964 -0.044275992 0.026099343 0.993773103
1341846319.586296 -0.761145949 -0.002647193 0.027617833 0.086881824 -0.042931143 0.036313090 0.994630516
1341846319.622031 -0.784987211 -0.006694602 -0.054959133 0.084362112 -0.046944324 0.034707338 0.994723380
1341846319.653962 -0.784343064 -0.006945482 0.029616496 0.084239140 -0.051074475 0.032068480 0.994618893
1341846319.686352 -0.780450344 -0.003502212 0.027298633 0.086243995 -0.056088585 0.033840742 0.994118094
1341846319.721992 -0.792426586 0.003024718 0.021690480 0.087267816 -0.059320133 0.033606052 0.993849158
1341846319.754063 -0.811796784 0.008004426 -0.018344305 0.083961040 -0.061665937 0.034106329 0.993974149
1341846319.786397 -0.819457948 0.003007764 -0.044160638 0.078812473 -0.062290628 0.038694207 0.994188726
1341846319.822008 -0.831808388 0.004017415 -0.035065953 0.075798906 -0.061926380 0.042056859 0.994309247
1341846319.853917 -0.842251897 0.009046402 -0.017837383 0.071272455 -0.061577156 0.044158842 0.994574547
1341846319.889942 -0.815066576 -0.005635719 0.014243174 0.068416044 -0.065155081 0.053369101 0.994095445
1341846319.922039 -0.829465866 -0.005913643 0.010056976 0.068070188 -0.068245940 0.052655909 0.993949831
1341846319.953946 -0.823808849 -0.005124913 0.065410919 0.069240108 -0.074057266 0.048841439 0.993647754
1341846319.990054 -0.825364053 -0.005881216 0.066934139 0.071444370 -0.077090099 0.042481780 0.993553281
1341846320.028122 -0.819610059 -0.005605398 0.057411622 0.073495679 -0.081139021 0.040895283 0.993147731
1341846320.090047 -0.801968575 -0.002915938 0.045004025 0.078540243 -0.090138637 0.043541260 0.991872251
1341846320.122011 -0.799506426 -0.000420684 0.020826839 0.079054169 -0.088803425 0.042705361 0.991988242
1341846320.157952 -0.791607857 -0.001614158 0.018487267 0.079211354 -0.086440533 0.042468686 0.992194533
1341846320.190003 -0.776282668 -0.006499822 0.026643746 0.081689015 -0.083646156 0.041961327 0.992254734
1341846320.221941 -0.774302065 -0.005904462 0.033946626 0.085743643 -0.079975918 0.042559206 0.992189825
1341846320.258015 -0.768841267 -0.008357799 0.026197130 0.089783862 -0.078904741 0.045022264 0.991809368
1341846320.289887 -0.755976379 -0.024503490 0.033316839 0.094197564 -0.079820111 0.047352035 0.991218090
1341846320.321954 -0.733590901 -0.023323510 0.007165574 0.103155620 -0.082719378 0.047011465 0.990104198
1341846320.357890 -0.725389600 -0.012692661 0.011188583 0.108995512 -0.081860118 0.046413630 0.989578009
1341846320.426544 -0.681068122 -0.010080209 -0.007089980 0.112774551 -0.071875036 0.040715814 0.990180850
1341846320.458122 -0.682195961 -0.005012164 0.031213699 0.114402883 -0.064786106 0.038642935 0.990566254
1341846320.490186 -0.649083853 -0.022779269 0.003231616 0.116646305 -0.058927424 0.039676461 0.990629554
1341846320.525911 -0.656210482 -0.021374406 -0.013616839 0.120086059 -0.049457889 0.036947474 0.990842104
1341846320.558091 -0.647180617 -0.015481723 -0.014890687 0.121202126 -0.045617461 0.033595491 0.991009772
1341846320.594093 -0.629923403 -0.017063456 -0.005573078 0.122854434 -0.041310124 0.028398972 0.991157770
1341846320.631955 -0.624341428 -0.017021224 0.004249820 0.125325620 -0.033197947 0.028230296 0.991158128
1341846320.664916 -0.613990188 -0.011599312 0.004598363 0.125367850 -0.030774135 0.027091065 0.991262734
1341846320.699927 -0.595151603 -0.014654772 0.024801526 0.125571698 -0.027721526 0.024973575 0.991382658
1341846320.731822 -0.582545757 -0.010042756 0.020693991 0.127681971 -0.020984480 0.023649655 0.991311073
1341846320.763877 -0.586743832 0.010871368 -0.004952298 0.126728743 -0.019230716 0.024500595 0.991448283
1341846320.799999 -0.564569235 -0.011743905 -0.000305301 0.117701329 -0.021438487 0.020180814 0.992612481
1341846320.863887 -0.565229833 0.012521585 -0.004922279 0.120034240 -0.001169682 0.014081468 0.992669165
1341846320.900014 -0.548352003 -0.008693707 0.007836821 0.111719124 -0.006247595 0.022541367 0.993464470
1341846320.931889 -0.511574805 -0.011231104 0.016079905 0.113095552 -0.007799725 0.021626161 0.993318081
1341846320.967866 -0.517584026 0.008433319 -0.001927172 0.113224149 -0.001742848 0.018257001 0.993400156
1341846321.000017 -0.522194922 0.000736778 0.002003585 0.106476784 -0.000141812 0.015730198 0.994190753
1341846321.031860 -0.505080521 -0.006905879 0.003638353 0.104297988 -0.000103739 0.013959927 0.994448125
1341846321.068047 -0.494432658 -0.001881993 -0.002600521 0.104668185 0.003468573 0.011599800 0.994433522
1341846321.099840 -0.493094862 -0.004547245 -0.004781458 0.102009289 0.005055757 0.012405245 0.994693220
1341846321.131821 -0.467936665 -0.015986420 -0.006813053 0.102088600 0.005492633 0.014524379 0.994654119
1341846321.167887 -0.461466819 -0.010262702 -0.003509175 0.104931340 0.009630940 0.014753970 0.994323373
1341846321.200042 -0.454094887 -0.006741664 -0.005338222 0.105432197 0.011552874 0.014743409 0.994250059
1341846321.231950 -0.450267345 -0.014950907 -0.007817484 0.104230866 0.013225212 0.013017506 0.994379997
1341846321.267939 -0.425687879 -0.005456337 -0.007640290 0.104974225 0.014517455 0.007973289 0.994337022
1341846321.299948 -0.420868754 -0.012689780 -0.018017469 0.102883659 0.018178947 0.003100779 0.994522393
1341846321.331858 -0.421856970 -0.014359364 -0.007816534 0.103129961 0.021781940 -0.001092196 0.994428754
1341846321.367913 -0.400573999 -0.017779315 -0.005711782 0.104570240 0.024172803 -0.004546866 0.994213283
1341846321.399897 -0.396363288 -0.014393415 -0.006909021 0.106511198 0.029617041 -0.006631661 0.993848145
1341846321.435994 -0.396799266 -0.015419219 0.003182671 0.108178891 0.033838648 -0.008116578 0.993522167
1341846321.467946 -0.378679633 -0.015774263 0.009171588 0.110103257 0.035384573 -0.006220085 0.993270576
1341846321.499882 -0.359435052 -0.015007623 0.016300449 0.111769080 0.037377428 -0.005027001 0.993018270
1341846321.536109 -0.341044247 -0.008581122 -0.015015028 0.111337915 0.042174365 -0.009326713 0.992843509
1341846321.568960 -0.345353127 0.000293687 0.019927127 0.108907230 0.049859364 -0.011883601 0.992729604
1341846321.603938 -0.345384151 -0.004501480 0.006523441 0.105346136 0.052492056 -0.012033012 0.992976308
1341846321.637163 -0.306259602 0.003269136 -0.013948391 0.103105344 0.055066388 -0.011419550 0.993079305
1341846321.668306 -0.323089927 0.001480885 -0.004595705 0.098843552 0.064856544 -0.008720417 0.992948890
1341846321.704411 -0.340964556 -0.003650935 0.005305520 0.095463440 0.067991212 -0.001976955 0.993106246
1341846321.736861 -0.326162398 0.000908413 0.019792311 0.095297612 0.065528370 0.006768501 0.993266642
1341846321.771881 -0.311253637 0.017687323 0.014162865 0.093943015 0.064837456 0.011270866 0.993400097
1341846321.804114 -0.302238256 0.012318370 0.018295601 0.089342222 0.066693425 0.014666528 0.993657351
1341846321.836152 -0.305604994 0.010072791 0.027495813 0.085804097 0.070059054 0.016022688 0.993716598
1341846321.871882 -0.301432192 0.022818796 0.015269545 0.081236012 0.071207576 0.014141181 0.994047403
1341846321.904074 -0.295661211 0.019217862 0.014722393 0.074207738 0.072451651 0.011367320 0.994542480
1341846321.939847 -0.284284651 0.017619872 0.016951025 0.070487276 0.074361034 0.008801379 0.994698226
1341846322.004094 -0.290111423 0.014242362 0.021881141 0.063625395 0.072937228 0.008704833 0.995266914
1341846322.066178 -0.271767616 0.005309007 0.013894874 0.058322746 0.076876633 0.005877327 0.995315969
1341846322.107979 -0.282870620 -0.012665316 0.026264131 0.054976009 0.080629349 0.004502569 0.995216668
1341846322.166164 -0.272109836 -0.036805827 0.022730662 0.057364233 0.078474052 0.004805289 0.995252788
1341846322.202932 -0.269526899 -0.041512154 0.020823220 0.058654185 0.075792275 0.004816193 0.995385408
1341846322.234093 -0.269164920 -0.043441493 0.018427003 0.057630055 0.074386023 0.003047301 0.995558262
1341846322.265941 -0.269361675 -0.054824483 0.019143321 0.054922733 0.071549237 0.003950291 0.995915949
1341846322.301996 -0.262610167 -0.068236552 0.019490415 0.052942891 0.069457583 0.004708325 0.996167958
1341846322.333949 -0.282602757 -0.077405490 0.016450986 0.052614052 0.069947101 0.004141558 0.996153593
1341846322.369871 -0.281895429 -0.091540180 0.022218833 0.053028397 0.065511204 0.001158909 0.996441126
1341846322.402292 -0.271388680 -0.105003476 0.018920405 0.054201715 0.066733867 -0.005214877 0.996283889
1341846322.433955 -0.268597305 -0.129617289 0.027027959 0.058630131 0.067154631 -0.008714430 0.995980322
1341846322.470030 -0.270544738 -0.133633167 0.026755527 0.067737654 0.062502280 -0.006628681 0.995721400
1341846322.502433 -0.258295298 -0.144573644 0.026612787 0.073644206 0.058896542 -0.003778404 0.995536745
1341846322.534002 -0.254486620 -0.156617045 0.024838088 0.082342371 0.058436047 -0.000520482 0.994889259
1341846322.570196 -0.256585568 -0.170486525 0.024921050 0.091849402 0.058078546 -0.000796503 0.994077444
1341846322.601920 -0.262574017 -0.181253895 0.019526223 0.096859373 0.055312991 0.001233627 0.993759096
1341846322.638119 -0.245658636 -0.194401324 0.024016656 0.102489389 0.051037386 0.002257739 0.993421376
1341846322.669947 -0.232539192 -0.197934642 0.021149129 0.107404843 0.053078905 0.002258593 0.992794931
1341846322.702026 -0.247425690 -0.209707782 0.025778499 0.110268451 0.055764660 0.003049626 0.992331505
1341846322.738006 -0.245650426 -0.205929294 0.026907526 0.112147987 0.053160664 0.004492499 0.992258310
1341846322.770087 -0.236791059 -0.230172217 0.029302103 0.111413784 0.053585470 0.004227984 0.992319345
1341846322.806047 -0.247646540 -0.240544915 0.029715130 0.115168549 0.054057125 0.005911336 0.991856337
1341846322.838063 -0.251858681 -0.245018780 0.031220568 0.117276832 0.049758926 0.007680928 0.991822183
1341846322.870081 -0.244375750 -0.257349938 0.043353274 0.119552523 0.044358835 0.008730178 0.991797984
1341846322.906018 -0.233039975 -0.263176113 0.039582640 0.124207318 0.042276837 0.008615698 0.991317809
1341846322.938349 -0.233666316 -0.248903006 0.043005534 0.125680313 0.043077838 0.009632552 0.991088271
1341846322.970069 -0.232972071 -0.256539643 0.038481992 0.120506093 0.042899847 0.011615199 0.991717160
1341846323.011820 -0.226315141 -0.270936280 0.041093335 0.117704839 0.042676739 0.012114405 0.992057204
1341846323.073951 -0.229529828 -0.271778524 0.043138638 0.115397945 0.042830016 0.016678751 0.992255330
1341846323.105962 -0.227810666 -0.292096466 0.043029662 0.111733869 0.042862259 0.016139407 0.992682159
1341846323.138158 -0.226733774 -0.292425990 0.045571331 0.112419955 0.042743914 0.013174451 0.992653608
1341846323.174092 -0.232135296 -0.293101341 0.043934613 0.110538445 0.042797852 0.011701364 0.992880940
1341846323.206059 -0.223443866 -0.300157756 0.047157668 0.107330225 0.041915480 0.010182802 0.993287265
1341846323.238053 -0.219008669 -0.301075667 0.050056126 0.104898304 0.044865221 0.008381449 0.993435025
1341846323.273997 -0.236242920 -0.302378744 0.043181777 0.100977339 0.045830850 0.009277409 0.993789196
1341846323.305946 -0.229318276 -0.312361062 0.045092504 0.095490724 0.041659880 0.010611983 0.994501531
1341846323.342027 -0.204598755 -0.327962220 0.050363671 0.093232065 0.041934770 0.008787098 0.994722068
1341846323.374048 -0.228515610 -0.335084021 0.052452687 0.093823127 0.047013778 0.009472452 0.994433105
1341846323.405987 -0.240736261 -0.345478684 0.041616388 0.093994252 0.043389454 0.014563874 0.994520128
1341846323.441956 -0.225284234 -0.354294032 0.052213680 0.095268667 0.038364679 0.016652327 0.994572639
1341846323.473878 -0.220575526 -0.368844837 0.053312622 0.098595150 0.039538581 0.015263257 0.994224668
1341846323.506129 -0.228521571 -0.361093700 0.052993331 0.101376511 0.039948132 0.012614927 0.993965685
1341846323.541972 -0.220819265 -0.360056579 0.054601550 0.100245059 0.039519690 0.010201611 0.994125247
1341846323.573913 -0.196406409 -0.380467176 0.046127848 0.098579273 0.042393126 0.005048591 0.994212985
1341846323.609927 -0.212888643 -0.379744262 0.042161208 0.099075094 0.049400732 0.001464269 0.993851840
1341846323.642014 -0.225861847 -0.387276322 0.042143699 0.098078050 0.051684313 0.002083838 0.993833542
1341846323.674081 -0.226621807 -0.400228292 0.049488496 0.097997695 0.049908910 0.004448365 0.993924439
1341846323.710069 -0.224119648 -0.418072909 0.044801775 0.099320769 0.048470441 0.008066809 0.993841529
1341846323.742111 -0.224877849 -0.429453760 0.046603728 0.103608809 0.046423610 0.009442271 0.993489265
1341846323.774928 -0.225009039 -0.422396868 0.038045064 0.107552074 0.044267207 0.006639466 0.993191242
1341846323.810012 -0.220809892 -0.427477211 0.038144097 0.108653463 0.042868592 0.003207562 0.993149757
1341846323.842207 -0.218328595 -0.432802379 0.031205621 0.109698564 0.042813461 -0.001878411 0.993040621
1341846323.878019 -0.228975192 -0.445753992 0.033772890 0.110030413 0.042730890 -0.006541084 0.992987692
1341846323.909826 -0.226906538 -0.457665324 0.029121159 0.113025464 0.040962230 -0.011027899 0.992686093
1341846323.942459 -0.227881327 -0.455040127 0.034346674 0.116730019 0.040914398 -0.010949245 0.992260158
1341846323.978055 -0.239577830 -0.461588025 0.026590601 0.119293153 0.038692150 -0.010300749 0.992051363
1341846324.015934 -0.227841929 -0.464351088 0.024293264 0.122938968 0.035810050 -0.010275304 0.991714716
1341846324.047722 -0.225401506 -0.455355495 0.025385708 0.126691014 0.037196383 -0.011171537 0.991181612
1341846324.083904 -0.223550111 -0.441116899 0.036221966 0.127031893 0.038416058 -0.011798385 0.991084218
1341846324.115968 -0.220927015 -0.441555589 0.022448413 0.124802768 0.039929695 -0.012971936 0.991292894
1341846324.151967 -0.216948837 -0.436247021 0.022247389 0.124005295 0.042868081 -0.017493770 0.991200745
1341846324.183941 -0.224429011 -0.422897398 0.024874488 0.121253930 0.047654707 -0.021583602 0.991241992
1341846324.219984 -0.225898787 -0.417810827 0.022724027 0.117282234 0.049378615 -0.019985188 0.991668880
1341846324.251968 -0.229711816 -0.418238252 0.026696824 0.116436139 0.049694393 -0.020625161 0.991739750
1341846324.284052 -0.234112069 -0.403473020 0.033327799 0.117431276 0.049195528 -0.021160603 0.991635978
1341846324.319880 -0.239865169 -0.388298839 0.042862475 0.116189755 0.045687530 -0.021591967 0.991940737
1341846324.351917 -0.234654397 -0.374052852 0.041498046 0.113053873 0.042164944 -0.022952333 0.992428422
1341846324.388001 -0.223224759 -0.364742607 0.037474364 0.108656265 0.041752204 -0.026135614 0.992858231
1341846324.419908 -0.228532404 -0.352389127 0.046336967 0.103856072 0.044178754 -0.029119333 0.993183851
1341846324.452027 -0.233891979 -0.350115567 0.050060976 0.099157684 0.044750754 -0.029144181 0.993637621
1341846324.487928 -0.236598700 -0.343037307 0.049599782 0.097709835 0.044514745 -0.027061164 0.993850529
1341846324.519985 -0.247685641 -0.336645097 0.052588094 0.096596390 0.043075923 -0.022115624 0.994145095
1341846324.556001 -0.245239139 -0.318231940 0.054814614 0.095622107 0.037800137 -0.017859625 0.994539380
1341846324.587888 -0.241176337 -0.307712674 0.055882487 0.092088223 0.034437500 -0.015434414 0.995035470
1341846324.620086 -0.242182180 -0.304188401 0.055254642 0.089326620 0.032131247 -0.017926054 0.995322585
1341846324.655955 -0.234459221 -0.291694224 0.052780677 0.088090986 0.030497393 -0.018574737 0.995472193
1341846324.688082 -0.239892051 -0.288740277 0.060763109 0.087386757 0.031043086 -0.018113500 0.995525897
1341846324.755922 -0.254151940 -0.253588259 0.059133720 0.089247517 0.028327417 -0.014632450 0.995499074
1341846324.814016 -0.234077960 -0.218866438 0.050242908 0.084528863 0.021574635 -0.016747560 0.996046662
1341846324.849979 -0.246264949 -0.212571636 0.061619435 0.078593411 0.025446348 -0.019129714 0.996398330
1341846324.881924 -0.252439529 -0.209191352 0.067195930 0.075524256 0.024443926 -0.018840108 0.996666253
1341846324.913902 -0.247861788 -0.200311691 0.065831661 0.074548885 0.022784822 -0.015768910 0.996832311
1341846324.949999 -0.250354141 -0.204514667 0.069925450 0.074843809 0.022752747 -0.012774423 0.996853828
1341846324.981922 -0.261282116 -0.197305590 0.077677377 0.079657920 0.020864556 -0.009621070 0.996557415
1341846325.018013 -0.262078166 -0.186088517 0.074528068 0.083848923 0.015754214 -0.007707768 0.996324122
1341846325.050079 -0.262979478 -0.171319395 0.062189560 0.085543782 0.010717903 -0.008691124 0.996238887
1341846325.081901 -0.260790795 -0.147418201 0.065229252 0.085465215 0.005482219 -0.010468799 0.996271074
1341846325.118531 -0.249814272 -0.135133252 0.059171114 0.081151798 0.003235314 -0.012576677 0.996617138
1341846325.149933 -0.252342582 -0.135639638 0.067782886 0.075236954 0.005851307 -0.014290788 0.997046113
1341846325.181925 -0.256090343 -0.131920740 0.065515116 0.071792908 0.007089227 -0.011737205 0.997325301
1341846325.218055 -0.256778032 -0.126581669 0.073514320 0.069201432 0.007231993 -0.007557875 0.997547865
1341846325.249811 -0.258519560 -0.114768550 0.078015871 0.067774959 0.007251355 -0.003686632 0.997667491
1341846325.285925 -0.255174369 -0.104089245 0.075100198 0.065355144 0.006494517 -0.000463955 0.997840822
1341846325.317988 -0.241874680 -0.112929724 0.076387458 0.062293127 0.007971360 0.002055756 0.998023927
1341846325.349844 -0.247943193 -0.114190452 0.079235211 0.065346397 0.013409831 0.004052249 0.997764289
1341846325.387302 -0.246070042 -0.101947024 0.082943752 0.070428684 0.015818866 0.006568872 0.997369766
1341846325.417931 -0.234347671 -0.090576045 0.082330644 0.073635176 0.020221381 0.009855737 0.997031510
1341846325.450747 -0.229191631 -0.096750811 0.083087899 0.078199141 0.028083267 0.010779318 0.996483862
1341846325.485954 -0.247358978 -0.077550560 0.091531128 0.087590709 0.036011860 0.012238576 0.995430171
1341846325.517875 -0.248933673 -0.068502881 0.089366443 0.091208033 0.038569149 0.014396061 0.994980574
1341846325.553859 -0.248392954 -0.064176649 0.087447040 0.094071925 0.042079374 0.014002539 0.994577169
1341846325.585855 -0.254136413 -0.045422234 0.093175553 0.096845910 0.045450054 0.011959786 0.994189203
1341846325.617990 -0.255100906 -0.027560337 0.088072293 0.094099626 0.047068156 0.011008355 0.994388580
1341846325.653982 -0.260808587 -0.041271280 0.093396127 0.090401091 0.049518168 0.008703382 0.994635582
1341846325.685819 -0.259171754 -0.039621163 0.092772059 0.095674515 0.050619893 0.010244514 0.994071960
1341846325.717857 -0.266063303 -0.024321971 0.100230239 0.101051815 0.052205216 0.016307615 0.993376672
1341846325.754083 -0.267370641 -0.025786506 0.095893301 0.103633776 0.052173067 0.020683523 0.993030787
1341846325.786087 -0.257079929 -0.018903458 0.101913132 0.110461138 0.051537681 0.022358123 0.992291451
1341846325.821856 -0.260205060 0.000745425 0.099010311 0.114953205 0.053518899 0.023271628 0.991655171
1341846325.853827 -0.272302508 0.007037597 0.101162761 0.115676157 0.055203956 0.026094450 0.991408408
1341846325.885958 -0.279889226 0.020365451 0.098459177 0.116677657 0.052619010 0.031972002 0.991259456
1341846325.921984 -0.275566906 0.023639670 0.104001142 0.115739547 0.048605029 0.036401708 0.991421640
1341846325.953899 -0.265056789 0.023615738 0.108248971 0.118259892 0.048308827 0.037678882 0.991090894
1341846325.985823 -0.270169735 0.039548788 0.110017180 0.121816806 0.051595461 0.041356519 0.990347564
1341846326.021991 -0.275747389 0.041521471 0.110052563 0.124624133 0.051819351 0.047193930 0.989725411
1341846326.054055 -0.269461066 0.050481364 0.108865321 0.129687011 0.050585221 0.050515242 0.988974571
1341846326.089984 -0.264363825 0.069400638 0.110586897 0.132535994 0.052024890 0.049974065 0.988549531
1341846326.121822 -0.266699553 0.080384560 0.117700972 0.132078692 0.056489713 0.047747556 0.988475740
1341846326.154079 -0.268523961 0.081571952 0.127369165 0.132410198 0.058929630 0.046652887 0.988341212
1341846326.190178 -0.273707837 0.092645288 0.124875598 0.134957775 0.058653902 0.048710082 0.987913668
1341846326.222162 -0.276643276 0.111036807 0.122339338 0.134945422 0.056838389 0.055017050 0.987690389
1341846326.259181 -0.276404887 0.122743197 0.129471287 0.132147551 0.054301385 0.058589984 0.988005877
1341846326.322766 -0.270660907 0.144922972 0.140529200 0.124987282 0.053738631 0.057916254 0.989007592
1341846326.359773 -0.269731015 0.148892716 0.137426674 0.120868057 0.055303823 0.055960402 0.989545763
1341846326.392109 -0.266740710 0.140075117 0.141859159 0.118506260 0.057036351 0.056607526 0.989696264
1341846326.423985 -0.273138642 0.145508006 0.145140886 0.122942217 0.058244258 0.061575964 0.988787770
1341846326.459869 -0.275577933 0.164585888 0.148805976 0.125894651 0.055638388 0.065111697 0.988339722
1341846326.526163 -0.260333627 0.198369727 0.154121175 0.126449466 0.056221347 0.064663477 0.988265336
1341846326.560211 -0.261433244 0.204230845 0.165337265 0.121251754 0.060145941 0.065147102 0.988653779
1341846326.591828 -0.261425078 0.209146768 0.167244792 0.118220851 0.062049758 0.066808335 0.988792360
1341846326.627027 -0.261489511 0.221993372 0.165715337 0.118198410 0.063897491 0.065659963 0.988754272
1341846326.658442 -0.260441542 0.240169138 0.168919608 0.116440535 0.067550525 0.064444527 0.988799989
1341846326.694856 -0.264933079 0.250311285 0.174318314 0.112543948 0.071261071 0.064979844 0.988955677
1341846326.726206 -0.261916190 0.266754925 0.174914196 0.107343763 0.072247036 0.063164167 0.989579678
1341846326.762753 -0.261237592 0.277941704 0.171081781 0.100826591 0.074896455 0.060978521 0.990205109
1341846326.826821 -0.262087166 0.320676118 0.175841093 0.087396607 0.080741920 0.057704180 0.991217852
1341846326.858887 -0.263868153 0.312331229 0.184324250 0.078063630 0.082287706 0.056933235 0.991914034
1341846326.895360 -0.265161037 0.309480458 0.187187463 0.075280190 0.081673488 0.058828127 0.992069364
1341846326.926897 -0.268320560 0.309256732 0.202982739 0.076873317 0.078512505 0.059623387 0.992154896
1341846326.958888 -0.265698373 0.327425271 0.198957115 0.080404140 0.076022975 0.062139723 0.991914451
1341846326.994594 -0.264785588 0.342961073 0.197452098 0.081546970 0.076601088 0.063888140 0.991665602
1341846327.026301 -0.263499975 0.356310844 0.195532873 0.079784878 0.077770725 0.063269034 0.991757631
1341846327.063945 -0.260131299 0.358394295 0.200515583 0.075829707 0.080052882 0.059929233 0.992093682
1341846327.094662 -0.261187553 0.365494311 0.207077295 0.075012460 0.082613759 0.057565253 0.992085874
1341846327.128901 -0.263669103 0.375116348 0.207806513 0.074497432 0.082647488 0.056966208 0.992156446
1341846327.161940 -0.261687994 0.390097171 0.208790243 0.073793188 0.081294455 0.056719173 0.992334962
1341846327.193867 -0.238859192 0.388856471 0.232366771 0.072606668 0.081983909 0.055664022 0.992425561
1341846327.229885 -0.252201974 0.408527195 0.214103818 0.073733486 0.085806385 0.052621953 0.992185235
1341846327.262014 -0.229295716 0.416529447 0.231944740 0.073118165 0.088582367 0.050539866 0.992095053
1341846327.294023 -0.250586748 0.419601619 0.225410372 0.075113840 0.103835285 0.043668687 0.990792215
1341846327.330015 -0.258496791 0.438685179 0.198811725 0.077319317 0.112722717 0.040027332 0.989804566
1341846327.361939 -0.247825310 0.459005773 0.222999260 0.075910509 0.117445879 0.035485309 0.989537716
1341846327.393887 -0.244818419 0.469431907 0.224295959 0.074591920 0.119315296 0.030076742 0.989593506
1341846327.429966 -0.251152784 0.498621881 0.237857223 0.074332826 0.119290404 0.031250000 0.989579618
1341846327.461965 -0.272117078 0.500787437 0.227172777 0.063957788 0.117052794 0.027675461 0.990677595
1341846327.497931 -0.252640188 0.506572068 0.235637784 0.059569556 0.113506965 0.027078096 0.991380036
1341846327.530068 -0.276140422 0.508600891 0.231250331 0.056760941 0.117318168 0.027633803 0.991085768
1341846327.561895 -0.267241567 0.526933491 0.245725393 0.057182334 0.113488123 0.034520034 0.991291583
1341846327.598010 -0.271027476 0.528349280 0.246763676 0.058214728 0.110376805 0.038973097 0.991417706
1341846327.629945 -0.284233838 0.544210434 0.243798777 0.058092661 0.106720224 0.036724068 0.991910994
1341846327.662003 -0.271106213 0.551525354 0.257941544 0.058531351 0.102541946 0.036234785 0.992343843
1341846327.730075 -0.274233222 0.591580153 0.252706885 0.058106367 0.100605629 0.035242740 0.992602706
1341846327.766017 -0.272746325 0.594923139 0.256803602 0.052868500 0.099890098 0.037375644 0.992889702
1341846327.797917 -0.271691144 0.615855634 0.259045064 0.049899694 0.099389762 0.039259586 0.993020833
1341846327.830054 -0.263248712 0.629695952 0.262753904 0.043397810 0.097638331 0.042966522 0.993346512
1341846327.865944 -0.263535976 0.625498056 0.261065245 0.037397459 0.099615514 0.040375784 0.993502855
1341846327.898010 -0.274711668 0.640279293 0.266452968 0.035720080 0.101627775 0.041501246 0.993314385
1341846328.802331 -0.243861169 0.314935952 0.194397748 0.065232813 0.066514365 0.019846434 0.995453000
1341846328.838051 -0.239252001 0.296941280 0.204588786 0.068995483 0.064063020 0.016446769 0.995422065
1341846328.869939 -0.245009497 0.297178268 0.177733719 0.069171809 0.063742183 0.016076570 0.995436430
1341846328.904486 -0.249271482 0.281597883 0.190819100 0.065125540 0.061738949 0.013314997 0.995876372
1341846328.939814 -0.230260074 0.250166982 0.192515105 0.066901930 0.056590129 0.014679424 0.996045291
1341846328.970217 -0.225217745 0.257590503 0.164216310 0.071405463 0.055353992 0.016532976 0.995773017
1341846329.006232 -0.237705469 0.237886831 0.182684451 0.072296165 0.053372368 0.021435479 0.995723426
1341846329.038243 -0.231050134 0.211937994 0.180854753 0.074669309 0.051713008 0.022579238 0.995610595
1341846329.106125 -0.230454266 0.213380948 0.168089360 0.078622617 0.051883765 0.020142132 0.995349646
1341846329.138340 -0.229562417 0.194852382 0.169729128 0.079447277 0.050913915 0.018371357 0.995368481
1341846329.169991 -0.229219481 0.195768446 0.164730072 0.081873909 0.049699906 0.017158817 0.995254815
1341846329.208656 -0.229136825 0.183102593 0.153919667 0.081587940 0.049085997 0.016033305 0.995327532
1341846329.238169 -0.226596639 0.183703855 0.147714317 0.081532843 0.047687281 0.016652355 0.995389879
1341846329.273827 -0.227655500 0.167379856 0.148201883 0.079306580 0.047001034 0.017274406 0.995591760
1341846329.306052 -0.227996394 0.165302157 0.143807605 0.079749085 0.044413403 0.016282739 0.995691955
1341846329.338104 -0.218937531 0.169951528 0.146479055 0.077296756 0.041925669 0.014918339 0.996014535
1341846329.373907 -0.220657662 0.145402297 0.144914284 0.072491676 0.041531332 0.012716272 0.996422827
1341846329.405985 -0.225945711 0.131310448 0.134857535 0.073076017 0.040716041 0.009659547 0.996448100
1341846329.442057 -0.219011471 0.134189412 0.138044104 0.073128387 0.039530125 0.007020258 0.996514082
1341846329.473950 -0.219693705 0.118747614 0.135368854 0.071292691 0.038392182 0.001463651 0.996715248
1341846329.506147 -0.219062254 0.114560567 0.134246662 0.071590081 0.036393940 -0.000894931 0.996769547
1341846329.542121 -0.223318785 0.103017688 0.132994279 0.069687702 0.033529039 -0.000965371 0.997004747
1341846329.574086 -0.219220087 0.083130896 0.126734838 0.071386740 0.031197205 -0.003050911 0.996956050
1341846329.606387 -0.219348863 0.084575810 0.122648537 0.074288428 0.030814331 -0.004461109 0.996750593
1341846329.641955 -0.223904118 0.082743995 0.119268060 0.074322551 0.029971663 -0.004097928 0.996775329
1341846329.681570 -0.224683940 0.068698563 0.118013181 0.073115729 0.026906505 -0.004054914 0.996952176
1341846329.748113 -0.217663616 0.064698219 0.113872804 0.075447038 0.026360195 -0.006323332 0.996781230
1341846329.810175 -0.220478565 0.039171141 0.112940535 0.073162742 0.029761562 -0.001615998 0.996874511
1341846329.842255 -0.220979258 0.030902307 0.110369936 0.074796602 0.029889865 0.001440491 0.996749699
1341846329.874044 -0.222610027 0.023559971 0.112011969 0.076674335 0.029868955 0.004820845 0.996597052
1341846329.910073 -0.229339421 0.027294934 0.102195188 0.077037975 0.030101234 0.006376852 0.996553302
1341846329.942009 -0.229805171 0.024890661 0.107064910 0.072767124 0.029510157 0.012524608 0.996833622
1341846329.978087 -0.230458334 -0.000128787 0.104094028 0.069988668 0.029328763 0.013277726 0.997028172
1341846330.016305 -0.225379720 0.008275683 0.101369210 0.072305493 0.029945554 0.011084017 0.996871293
1341846330.048192 -0.232610360 0.016599124 0.096927643 0.069324426 0.031930815 0.012890043 0.996999681
1341846330.080418 -0.230338514 -0.007216204 0.100712001 0.063898198 0.031582501 0.015214271 0.997340500
1341846330.115886 -0.229003116 -0.021768885 0.099624157 0.066404954 0.032982964 0.016348504 0.997113466
1341846330.147839 -0.234875485 -0.007084353 0.094414778 0.069638811 0.033443313 0.017553506 0.996856987
1341846330.181257 -0.235679626 0.009338978 0.089594200 0.066034958 0.032739516 0.021246033 0.997053683
1341846330.215852 -0.233202189 -0.009938220 0.091713607 0.058611464 0.033635147 0.020496711 0.997503519
1341846330.247833 -0.237608045 -0.015518381 0.093375809 0.056580517 0.034396850 0.020024804 0.997604370
1341846330.283913 -0.241092816 0.000286809 0.089732461 0.054152306 0.034045871 0.020008383 0.997751534
1341846330.316011 -0.241721094 -0.017813118 0.094001308 0.046691589 0.033134885 0.020431316 0.998150587
1341846330.347868 -0.241491318 -0.025991470 0.092876770 0.044261787 0.031378519 0.019417763 0.998338223
1341846330.383835 -0.238401160 -0.028740657 0.091850370 0.042462278 0.030753015 0.020014064 0.998424113
1341846330.415934 -0.242769271 -0.044541802 0.093369290 0.041106246 0.032103684 0.018178372 0.998473406
1341846330.452561 -0.242828801 -0.044187792 0.092272051 0.044243608 0.031341620 0.017094471 0.998382688
1341846330.483903 -0.250294000 -0.038983416 0.085295126 0.044661809 0.030023832 0.019499224 0.998360515
1341846330.515970 -0.249489382 -0.048249841 0.086878590 0.043007053 0.027656164 0.022628577 0.998435497
1341846330.552099 -0.246093169 -0.050882086 0.087446645 0.044461004 0.026087742 0.024936957 0.998359025
1341846330.583876 -0.252000898 -0.041870914 0.082100801 0.044375747 0.026177974 0.025201764 0.998353839
1341846330.619992 -0.252112925 -0.031180695 0.078797936 0.040561199 0.024582280 0.025207197 0.998556495
1341846330.652136 -0.253352761 -0.043456413 0.074688129 0.033360735 0.022946676 0.024519308 0.998879015
1341846330.683796 -0.253037333 -0.045817606 0.075475700 0.028803170 0.023397364 0.022899622 0.999048829
1341846330.719991 -0.256949753 -0.061191410 0.068666935 0.025503252 0.021449707 0.023726728 0.999162912
1341846330.752103 -0.262838572 -0.061965324 0.067853488 0.027505916 0.017446201 0.028106593 0.999074101
1341846330.787952 -0.265329629 -0.051973663 0.054349333 0.029051932 0.013346767 0.030363636 0.999027491
1341846330.819823 -0.267183453 -0.054206979 0.055031531 0.028585592 0.008762719 0.031740785 0.999048889
1341846330.852208 -0.265172631 -0.048690151 0.056375299 0.028495798 0.006690156 0.032742355 0.999035120
1341846330.914111 -0.272491515 -0.040890317 0.051484130 0.019225122 0.003699021 0.032615401 0.999276221
1341846331.218151 -0.291099578 -0.036506053 0.026808854 0.021889951 -0.014687747 0.028794684 0.999237716
1341846331.249914 -0.285316080 -0.046367355 0.033773817 0.018775165 -0.016783120 0.027839405 0.999295175
1341846331.318141 -0.263198018 -0.037816759 0.006227701 0.029377528 -0.008668899 0.024195652 0.999237895
1341846331.382003 -0.232969835 -0.065886125 0.063188471 0.029884564 -0.001384999 0.023378644 0.999278963
1341846331.418008 -0.251241505 -0.054011010 0.045698892 0.037578188 0.010038744 0.021478750 0.999012411
1341846331.450327 -0.258508801 -0.043630593 0.051228855 0.040179297 0.015572404 0.021524742 0.998839259
1341846331.486219 -0.267681807 -0.037414238 0.060535092 0.040503182 0.018400153 0.021773957 0.998772681
1341846331.518344 -0.254934579 -0.039395507 0.064333923 0.039223578 0.018068861 0.021766627 0.998829901
1341846331.550202 -0.248646036 -0.048877362 0.068890519 0.040669341 0.022532452 0.020188317 0.998714566
1341846331.586139 -0.260687053 -0.031436466 0.077737384 0.044435695 0.024761949 0.020828249 0.998488069
1341846331.617931 -0.253981113 -0.029361472 0.084273204 0.043429710 0.024295600 0.020951562 0.998541236
1341846331.654027 -0.243499994 -0.037812151 0.092744865 0.043389864 0.026295912 0.021756139 0.998475075
1341846331.686123 -0.251367718 -0.026439654 0.096181266 0.046662230 0.029560030 0.023134720 0.998205185
1341846331.717954 -0.256975502 -0.013893971 0.105041444 0.044407841 0.029030219 0.023358822 0.998318374
1341846331.754076 -0.242492720 -0.031041052 0.116387203 0.040720794 0.028530082 0.022637459 0.998506606
1341846331.785920 -0.243216276 -0.031330042 0.126760647 0.043593451 0.031762268 0.020726169 0.998329222
1341846331.818053 -0.244804636 -0.018224189 0.140991703 0.044934426 0.033638485 0.021215359 0.998198032
1341846331.853849 -0.241327450 -0.027087407 0.148023069 0.042898424 0.033693813 0.020712920 0.998296261
1341846331.885987 -0.233513549 -0.029849673 0.157735750 0.045596249 0.035886943 0.018180072 0.998149574
1341846331.922014 -0.238835633 -0.022378573 0.167339712 0.047566790 0.039965574 0.015804214 0.997943103
1341846331.954037 -0.230207920 -0.020941945 0.176817119 0.047922228 0.041682817 0.017764660 0.997822821
1341846331.986135 -0.220070928 -0.033651058 0.182309747 0.049255628 0.046365969 0.019377371 0.997521222
1341846332.022364 -0.229527965 -0.035659365 0.200763121 0.055989750 0.052666966 0.017980944 0.996879160
1341846332.054175 -0.235215202 -0.033966608 0.202621698 0.062317528 0.053315569 0.018524040 0.996459126
1341846332.086502 -0.230187789 -0.024863806 0.228288233 0.066056646 0.052557301 0.021681657 0.996194839
1341846332.122051 -0.231753200 -0.020999467 0.240113094 0.067867175 0.053922515 0.020458518 0.996026039
1341846332.153983 -0.235900000 -0.003497069 0.255870312 0.067109168 0.053684220 0.018183202 0.996134400
1341846332.190165 -0.236358136 -0.006371318 0.266234785 0.060307406 0.052483279 0.015863935 0.996672928
1341846332.254145 -0.235079348 -0.026464872 0.294079900 0.059184294 0.052678108 0.014249806 0.996754289
1341846332.289948 -0.184432477 -0.027671050 0.304888219 0.061135367 0.051099513 0.014336251 0.996717513
1341846332.322172 -0.201278567 -0.045337636 0.352942646 0.061890382 0.051133953 0.016620016 0.996633708
1341846332.354003 -0.216152638 -0.029572008 0.319218904 0.064074971 0.052319407 0.016034639 0.996443689
1341846332.390180 -0.229224667 -0.023512760 0.312438607 0.065761693 0.057321198 0.012864619 0.996104479
1341846332.422055 -0.244934916 -0.019988997 0.315876842 0.063673884 0.060810219 0.009035928 0.996075332
1341846332.458114 -0.261340916 -0.008143321 0.309922218 0.062975399 0.063418970 0.005624156 0.995982170
1341846332.489993 -0.231196448 -0.013161846 0.355040878 0.064579114 0.064712524 0.006192558 0.995792866
1341846332.522130 -0.239906728 -0.009285457 0.367703408 0.064305067 0.062071122 0.010546263 0.995942175
1341846332.558114 -0.227347970 -0.010384075 0.395078659 0.064891174 0.055654585 0.018671682 0.996164203
1341846332.589874 -0.222384572 0.000851783 0.389927626 0.065394834 0.052406084 0.023287013 0.996210277
1341846332.621889 -0.223271549 0.004287560 0.389924645 0.061094757 0.052709196 0.024621248 0.996435165
1341846332.658202 -0.268994212 0.003053190 0.365142971 0.056746878 0.053915139 0.025722452 0.996599853
1341846332.690001 -0.219516933 0.005053989 0.415374637 0.055279423 0.054585099 0.023635004 0.996697545
1341846332.726000 -0.212411538 0.001719079 0.432041496 0.054764051 0.052866492 0.029995836 0.996647477
1341846332.758386 -0.193184584 0.001365464 0.449581712 0.055721406 0.048476398 0.033079430 0.996720076
1341846332.789937 -0.184346408 0.010933360 0.460571498 0.055657554 0.048997492 0.031433638 0.996751428
1341846332.825925 -0.186058715 0.008879900 0.467809796 0.052717552 0.051969741 0.028407991 0.996851504
1341846332.857898 -0.181894630 0.006594132 0.473525852 0.053487469 0.052777659 0.029448017 0.996737897
1341846332.894069 -0.181298777 0.019116348 0.488295794 0.054321889 0.053167056 0.029211197 0.996679008
1341846332.926029 -0.170529842 0.023628091 0.496385276 0.051039655 0.052633423 0.027700428 0.996923923
1341846332.958015 -0.194527522 0.020843420 0.475682795 0.046341091 0.058055006 0.019849950 0.997039676
1341846332.994073 -0.182162881 0.025564834 0.488006949 0.044262465 0.057723463 0.021355215 0.997122288
1341846333.026545 -0.180329189 0.026798898 0.498118997 0.041463699 0.059127823 0.017666074 0.997232437
1341846333.094024 -0.167691737 0.026392022 0.510972559 0.040825021 0.062051676 0.022516062 0.996983409
1341846333.161973 -0.155583635 0.035851762 0.519971788 0.040827796 0.065486930 0.026416127 0.996667802
1341846333.195660 -0.154156134 0.036696129 0.532175481 0.038314406 0.067913823 0.028091004 0.996559381
1341846333.226331 -0.154611930 0.034260828 0.536840320 0.036894426 0.068508394 0.029360855 0.996535659
1341846333.262056 -0.155770004 0.042224649 0.532780826 0.034040879 0.069482908 0.026321687 0.996654630
1341846333.294147 -0.146937162 0.040509667 0.548713326 0.030414153 0.068171173 0.027389746 0.996833742
1341846334.234097 -0.174707815 0.034082040 0.477098286 0.041960854 0.071603216 0.018316021 0.996381819
1341846334.297946 -0.186912030 0.031293478 0.464573026 0.042975694 0.072059646 0.020597618 0.996261120
1341846334.540153 -0.210243687 0.032940827 0.419382960 0.040741958 0.066858925 0.018464118 0.996759295
1341846335.037880 -0.270111442 0.029360006 0.277486831 0.028852362 0.042849261 0.011732843 0.998595953
1341846335.069990 -0.272601217 0.032671597 0.274113148 0.029337533 0.040306568 0.011089826 0.998695016
1341846335.106038 -0.268687665 0.030524550 0.264172852 0.029479846 0.040746648 0.009962432 0.998684824
1341846335.138045 -0.274671584 0.027666686 0.257085830 0.030927673 0.041914787 0.009419159 0.998597980
1341846335.169900 -0.281974882 0.031136500 0.242820442 0.031168407 0.039638642 0.009086372 0.998686492
1341846335.206091 -0.280263305 0.030662728 0.234762788 0.030275911 0.037404854 0.007655918 0.998812079
1341846335.269948 -0.284633011 0.026757026 0.220827222 0.031481285 0.039848477 0.003985491 0.998701751
1341846335.305972 -0.288428932 0.024512392 0.202030048 0.033373699 0.038395952 0.004100510 0.998696685
1341846335.406025 -0.285888761 0.018936653 0.175936058 0.045951389 0.040518969 0.007941793 0.998089969
1341846335.438079 -0.292885512 0.024165552 0.163783550 0.051387146 0.041624103 0.011373931 0.997746170
1341846335.473998 -0.313816309 0.018945832 0.132170886 0.053005897 0.042930614 0.012971025 0.997586608
1341846335.507038 -0.290171772 0.032605737 0.149590433 0.054765992 0.045432899 0.009954033 0.997415364
1341846335.538040 -0.298952043 0.037715033 0.136110038 0.054384641 0.048341203 0.007194819 0.997323275
1341846335.574119 -0.304442286 0.044270389 0.130111769 0.052386660 0.048306230 0.008279295 0.997423470
1341846335.605970 -0.306867898 0.032886695 0.122204110 0.049468070 0.047299627 0.008470746 0.997619092
1341846335.641978 -0.309830129 0.036420196 0.124809302 0.051312730 0.048341591 0.006385347 0.997491539
1341846335.673993 -0.303233057 0.042876553 0.100528844 0.050932452 0.049131848 0.004631801 0.997482061
1341846335.706178 -0.310765684 0.054992426 0.101971805 0.051015999 0.048093960 0.005482669 0.997524083
1341846335.741982 -0.284268618 0.033711247 0.085140571 0.050726607 0.046417244 0.005748838 0.997616768
1341846335.773960 -0.315182745 0.039562631 0.067649558 0.051135633 0.048226785 0.005151352 0.997513294
1341846335.806271 -0.317141593 0.045133773 0.053105380 0.049438335 0.047670126 0.004716287 0.997627795
1341846335.842031 -0.315235704 0.037993394 0.045169264 0.046777286 0.048022542 0.005888549 0.997732937
1341846335.873966 -0.312220871 0.039824661 0.048410989 0.047718588 0.049251638 0.004852764 0.997634053
1341846335.910005 -0.318231165 0.049422901 0.042241570 0.048329342 0.049953185 0.005457766 0.997566640
1341846335.941936 -0.308950245 0.071961179 0.031920433 0.048156202 0.047450140 0.007541827 0.997683644
1341846335.974198 -0.299412996 0.076074146 0.033258472 0.048170909 0.045989767 0.005616608 0.997763991
1341846336.010032 -0.326629609 0.068001725 -0.002532900 0.047118872 0.046913769 0.004567722 0.997776568
1341846336.042129 -0.336334676 0.061936475 -0.005687044 0.046072748 0.046199612 0.004820635 0.997857511
1341846336.078076 -0.340261132 0.041367173 -0.019775292 0.045136690 0.044337705 0.003884662 0.997988820
1341846336.110739 -0.320620656 0.057110485 -0.013006621 0.046442818 0.043067329 0.002327377 0.997989416
1341846336.142002 -0.353809744 0.043545302 -0.039021697 0.045714781 0.044495009 0.002707342 0.997959435
1341846336.183953 -0.357146770 0.051222261 -0.031096568 0.046193339 0.042098247 0.003562720 0.998038650
1341846336.241891 -0.359596729 0.053655397 -0.052528221 0.043982703 0.041080955 0.003327442 0.998181760
1341846336.277946 -0.366050065 0.047050387 -0.063340567 0.044005543 0.041642047 0.005745272 0.998146534
1341846336.309977 -0.370971918 0.046536725 -0.072767057 0.046767954 0.039324153 0.007749862 0.998101354
1341846336.346143 -0.370577812 0.052574120 -0.082913257 0.048950255 0.037853986 0.009335459 0.998040020
1341846336.377975 -0.370242149 0.051732205 -0.088816702 0.049605533 0.037866309 0.008784132 0.998012185
1341846336.410032 -0.376560122 0.055326171 -0.097843565 0.050727509 0.038911499 0.008480448 0.997918189
1341846336.446041 -0.379320174 0.056981731 -0.106265418 0.050453044 0.038288984 0.008671648 0.997954547
1341846336.477990 -0.379697055 0.059104964 -0.113390602 0.049344588 0.038018450 0.008682452 0.998020172
1341846336.510056 -0.385105640 0.059284806 -0.113309845 0.049619030 0.038774729 0.009169190 0.997973144
1341846336.546024 -0.367156029 0.057266980 -0.109485827 0.050796818 0.038405035 0.009764628 0.997922540
1341846336.578003 -0.397075266 0.057185575 -0.146185830 0.050418071 0.038873821 0.012017028 0.997898996
1341846336.614020 -0.383369714 0.055141602 -0.132052034 0.049706016 0.038555298 0.011912161 0.997948349
1341846336.645982 -0.392184436 0.067094512 -0.143449619 0.049085513 0.040622868 0.010803373 0.997909606
1341846336.678036 -0.394492596 0.063933060 -0.161109269 0.047063079 0.038916267 0.011579532 0.998066366
1341846336.714024 -0.395369679 0.057232607 -0.155843839 0.048107997 0.036433436 0.011293761 0.998113573
1341846336.746016 -0.399541557 0.058413200 -0.164567679 0.052096628 0.034481063 0.013900251 0.997949779
1341846336.778014 -0.390650719 0.061547659 -0.158420146 0.055144120 0.031311978 0.014021120 0.997888803
1341846336.820006 -0.361261934 0.064434201 -0.183288276 0.055496663 0.025908869 0.017328285 0.997972250
1341846336.882056 -0.361844897 0.066997834 -0.176963300 0.058412291 0.023882415 0.015026905 0.997893691
1341846336.914273 -0.412940800 0.061589975 -0.188012704 0.060377456 0.021333717 0.017933711 0.997786462
1341846336.945998 -0.410352081 0.041497607 -0.158083752 0.066354960 0.013329888 0.022942966 0.997443199
1341846336.981980 -0.419280976 0.074198000 -0.211985737 0.070598029 0.010260317 0.018552188 0.997279525
1341846337.014238 -0.426417053 0.100513980 -0.216143817 0.068632148 0.007789362 0.017373320 0.997460306
1341846337.046017 -0.408358961 0.084921889 -0.215639293 0.065559536 0.005974785 0.012334784 0.997754514
1341846337.082104 -0.419685096 0.083836913 -0.230989620 0.064455353 0.006189344 0.009260848 0.997858405
1341846337.114317 -0.406113684 0.083370812 -0.252695054 0.062239263 0.003254433 0.009063078 0.998014808
1341846337.150037 -0.427753657 0.078632541 -0.204638973 0.061174769 0.002051316 0.007819721 0.998094320
1341846337.181873 -0.406413257 0.080366217 -0.210104316 0.060404748 0.001154817 0.005263132 0.998159409
1341846337.214073 -0.426301628 0.086038299 -0.222568020 0.058439128 0.003671303 0.002725709 0.998280466
1341846337.250087 -0.439530313 0.069000989 -0.238019437 0.054580308 0.002908944 0.003982105 0.998497188
1341846337.282028 -0.431627423 0.072582915 -0.233057052 0.056210771 -0.001753299 0.007271484 0.998390913
1341846337.317920 -0.422117770 0.077917449 -0.232992023 0.056020159 -0.003797703 0.008059104 0.998389900
1341846337.350018 -0.423495620 0.079455391 -0.244997516 0.054662488 -0.003287682 0.008484427 0.998463392
1341846337.382159 -0.418843359 0.070847698 -0.242255211 0.051304385 -0.003326586 0.006966441 0.998653233
1341846337.417941 -0.431844026 0.067507081 -0.239345342 0.051887296 -0.001608101 0.006178209 0.998632550
1341846337.450137 -0.432615042 0.073741518 -0.250910699 0.052965846 -0.003585808 0.007593314 0.998561025
1341846337.482096 -0.431542188 0.072035424 -0.250229597 0.051372364 -0.003856924 0.008181319 0.998638630
1341846337.518008 -0.431688011 0.072042920 -0.246379569 0.052343115 -0.004326267 0.008075377 0.998587132
1341846337.549978 -0.436154664 0.075861752 -0.258265227 0.052752286 -0.004814590 0.006479146 0.998574972
1341846337.585971 -0.436938345 0.072845854 -0.255289793 0.049707614 -0.004948603 0.005309098 0.998737454
1341846337.617903 -0.432338566 0.063959785 -0.247658297 0.050577920 -0.005845182 0.005539136 0.998687625
1341846337.650141 -0.431974024 0.071357846 -0.256631553 0.053465933 -0.006313753 0.005423469 0.998534977
1341846337.686352 -0.427703053 0.075273179 -0.252995729 0.051985577 -0.006375344 0.006179444 0.998608351
1341846337.718002 -0.425839245 0.075869516 -0.248260990 0.049970485 -0.005907386 0.006180142 0.998714089
1341846337.749920 -0.419494569 0.081492878 -0.246644884 0.050175782 -0.004717065 0.005665806 0.998713195
1341846337.786157 -0.413972288 0.149379805 -0.231213436 0.050125808 -0.002448341 0.007375464 0.998712659
1341846337.817945 -0.420637727 0.081164047 -0.234416738 0.044686344 0.000738568 0.006674084 0.998978496
1341846337.854071 -0.411752433 0.083948821 -0.228688613 0.043691181 0.003350790 0.006792577 0.999016404
1341846337.885951 -0.417400271 0.088447496 -0.224804327 0.040657207 0.006338545 0.004928404 0.999140918
1341846337.918223 -0.409133464 0.089451954 -0.211473629 0.036492936 0.007078166 0.003048581 0.999304175
1341846337.954120 -0.414217710 0.085502639 -0.211910084 0.033806011 0.009077280 0.002167610 0.999384820
1341846337.985994 -0.411780000 0.092773087 -0.210344359 0.031458441 0.009794337 0.002956991 0.999452710
1341846338.018107 -0.408635706 0.089158759 -0.199268043 0.027975135 0.011408501 0.003752455 0.999536455
1341846338.054055 -0.405505270 0.093044668 -0.198158309 0.025642334 0.012728292 0.003015210 0.999585569
1341846338.085986 -0.400472045 0.089687631 -0.186577678 0.021910310 0.015753657 0.003252221 0.999630511
1341846338.121875 -0.400517404 0.087455772 -0.175565451 0.020156108 0.018039804 0.004953466 0.999621809
1341846338.154089 -0.399537861 0.087729312 -0.167252257 0.019472560 0.018398805 0.008698600 0.999603212
1341846338.186029 -0.397276759 0.088499419 -0.160718337 0.018457739 0.018059302 0.010722796 0.999608994
1341846338.222071 -0.389715284 0.093815006 -0.151468843 0.017524688 0.018901352 0.010090094 0.999616861
1341846338.254107 -0.384912610 0.092029490 -0.127054110 0.015834080 0.020363357 0.011070264 0.999605954
1341846338.290130 -0.389022976 0.086948141 -0.131257012 0.015877191 0.020932214 0.012570689 0.999575794
1341846338.321952 -0.389059454 0.092783742 -0.123600386 0.016395001 0.021685459 0.013924787 0.999533415
1341846338.354022 -0.382666230 0.085871860 -0.112554334 0.015449727 0.021949602 0.015129705 0.999525189
1341846338.389969 -0.384337127 0.096300200 -0.107894361 0.015590339 0.023289042 0.014911149 0.999495983
1341846338.422377 -0.385743946 0.081064045 -0.103026465 0.013042527 0.023629643 0.015507188 0.999515414
1341846338.454010 -0.377803594 0.094289094 -0.082566522 0.012934191 0.023102405 0.013425350 0.999559283
1341846338.489894 -0.374404818 0.090458408 -0.072218306 0.010967326 0.022574428 0.013736332 0.999590635
1341846338.522066 -0.374844611 0.086896107 -0.069207296 0.011479121 0.022913590 0.013912329 0.999574721
1341846338.558058 -0.377198249 0.087968633 -0.068853527 0.010700021 0.023127595 0.013089444 0.999589562
1341846338.589842 -0.367092878 0.095927477 -0.047838446 0.008798826 0.022265509 0.013430829 0.999623179
1341846338.622019 -0.381516546 0.091848530 -0.047494356 0.009547085 0.025212219 0.012865567 0.999553740
1341846338.657984 -0.367571205 0.096299484 -0.035722408 0.009900825 0.023707954 0.016399030 0.999535382
1341846338.690198 -0.357698739 0.102226816 -0.023169884 0.008346068 0.022135142 0.016298113 0.999587297
1341846338.722454 -0.355433166 0.097806953 -0.011459864 0.007421374 0.023469413 0.016003402 0.999568880
1341846338.757945 -0.359582752 0.100992620 -0.009207008 0.007860310 0.023718266 0.018150482 0.999522984
1341846338.790039 -0.355446428 0.104344934 0.007847002 0.006218553 0.021587690 0.018353658 0.999579132
1341846338.826048 -0.346184820 0.099019974 0.022356134 0.005938751 0.021920742 0.016812732 0.999600708
1341846338.858027 -0.350983560 0.104580142 0.022633977 0.006103831 0.024156233 0.015777325 0.999565065
1341846338.889902 -0.334200501 0.108977512 0.040238969 0.004044546 0.021460133 0.016608793 0.999623537
1341846338.925948 -0.346222788 0.102921866 0.041144948 0.002790903 0.023855763 0.013144587 0.999625087
1341846338.958108 -0.348950475 0.103215866 0.032648657 0.002301310 0.025395913 0.013631294 0.999581873
1341846338.990057 -0.345956981 0.101590626 0.058305789 0.003104440 0.026480734 0.013064898 0.999559104
1341846339.025928 -0.331624031 0.098586135 0.075255290 0.005104574 0.026104352 0.013884346 0.999549806
1341846339.057939 -0.324051708 0.107112445 0.092344448 0.008589407 0.028076241 0.014094871 0.999469519
1341846339.093927 -0.332010806 0.113517411 0.097889282 0.007893610 0.028396441 0.015089843 0.999451637
1341846339.126562 -0.322667152 0.109244756 0.106159560 0.004445195 0.026375396 0.015615391 0.999520242
1341846339.157969 -0.316458911 0.111352690 0.109094933 0.001599640 0.028255023 0.013878539 0.999503136
1341846339.194113 -0.314890534 0.114694633 0.131237403 0.000104283 0.029944345 0.014350781 0.999448538
1341846339.228165 -0.309213132 0.116129912 0.140272319 -0.003486055 0.027291901 0.017514255 0.999468029
1341846339.257998 -0.314962149 0.107601374 0.142215043 -0.006878919 0.028344534 0.017635437 0.999418914
1341846339.294132 -0.301164925 0.120361947 0.166125268 -0.005526714 0.030650970 0.018026268 0.999352276
1341846339.326577 -0.309733063 0.131807640 0.162618116 -0.008115131 0.029883251 0.020519340 0.999309838
1341846339.362269 -0.291631758 0.124630861 0.181859687 -0.013558886 0.025890622 0.019519301 0.999382198
1341846339.394725 -0.286701947 0.126090273 0.189380273 -0.014309458 0.027643731 0.018904643 0.999336600
1341846339.462186 -0.278772056 0.124978550 0.206495583 -0.017876878 0.026535759 0.018670311 0.999313593
1341846339.496743 -0.273138285 0.151671335 0.198490337 -0.014191815 0.029902464 0.017833347 0.999292970
1341846339.562052 -0.292283982 0.086304851 0.209636152 -0.016196106 0.034600478 0.019091524 0.999087572
1341846339.595122 -0.291644901 0.082591295 0.209980935 -0.014790237 0.034655947 0.019983981 0.999090016
1341846339.632085 -0.261263788 0.128208667 0.244382888 -0.010348219 0.037351519 0.015588801 0.999126971
1341846339.664568 -0.250496507 0.123759829 0.239883170 -0.011186431 0.039054934 0.014890878 0.999063492
1341846339.698896 -0.269930840 0.112490371 0.283459574 -0.011321209 0.042574584 0.012893961 0.998945951
1341846339.731977 -0.248381749 0.120081998 0.273301631 -0.011020114 0.040872574 0.011985515 0.999031723
1341846339.797873 -0.237633377 0.120613538 0.285044134 -0.010529474 0.042487703 0.011681651 0.998973250
1341846339.830245 -0.236869946 0.117505893 0.300511032 -0.010788811 0.041853327 0.012554508 0.998986661
1341846339.862015 -0.233999118 0.114295393 0.308166355 -0.011491476 0.042032115 0.012367796 0.998973608
1341846339.929916 -0.228443190 0.111992180 0.328797132 -0.012882139 0.044234287 0.013353246 0.998848915
1341846340.066044 -0.212297127 0.107827902 0.340515584 -0.007844183 0.047703337 0.016803080 0.998689413
1341846340.197867 -0.201410607 0.109285310 0.367465734 -0.005403788 0.052573055 0.014655704 0.998494923
1341846340.298061 -0.187548965 0.109954625 0.384640753 -0.004988763 0.054982331 0.014190051 0.998374045
1341846340.334063 -0.190194145 0.108296230 0.393817633 -0.005673100 0.055119485 0.015203706 0.998347878
1341846340.366064 -0.186181158 0.105986282 0.395096183 -0.008129912 0.052451253 0.015542733 0.998469412
1341846340.397995 -0.181798741 0.104611337 0.398150891 -0.006473944 0.052664559 0.015038831 0.998478055
1341846340.433895 -0.181636646 0.107309721 0.405425578 -0.005362410 0.052622363 0.016185040 0.998468876
1341846340.465959 -0.181705996 0.107690804 0.409207374 -0.004653058 0.050540775 0.018160284 0.998546064
1341846340.534329 -0.170838386 0.108659923 0.405818522 -0.003394437 0.044886079 0.017917069 0.998825669
1341846340.566041 -0.165847614 0.107327081 0.388247728 -0.002559501 0.043554481 0.019084552 0.998865485
1341846340.601909 -0.159824058 0.109271944 0.385225207 0.000128423 0.042616673 0.019842172 0.998894453
1341846340.701946 -0.154982910 0.102712296 0.391645968 0.002033768 0.044177681 0.012508615 0.998943329
1341846340.801980 -0.147861108 0.106018141 0.386550844 0.002357969 0.046736825 0.003340870 0.998898864
1341846340.870013 -0.148692131 0.109090537 0.389571816 0.000860573 0.049026202 -0.001970474 0.998795152
1341846340.970122 -0.150320739 0.107357092 0.381024480 0.005229533 0.045521945 0.004472880 0.998939633
1341846341.001922 -0.153297886 0.106761135 0.387999296 0.006657068 0.041979294 0.009523279 0.999050915
1341846341.037923 -0.144451916 0.112639293 0.360989511 0.007931354 0.038771603 0.012344780 0.999140382
1341846341.070300 -0.149619728 0.104766771 0.373182625 0.008163229 0.038215958 0.012544742 0.999157429
1341846341.102028 -0.166549504 0.092748925 0.395547271 0.007865459 0.037873250 0.012299662 0.999175906
1341846341.137982 -0.169470489 0.092517093 0.409407675 0.008184707 0.035765555 0.012778560 0.999244988
1341846341.170048 -0.169799790 0.089996353 0.409557283 0.008723763 0.035382781 0.014195638 0.999234915
1341846341.202110 -0.170193762 0.091521397 0.403466314 0.010140067 0.034887150 0.016229955 0.999208033
1341846341.237996 -0.171072677 0.091395944 0.400479317 0.011991557 0.035215076 0.016959619 0.999163866
1341846341.269883 -0.168790221 0.091514096 0.399686873 0.013074499 0.035631586 0.017345391 0.999128938
1341846341.306107 -0.164848849 0.095037907 0.382565558 0.013761029 0.034800582 0.016207328 0.999168098
1341846341.338109 -0.158476010 0.098892443 0.372863382 0.014499440 0.034948044 0.014750603 0.999175072
1341846341.370120 -0.149742454 0.100153655 0.343662649 0.014458627 0.035684001 0.012375681 0.999181926
1341846341.406074 -0.155648485 0.101049088 0.349380493 0.014760897 0.036891099 0.010115456 0.999159038
1341846341.438113 -0.152618811 0.098227814 0.342299134 0.015443786 0.034852989 0.010922678 0.999213398
1341846341.470024 -0.156198084 0.100246839 0.346009761 0.018441170 0.034352627 0.010028974 0.999189258
1341846341.506077 -0.156431109 0.103682034 0.345610291 0.018865973 0.035421226 0.008541039 0.999157906
1341846341.538156 -0.158228830 0.102747053 0.344486147 0.017761081 0.034267489 0.007937841 0.999223351
1341846341.574016 -0.155666843 0.102915809 0.344641358 0.018819600 0.031381615 0.009222452 0.999287724
1341846341.612466 -0.158486947 0.106422089 0.341961741 0.019602546 0.031255338 0.009539019 0.999273658
1341846341.643972 -0.159667388 0.108176224 0.338462144 0.018759495 0.029954877 0.008452483 0.999339461
1341846341.679982 -0.160913944 0.105417691 0.337743759 0.018260108 0.028557517 0.008777911 0.999386787
1341846341.712332 -0.160220370 0.107267097 0.331114292 0.019246956 0.026518092 0.011584027 0.999395907
1341846341.744185 -0.161815107 0.105513342 0.328265190 0.019350827 0.024236728 0.014569393 0.999412775
1341846341.780061 -0.162129030 0.107543521 0.327257901 0.020317137 0.023984293 0.014994175 0.999393404
1341846341.842595 -0.160572365 0.101881869 0.320740551 0.022041483 0.022592334 0.020735133 0.999286652
1341846341.906227 -0.156991974 0.099289864 0.313024551 0.025328193 0.021354489 0.026311507 0.999104679
1341846341.942069 -0.157337442 0.094872095 0.313590974 0.028454298 0.021511991 0.027914371 0.998973668
1341846341.974775 -0.155065760 0.092862055 0.309688687 0.031807076 0.021278122 0.029287100 0.998838246
1341846342.010161 -0.156503588 0.094578326 0.307434857 0.032706492 0.020424962 0.030336505 0.998795688
1341846342.042024 -0.155965582 0.091621779 0.305387408 0.034041833 0.019283343 0.030958310 0.998754680
1341846342.080032 -0.156798705 0.094575323 0.312705517 0.036706939 0.021264484 0.031404421 0.998606145
1341846342.112265 -0.149942860 0.091739491 0.293138295 0.036323193 0.022322947 0.031638872 0.998589635
1341846342.147954 -0.145372674 0.086948283 0.290878952 0.038402524 0.020780727 0.034277912 0.998458028
1341846342.179852 -0.150678918 0.084712200 0.310057104 0.041779816 0.021079889 0.036148682 0.998250127
1341846342.211848 -0.148304909 0.086672157 0.310201555 0.042575043 0.021504594 0.036252763 0.998203695
1341846342.247920 -0.150607765 0.084036678 0.301497817 0.043217994 0.022096677 0.034450833 0.998227000
1341846342.279870 -0.149272099 0.082619406 0.302151918 0.044751558 0.022204319 0.035131719 0.998133242
1341846342.316068 -0.151365817 0.083341360 0.292458206 0.046008628 0.022715496 0.035557147 0.998049557
1341846342.347894 -0.147333473 0.087897800 0.290155917 0.046803012 0.022382261 0.035553452 0.998020291
1341846342.379953 -0.145895332 0.082396865 0.303293347 0.046656385 0.023041256 0.035127990 0.998027205
1341846342.416195 -0.152255431 0.091496482 0.284432203 0.047467940 0.023589907 0.036694352 0.997919738
