1341846313.592026 0.000000000 0.000000000 -0.000000000 0.000000000 0.000000000 0.000000000 1.000000000
1341846313.654184 0.004941115 -0.002123233 -0.000657622 -0.001203471 -0.003014466 0.005351647 0.999980390
1341846313.686156 0.009926831 -0.000537621 0.001582278 0.000155064 -0.004857357 0.004488973 0.999978125
1341846313.721918 0.016501032 0.000046621 -0.001158952 0.000089775 -0.006101115 0.005297842 0.999967337
1341846313.753994 0.021075662 -0.001582677 0.000213182 -0.000628159 -0.006319965 0.006596220 0.999958038
1341846313.789969 0.022208611 -0.000668560 0.000512748 0.000546199 -0.006042887 0.004978486 0.999969184
1341846313.822075 0.034074035 -0.000349797 -0.004480463 0.000342972 -0.005855372 0.003236707 0.999977529
1341846313.853928 0.059296142 0.006497701 0.012788409 -0.000208493 -0.005860438 0.003750441 0.999975741
1341846313.890011 0.066869825 0.017681753 0.008265940 0.000920005 -0.004448560 0.005700354 0.999973416
1341846313.922055 0.059036367 0.022051439 0.007163262 -0.000758715 -0.001961832 0.006538366 0.999976397
1341846313.957927 0.118035510 0.011153863 -0.000618433 -0.004741967 -0.005769851 0.008241709 0.999938130
1341846313.990058 0.073613495 0.012455996 0.008819189 -0.005971189 0.008783817 0.006704595 0.999921083
1341846314.022042 0.100747794 0.017642055 -0.001989882 -0.006858484 0.006424771 0.012605144 0.999876380
1341846314.057816 0.126167431 0.011637859 0.000886293 -0.010928911 0.006535170 0.014938912 0.999807298
1341846314.089801 0.130029142 0.015315310 0.024942202 -0.010177211 0.012240463 0.013375755 0.999783814
1341846314.122037 0.138693318 0.023112753 0.024293594 -0.011156975 0.014816710 0.017156519 0.999680758
1341846314.157989 0.156848088 0.009958325 0.010165738 -0.013956346 0.015380016 0.020668218 0.999570668
1341846314.190094 0.162142634 0.016360383 0.010937384 -0.012880304 0.019008683 0.022399386 0.999485373
1341846314.225969 0.161915138 0.022412190 0.011484925 -0.014889031 0.021535091 0.024718221 0.999351561
1341846314.257923 0.170502782 0.013586844 0.019135183 -0.017952591 0.023247935 0.024789192 0.999261081
1341846314.290052 0.177596495 0.015760479 0.019240923 -0.016220015 0.024180749 0.024371676 0.999278843
1341846314.325981 0.182037771 0.021263303 0.015999278 -0.016775321 0.025439257 0.022228237 0.999288440
1341846314.357905 0.191005066 0.015744120 0.019367434 -0.018099129 0.028047029 0.020537725 0.999231696
1341846314.389899 0.193677232 0.013005129 0.013705009 -0.016775332 0.031115292 0.020412706 0.999166548
1341846314.427905 0.201018572 0.016496586 0.007337663 -0.016868057 0.032846589 0.018198781 0.999152303
1341846314.493987 0.219396383 0.011354116 0.016598327 -0.016129522 0.040975221 0.011283909 0.998966217
1341846314.526085 0.231678113 0.013871013 0.010897184 -0.016047671 0.041806810 0.011159399 0.998934507
1341846314.558292 0.229519695 0.013900792 0.015828758 -0.017166322 0.046225339 0.010624630 0.998727024
1341846314.594085 0.243662536 0.006921442 0.012873089 -0.016484158 0.049582615 0.010343387 0.998580396
1341846314.626096 0.246624514 0.015914727 0.013032617 -0.015420977 0.053661697 0.012618882 0.998360336
1341846314.658455 0.247838184 0.018741429 0.005925243 -0.016701907 0.056145154 0.009687598 0.998235941
1341846314.694004 0.261771351 0.011075112 0.024429670 -0.017128102 0.059335917 0.007899079 0.998059869
1341846314.725910 0.249715447 0.004500868 0.024551235 -0.013787417 0.064184867 0.010740210 0.997784972
1341846314.761942 0.258302987 0.006257671 0.019513646 -0.010081798 0.063929893 0.016244205 0.997771204
1341846314.794030 0.273663729 0.010388115 0.016357966 -0.006437396 0.064796843 0.016726919 0.997737467
1341846314.826092 0.286270916 0.011463102 0.007723873 -0.004612854 0.068017274 0.019281590 0.997487128
1341846314.862145 0.298649698 0.016334893 0.001366382 -0.004091084 0.070696786 0.020951761 0.997269392
1341846314.894072 0.311029673 0.014261389 0.009440022 -0.004884592 0.073753446 0.022974841 0.996999860
1341846314.925969 0.311638236 0.017496046 0.010845116 -0.004514478 0.076894738 0.026940022 0.996664941
1341846314.961937 0.314424485 0.031429458 0.001795469 -0.005829028 0.077450566 0.031351626 0.996486068
1341846314.994564 0.317725718 0.023974847 0.004970816 -0.010342777 0.078480080 0.030098742 0.996407509
1341846315.029900 0.336763978 0.019971082 0.006800893 -0.010883821 0.080264680 0.027199525 0.996342957
1341846315.061965 0.339487106 0.025363982 0.019719023 -0.011054263 0.082613990 0.032316547 0.995996118
1341846315.094388 0.339079648 0.018640012 0.025172153 -0.011696412 0.082183667 0.032466650 0.996019483
1341846315.129851 0.347889334 0.021711558 0.018521752 -0.009342520 0.081975512 0.031275950 0.996099651
1341846315.161941 0.354284495 0.044243641 0.001598082 -0.009307060 0.081394248 0.034890428 0.996027589
1341846315.197984 0.350354135 0.034983713 0.001846766 -0.017177060 0.080179639 0.029859116 0.996185005
1341846315.230076 0.363734961 0.035277840 0.009782827 -0.020564437 0.077942364 0.026688512 0.996388376
1341846315.262069 0.363781601 0.034646135 0.011675912 -0.023685854 0.075405456 0.030448439 0.996406496
1341846315.298000 0.369080037 0.027236879 0.022163566 -0.026371604 0.071305029 0.031830877 0.996597707
1341846315.329931 0.375055075 0.013953216 0.018960247 -0.023744006 0.070110738 0.032045305 0.996741533
1341846315.361981 0.379336059 0.018039539 0.013730926 -0.017911661 0.069367521 0.035261780 0.996806800
1341846315.397962 0.401685923 0.018220166 0.019984189 -0.015775265 0.066807546 0.040768731 0.996807814
1341846315.429923 0.402840793 0.020995803 0.010914010 -0.012557355 0.069251291 0.041086093 0.996673703
1341846315.466047 0.419671804 0.029978892 0.008072072 -0.010671280 0.071183838 0.044569470 0.996409833
1341846315.497883 0.418830633 0.031109437 0.017465023 -0.011793474 0.074476615 0.048905686 0.995953023
1341846315.530008 0.422605157 0.032459944 0.016355623 -0.011456881 0.075697541 0.049457178 0.995837629
1341846315.566108 0.421888441 0.034172572 0.014938037 -0.012262599 0.077563345 0.050712518 0.995621324
1341846315.597986 0.428706527 0.034183133 0.019101681 -0.012473783 0.078013778 0.050973468 0.995570183
1341846315.630109 0.429304928 0.033809930 0.019711215 -0.012419055 0.079339564 0.049620800 0.995534420
1341846315.666042 0.425963730 0.032562606 0.001901275 -0.013606059 0.081808016 0.047663502 0.995414734
1341846315.698114 0.440328896 0.045134701 -0.007209155 -0.017233692 0.083081514 0.047296874 0.995270550
1341846315.733985 0.427074999 0.019105334 0.013778570 -0.024010736 0.087803319 0.049356841 0.994624496
1341846315.766041 0.419901639 0.028386272 0.012981429 -0.021978049 0.086161107 0.049386706 0.994813621
1341846315.798188 0.420496702 0.021732476 0.008431355 -0.023653727 0.085595608 0.047224455 0.994929016
1341846315.834140 0.413627952 0.014702085 0.015566369 -0.023372294 0.088726707 0.045443356 0.994744301
1341846315.866751 0.411133021 0.013059584 0.012296953 -0.021350006 0.090493716 0.045156196 0.994643629
1341846315.898492 0.410062402 0.013718425 0.017563581 -0.020012975 0.090696260 0.045120206 0.994654596
1341846315.936901 0.396839440 0.012120161 0.014441444 -0.016973158 0.094162762 0.042960040 0.994484663
1341846315.966572 0.394160300 0.009819004 0.014510687 -0.013733106 0.095246360 0.042182080 0.994464755
1341846316.034204 0.391401261 0.007183436 0.013227248 -0.010331422 0.094087154 0.042275354 0.994612336
1341846316.066113 0.378261954 0.002973438 0.013821529 -0.008481941 0.095287926 0.041710768 0.994539320
1341846316.101867 0.325872451 0.015458903 0.010661993 -0.005032908 0.102785222 0.031966310 0.994177043
1341846316.134066 0.311555862 0.019257350 0.011018095 -0.005309056 0.101068795 0.028063573 0.994469345
1341846316.202049 0.301170915 0.005882954 0.019356722 -0.005773344 0.095983855 0.023234393 0.995094955
1341846316.233979 0.296117753 0.007728904 0.010686520 -0.004997760 0.094764531 0.020495838 0.995276153
1341846316.270052 0.297062099 0.006570962 0.029389834 -0.007728105 0.096130535 0.019664224 0.995144486
1341846316.301915 0.295896769 0.001302405 0.034120847 -0.007910338 0.096505806 0.018766891 0.995124042
1341846316.334208 0.273986876 0.000316432 0.017154818 -0.005081064 0.097058564 0.018165000 0.995099902
1341846316.370006 0.270211220 0.002915678 0.021069832 -0.002418057 0.095475070 0.017787699 0.995269954
1341846316.401994 0.276248246 0.003351995 0.009830201 -0.001574786 0.093026690 0.025438255 0.995337367
1341846316.438069 0.252359569 -0.003355801 -0.005815519 -0.000035773 0.094673209 0.023129951 0.995239675
1341846316.470076 0.206133991 -0.020753609 -0.009182760 0.003188540 0.101280063 0.031059558 0.994367898
1341846316.502034 0.215567753 0.001683466 -0.010504036 0.007055299 0.094024539 0.025097793 0.995228469
1341846316.537975 0.205846101 -0.001876021 -0.005379126 0.003825324 0.091903389 0.022957698 0.995495856
1341846316.570121 0.232664675 -0.009663555 -0.015604001 0.003266536 0.087135442 0.026129877 0.995848358
1341846316.601885 0.227268383 -0.012797048 -0.018356500 0.005058276 0.086352602 0.025335276 0.995929599
1341846316.638009 0.214298666 -0.016181555 -0.019520259 0.007130957 0.086031467 0.026213029 0.995921969
1341846316.669925 0.210849658 -0.016338171 -0.015014282 0.009503906 0.084820531 0.025942238 0.996013105
1341846316.705941 0.200803667 -0.025730265 -0.017762735 0.012701953 0.085739173 0.027025614 0.995869994
1341846316.738062 0.193029419 -0.014418793 -0.028232388 0.016325250 0.085029446 0.030328695 0.995782912
1341846316.770433 0.176205099 -0.007426944 -0.024428731 0.016314436 0.085581526 0.028840732 0.995779991
1341846316.805932 0.170313716 -0.017043596 -0.013612772 0.015988100 0.085496880 0.027820075 0.995821595
1341846316.838029 0.165237397 -0.011899840 -0.019274715 0.017867316 0.083686754 0.030488865 0.995865285
1341846316.870034 0.152599558 -0.017513856 -0.016603803 0.017780960 0.080923088 0.032005060 0.996047676
1341846316.906344 0.147994414 -0.022352099 -0.022399552 0.018248476 0.077590995 0.030684732 0.996345878
1341846316.937940 0.143479764 -0.020340370 -0.030271720 0.018270925 0.076114722 0.028057860 0.996536732
1341846316.973994 0.132569164 -0.016293237 -0.025201431 0.018201102 0.075011246 0.028202130 0.996617615
1341846317.005913 0.126507625 -0.017123383 -0.018738700 0.017102364 0.072110198 0.028732663 0.996836066
1341846317.037936 0.111369707 -0.020105327 -0.013208424 0.017319895 0.070982113 0.026994504 0.996961832
1341846317.073972 0.118650474 -0.022258706 -0.010588028 0.018335639 0.067502931 0.029190667 0.997123420
1341846317.106113 0.108098112 -0.024633937 -0.010279638 0.020480247 0.066532701 0.033738289 0.997003376
1341846317.137887 0.131974831 -0.016735021 -0.012005999 0.024120426 0.054439407 0.039954249 0.997425854
1341846317.173970 0.121847413 -0.013560861 -0.013124327 0.025872698 0.047734160 0.043563604 0.997574210
1341846317.205887 0.078204572 -0.027750345 -0.016411867 0.024238842 0.052026808 0.039321654 0.997576833
1341846317.248131 0.060521889 -0.032142002 -0.014119942 0.024985321 0.050976705 0.039854731 0.997591496
1341846317.306289 0.094558448 -0.013860347 -0.000319983 0.028495319 0.036950558 0.048133824 0.997750401
1341846317.348137 0.087025151 -0.016759548 -0.001610071 0.029488301 0.038618121 0.048799932 0.997626007
1341846317.410120 0.092109688 -0.008674039 0.006929008 0.032524481 0.034450985 0.060498290 0.997043252
1341846317.442569 0.086461395 -0.014976571 0.018450379 0.034623407 0.035271622 0.063139349 0.996780097
1341846317.474010 0.064471938 -0.016114514 0.023313358 0.040302061 0.039076403 0.061668783 0.996516824
1341846317.509927 0.055021483 -0.007736637 0.017346065 0.043645162 0.035823606 0.066438407 0.996191621
1341846317.542282 0.033448223 -0.012163706 -0.011053235 0.042020760 0.034937870 0.064127706 0.996444285
1341846317.573943 0.030494520 -0.019811910 -0.010111205 0.040961038 0.035769615 0.062328734 0.996573031
1341846317.610159 0.009149949 -0.034221556 -0.007367583 0.042263202 0.039379455 0.061585557 0.996428788
1341846317.643553 -0.013305619 -0.026195532 -0.004494030 0.045422629 0.040542535 0.063681707 0.996111274
1341846317.677993 -0.016555237 -0.028803073 -0.000416871 0.046053819 0.036466219 0.066797204 0.996035814
1341846317.709996 -0.019502450 -0.033599474 -0.008539549 0.048140571 0.033409156 0.066634364 0.996055305
1341846317.741834 -0.037505470 -0.022452576 -0.008191659 0.048948992 0.033849489 0.064264730 0.996156752
1341846317.777923 -0.027944729 -0.016220110 0.014833277 0.048441533 0.029705193 0.070778511 0.995872200
1341846317.810021 -0.053711038 -0.030125650 -0.000068400 0.046275392 0.031325229 0.061987836 0.996511340
1341846317.841886 -0.048631757 -0.015855217 0.017546806 0.047279935 0.028181711 0.066543438 0.996264160
1341846317.878017 -0.060495250 -0.020015849 0.016241727 0.044270124 0.028396759 0.061852187 0.996698618
1341846317.909910 -0.057380047 -0.024095414 0.014163248 0.043309361 0.028357727 0.059204943 0.996902704
1341846317.946031 -0.069191366 -0.021078702 0.025463946 0.045456570 0.029975465 0.061795089 0.996602476
1341846317.978041 -0.080323577 -0.028705114 0.018370518 0.046513367 0.028826216 0.060429648 0.996671379
1341846318.009897 -0.083626986 -0.025886174 0.016328132 0.049053378 0.029083366 0.058334127 0.996666968
1341846318.045949 -0.098681852 -0.022829784 0.012556610 0.049323432 0.030859753 0.057047889 0.996674657
1341846318.078074 -0.113813728 -0.027445877 0.006030486 0.048243027 0.030095184 0.055661827 0.996829331
1341846318.109894 -0.119564839 -0.024850799 0.009199006 0.048277840 0.025504019 0.053136595 0.997093439
1341846318.145957 -0.125889733 -0.025448827 0.015641607 0.047014005 0.023682855 0.049372390 0.997392178
1341846318.178001 -0.130838931 -0.011711884 0.032877043 0.047898509 0.024193071 0.044013143 0.997588694
1341846318.214074 -0.140169501 -0.008849767 0.043415766 0.049629990 0.022463454 0.043515638 0.997566402
1341846318.245970 -0.141437680 -0.029963676 0.027861740 0.051555481 0.015283750 0.047678109 0.997414291
1341846318.278018 -0.154215962 -0.030484270 0.012168460 0.054928452 0.010608697 0.047973845 0.997280717
1341846318.313937 -0.154994309 -0.026560098 0.018420979 0.056888238 0.003353827 0.047319543 0.997252882
1341846318.345989 -0.163263306 -0.020168686 0.024450922 0.059707467 -0.005751442 0.046666808 0.997107923
1341846318.382046 -0.139494538 -0.042893007 -0.013954605 0.058044940 -0.019075586 0.039880946 0.997334659
1341846318.414072 -0.202430189 -0.029002020 0.020392796 0.062256206 -0.015575955 0.044715658 0.996936321
1341846318.446035 -0.207172006 -0.028628172 0.032951958 0.064515494 -0.021452650 0.043366373 0.996743143
1341846318.482196 -0.208399639 -0.019196734 0.025668094 0.066424973 -0.024497436 0.042183165 0.996598303
1341846318.514144 -0.216808364 -0.018485680 0.023852970 0.066861615 -0.025833134 0.044326592 0.996442318
1341846318.546259 -0.224461064 -0.027290622 0.026208833 0.067208275 -0.026712297 0.042737793 0.996465266
1341846318.582042 -0.241065457 -0.018159004 0.017065037 0.069747373 -0.025712853 0.042811453 0.996313870
1341846318.614115 -0.241809323 -0.018081052 0.022938218 0.069492713 -0.027515065 0.044010527 0.996231258
1341846318.650038 -0.261077553 -0.026309257 0.008922867 0.067922726 -0.026820328 0.039647900 0.996541619
1341846318.682350 -0.275870949 -0.026570592 0.007089579 0.067558527 -0.026406104 0.037736736 0.996651649
1341846318.714063 -0.281905055 -0.028856469 0.004067275 0.066950247 -0.027842261 0.037377127 0.996667147
1341846318.749905 -0.296772063 -0.036199916 0.001325558 0.066700824 -0.026212335 0.038350116 0.996691108
1341846318.782036 -0.299058437 -0.027706947 -0.011237882 0.069039866 -0.029170113 0.039747182 0.996394873
1341846318.814121 -0.310926288 -0.026340799 -0.010968804 0.070287317 -0.034274355 0.038421400 0.996197164
1341846318.850072 -0.310529679 -0.036688656 -0.005549888 0.069627590 -0.040820997 0.038324390 0.996000469
1341846318.883516 -0.306978047 -0.035835531 0.002812005 0.072103716 -0.051027033 0.032789074 0.995551169
1341846318.918047 -0.317920655 -0.032775026 0.015878573 0.076634049 -0.061560418 0.038229883 0.994422436
1341846318.950044 -0.340384036 -0.033761419 0.009578037 0.077398472 -0.070963107 0.027755653 0.994084120
1341846318.982028 -0.334739864 -0.038463123 0.031188026 0.079920262 -0.074683882 0.032636918 0.993463576
1341846319.018123 -0.345034331 -0.039815415 0.031132888 0.079200357 -0.080919839 0.032209639 0.993046701
1341846319.050745 -0.369860113 -0.043877162 -0.007375808 0.080467567 -0.085057102 0.029566307 0.992681265
1341846319.081905 -0.381185979 -0.031585317 -0.022109816 0.087171614 -0.084151067 0.026737161 0.992272556
1341846319.117976 -0.406747192 -0.027154511 -0.040036481 0.089154609 -0.082396016 0.031929731 0.992090106
1341846319.150093 -0.413512945 -0.039698165 -0.057285257 0.089551874 -0.087321274 0.039966028 0.991341591
1341846319.186069 -0.390371889 -0.034866303 -0.033654604 0.091544062 -0.090062685 0.041481242 0.990851998
1341846319.218149 -0.388937980 -0.009209597 -0.015466216 0.090732306 -0.085905798 0.039745275 0.991366804
1341846319.250034 -0.419231266 -0.001538252 -0.013639257 0.085616007 -0.078288756 0.037499882 0.992539406
1341846319.286594 -0.437760472 -0.016055277 0.007355362 0.083066747 -0.075040266 0.040783361 0.992877424
1341846319.318034 -0.406462371 -0.020761359 -0.018316785 0.082136706 -0.076513655 0.047187429 0.992558599
1341846319.350268 -0.422011912 -0.028263509 -0.017063586 0.082192518 -0.075606577 0.053415939 0.992307782
1341846319.386163 -0.444237739 -0.032753713 -0.013030397 0.083877139 -0.079179786 0.060161047 0.991501808
1341846319.418386 -0.438979805 -0.026430590 -0.013798662 0.085306384 -0.085580416 0.061090395 0.990791023
1341846319.453961 -0.427168339 -0.019701706 -0.001619419 0.085202605 -0.089836925 0.061887208 0.990373552
1341846319.486271 -0.457176208 -0.024223521 -0.021630678 0.084460326 -0.086868651 0.058221780 0.990924060
1341846319.554083 -0.464435846 -0.034894302 -0.023171455 0.077563651 -0.093622163 0.058897156 0.990832925
1341846319.586296 -0.487141252 -0.029169839 -0.040224511 0.079231910 -0.090588123 0.053579241 0.991284728
1341846319.622031 -0.501060843 -0.019048342 -0.017681781 0.078866661 -0.094554804 0.051936638 0.991030812
1341846319.653962 -0.497666329 -0.042283602 -0.030803066 0.075944379 -0.101323307 0.050249789 0.990677059
1341846319.686352 -0.510322273 -0.044336800 -0.035668541 0.077945583 -0.104422733 0.051365510 0.990142405
1341846319.721992 -0.516038656 -0.035068091 -0.067558981 0.079261251 -0.107772097 0.051296368 0.989682555
1341846319.754063 -0.526859581 -0.022036238 -0.085057698 0.077324502 -0.108759128 0.050147057 0.989786685
1341846319.786397 -0.525393426 -0.025941497 -0.058101658 0.072569571 -0.110007815 0.054031774 0.989804268
1341846319.822008 -0.528703809 -0.029164985 -0.051849149 0.068477727 -0.111341387 0.060192812 0.989591181
1341846319.853917 -0.536369801 -0.024915094 -0.042456307 0.064290822 -0.112276807 0.063153118 0.989581883
1341846319.889942 -0.537186325 -0.035989821 -0.033332933 0.060404509 -0.113526031 0.067701191 0.989383459
1341846319.922039 -0.547818005 -0.046097040 -0.041805446 0.059171353 -0.117278114 0.070478797 0.988826215
1341846319.953946 -0.550504267 -0.039517950 -0.019865055 0.061146282 -0.123617314 0.064757369 0.988325000
1341846319.990054 -0.544617176 -0.038284939 -0.031570304 0.063946061 -0.126844317 0.058660802 0.988119602
1341846320.028122 -0.556529105 -0.055582587 -0.017079957 0.064539537 -0.130823791 0.060444236 0.987454414
1341846320.090047 -0.537286520 -0.024061194 -0.026437657 0.072702207 -0.137925118 0.056838129 0.986134112
1341846320.122011 -0.529988766 -0.019710712 -0.027433449 0.073862322 -0.135651216 0.057164446 0.986344397
1341846320.157952 -0.522997677 -0.025526190 -0.026766866 0.073468670 -0.133324966 0.058061317 0.986638546
1341846320.190003 -0.518779695 -0.039873403 0.000994253 0.075459220 -0.130778089 0.058282431 0.986816168
1341846320.221941 -0.512927473 -0.042559743 0.007175530 0.079009496 -0.127444401 0.059986088 0.986872375
1341846320.258015 -0.499568492 -0.051025588 -0.000233175 0.081794366 -0.127279848 0.064169660 0.986403465
1341846320.289887 -0.493394107 -0.048551165 0.018942449 0.089049876 -0.127978057 0.062364046 0.985800385
1341846320.321954 -0.484361112 -0.039191242 0.005735951 0.099425726 -0.128587365 0.060141880 0.984866858
1341846320.357890 -0.479439855 -0.035318609 -0.000797604 0.103211910 -0.126866579 0.062524706 0.984552085
1341846320.390064 -0.459266514 -0.039389566 -0.016869763 0.104457788 -0.123375267 0.062161293 0.984887362
1341846320.426544 -0.449038386 -0.030426495 0.004725157 0.108294927 -0.115858845 0.057480641 0.985669792
1341846320.458122 -0.426435918 -0.050618049 -0.025669836 0.106523857 -0.110323362 0.056639623 0.986546159
1341846320.490186 -0.392551333 -0.056163769 -0.075524308 0.107512496 -0.104244836 0.061102010 0.986833632
1341846320.525911 -0.346738249 -0.045841333 -0.084585771 0.112045385 -0.097946852 0.058203887 0.987149715
1341846320.558091 -0.308097899 -0.038433433 -0.085515574 0.114285193 -0.094695479 0.051166456 0.987599909
1341846320.594093 -0.263336211 -0.034271296 -0.056636918 0.115695305 -0.091953821 0.048934117 0.987807930
1341846320.631955 -0.256413907 -0.047491752 -0.066876821 0.116994783 -0.084398188 0.048577998 0.988346756
1341846320.664916 -0.246673301 -0.038015150 -0.083291858 0.117963746 -0.081006169 0.045348182 0.988668859
1341846320.699927 -0.222254649 -0.036566563 -0.077272832 0.118144095 -0.079498373 0.041770380 0.988927305
1341846320.731822 -0.189220786 -0.031245751 -0.051304262 0.120295182 -0.075137615 0.042634677 0.988972008
1341846320.763877 -0.149482995 -0.004855657 -0.113329329 0.118824303 -0.070031613 0.039306343 0.989662230
1341846320.799999 -0.125619382 -0.023411511 -0.109510973 0.111417972 -0.072850786 0.035716183 0.990456045
1341846320.831871 -0.089819163 -0.026240451 -0.110263929 0.112649769 -0.065181457 0.029841347 0.991045356
1341846320.863887 -0.104085214 -0.024022833 -0.059600357 0.111126289 -0.054683112 0.033346884 0.991740227
1341846320.900014 -0.074601263 -0.029003203 -0.051593937 0.105932951 -0.058799263 0.035277188 0.992006242
1341846320.931889 -0.033433165 -0.043062400 -0.042787369 0.105506517 -0.062053114 0.036506061 0.991809011
1341846320.967866 -0.038284633 -0.028350107 -0.044914853 0.106045529 -0.055476774 0.032225940 0.992289364
1341846321.000017 -0.011938129 -0.034237061 -0.032134548 0.099257290 -0.057319965 0.032096256 0.992890835
1341846321.031860 0.005133725 -0.030412834 -0.023532664 0.098014630 -0.056059111 0.028156366 0.993205786
1341846321.068047 0.028664876 -0.022647033 0.004150688 0.099055551 -0.054334741 0.026470607 0.993244708
1341846321.099840 0.048627600 -0.023152651 0.035675850 0.097063780 -0.053596847 0.027807627 0.993444860
1341846321.131821 0.070453532 -0.029657504 0.048842542 0.097038262 -0.052707106 0.027592866 0.993500948
1341846321.167887 0.089375660 -0.026087804 0.065901145 0.099403158 -0.050331440 0.030533351 0.993304312
1341846321.200042 0.088892400 -0.019811548 0.072857715 0.100378886 -0.046884812 0.029574016 0.993403912
1341846321.231950 0.094766572 -0.029871421 0.071042441 0.099474229 -0.045465350 0.028672865 0.993587255
1341846321.267939 0.108533353 -0.022558171 0.063089304 0.100671276 -0.043024592 0.023792930 0.993704200
1341846321.299948 0.128150910 -0.021187497 0.081161797 0.099561498 -0.039687820 0.017151691 0.994091630
1341846321.331858 0.130360290 -0.017055761 0.113686524 0.100722089 -0.036381420 0.013200078 0.994161606
1341846321.367913 0.158607483 -0.020336382 0.129422188 0.102144413 -0.035660692 0.009481710 0.994084954
1341846321.399897 0.166717261 -0.010279777 0.119737245 0.104687810 -0.030366750 0.008087216 0.994008541
1341846321.435994 0.169824407 -0.021021623 0.136906222 0.105417743 -0.026637673 0.008251335 0.994036913
1341846321.467946 0.184747785 -0.012431878 0.141762704 0.108017035 -0.024899954 0.008089632 0.993804216
1341846321.499882 0.197722927 -0.008158868 0.161902279 0.110044971 -0.022197729 0.009802283 0.993630350
1341846321.536109 0.240362138 -0.001961900 0.167098567 0.109532759 -0.019546978 0.009131916 0.993749022
1341846321.568960 0.224027798 0.006533448 0.182602286 0.107143983 -0.011359113 0.004152723 0.994169950
1341846321.603938 0.215318352 -0.001326464 0.187080115 0.103022814 -0.006672184 0.003720908 0.994649649
1341846321.637163 0.261562139 0.013325560 0.145678505 0.101703815 -0.005739196 0.003258221 0.994792819
1341846321.668306 0.229746088 0.013339483 0.156597018 0.097511441 0.005774907 0.006195032 0.995198369
1341846321.704411 0.205223054 0.002041370 0.151332021 0.092611827 0.009466785 0.013332369 0.995568037
1341846321.736861 0.209704801 0.000646049 0.156919941 0.091061532 0.007666153 0.020815084 0.995598197
1341846321.771881 0.243085966 0.021088157 0.147131801 0.090101846 0.003949218 0.027191786 0.995553434
1341846321.804114 0.241099030 0.008864941 0.159494206 0.084450252 0.007826447 0.028610963 0.995986164
1341846321.836152 0.238627926 0.017623849 0.155523449 0.082491964 0.010728761 0.028163340 0.996135950
1341846321.871882 0.252161682 0.023024343 0.155421823 0.077463441 0.010116799 0.026015718 0.996604383
1341846321.904074 0.262381583 0.015154058 0.138466790 0.070405558 0.011807512 0.024486395 0.997147977
1341846321.939847 0.263995677 0.015137811 0.144391119 0.066219896 0.014770081 0.020358734 0.997487962
1341846322.004094 0.257859290 0.002928963 0.137678996 0.058691122 0.013198232 0.020448243 0.997979462
1341846322.066178 0.273671418 0.001536246 0.151116610 0.053930808 0.017957387 0.016523037 0.998246431
1341846322.107979 0.281930208 -0.020407841 0.139747918 0.050226640 0.017907277 0.017030451 0.998432040
1341846322.166164 0.271991700 -0.045354497 0.156616658 0.051877700 0.019603884 0.015286953 0.998343945
1341846322.202932 0.267487079 -0.047551934 0.148670107 0.053768914 0.018401509 0.015172406 0.998268485
1341846322.234093 0.275347620 -0.048633818 0.138208628 0.053755548 0.015278858 0.014746100 0.998328328
1341846322.265941 0.281287134 -0.057880510 0.139338046 0.051218264 0.011408743 0.016240506 0.998490214
1341846322.301996 0.286517322 -0.074627839 0.150024623 0.048123606 0.010011751 0.014714535 0.998682797
1341846322.333949 0.275805593 -0.079474203 0.147890761 0.049286164 0.008731152 0.017581159 0.998591781
1341846322.369871 0.289360911 -0.104761556 0.150116310 0.047338024 0.002390359 0.011336538 0.998811722
1341846322.402292 0.303203821 -0.111856654 0.150746927 0.051098514 0.003060130 0.006834249 0.998665512
1341846322.433955 0.292021304 -0.141226783 0.158660725 0.054813650 0.004970036 0.005286358 0.998470247
1341846322.470030 0.286059171 -0.147086352 0.166369751 0.063165151 0.001675054 0.009116460 0.997960031
1341846322.502433 0.301274776 -0.162646502 0.159336701 0.068302937 -0.002374508 0.012926453 0.997578025
1341846322.534002 0.307101816 -0.185558110 0.160331845 0.074976191 -0.002912562 0.014003761 0.997082770
1341846322.570196 0.319509894 -0.181684136 0.156087548 0.086979441 -0.005169476 0.017706741 0.996039331
1341846322.601920 0.307274044 -0.188385233 0.151229113 0.092902355 -0.006280718 0.022135995 0.995409310
1341846322.638119 0.325124711 -0.204715848 0.158354089 0.097642072 -0.010915839 0.021395620 0.994931757
1341846322.669947 0.329368412 -0.216700748 0.162646696 0.101190574 -0.007323456 0.020824926 0.994622111
1341846322.702026 0.315292954 -0.234159902 0.164051652 0.103046402 -0.004378132 0.022993414 0.994401097
1341846322.738006 0.319850743 -0.228485614 0.172355980 0.105293192 -0.007335932 0.024452316 0.994113505
1341846322.770087 0.330635607 -0.255945295 0.169545427 0.103523567 -0.007253001 0.024609901 0.994296014
1341846322.806047 0.326105773 -0.266730875 0.172847599 0.107101247 -0.007351872 0.027503962 0.993840456
1341846322.838063 0.324846327 -0.272173971 0.170590848 0.108746730 -0.011781117 0.030352602 0.993536174
1341846322.870081 0.329556972 -0.282832205 0.176781163 0.111486800 -0.016996840 0.030610837 0.993148923
1341846322.906018 0.344486207 -0.288900018 0.180808842 0.116321370 -0.019698793 0.029843887 0.992567658
1341846322.938349 0.330915719 -0.251982838 0.190079108 0.120933659 -0.017810583 0.029693326 0.992056489
1341846322.970069 0.332618415 -0.278345108 0.187253013 0.113200299 -0.017462509 0.032080788 0.992900610
1341846323.011820 0.331316918 -0.273418039 0.198039114 0.113230124 -0.017561145 0.030770939 0.992936909
1341846323.073951 0.331451863 -0.269783050 0.198988050 0.111106791 -0.017841514 0.035420831 0.993016779
1341846323.105962 0.333527505 -0.296092153 0.202170566 0.106907904 -0.017894985 0.034479611 0.993509769
1341846323.138158 0.332515627 -0.289441168 0.200387254 0.109027050 -0.017838821 0.030387793 0.993414044
1341846323.174092 0.319899350 -0.289172381 0.191281334 0.107598543 -0.016625470 0.027750308 0.993668020
1341846323.206059 0.333624691 -0.299059063 0.200495616 0.103699476 -0.018560404 0.026989060 0.994069159
1341846323.238053 0.331422627 -0.299096316 0.204483330 0.101633422 -0.014802832 0.025512736 0.994384527
1341846323.273997 0.323695123 -0.307643890 0.189239979 0.096177496 -0.014707183 0.026252847 0.994909227
1341846323.305946 0.324870437 -0.308763593 0.195241839 0.092478745 -0.018408317 0.026073415 0.995203018
1341846323.342027 0.355848491 -0.326856285 0.199510559 0.089655817 -0.018963592 0.025189841 0.995473623
1341846323.374048 0.330588341 -0.340241313 0.197547212 0.089016654 -0.013431322 0.026465222 0.995587885
1341846323.405987 0.324156523 -0.348437399 0.188627303 0.089319758 -0.017951513 0.031707879 0.995336294
1341846323.441956 0.339485705 -0.363888323 0.195055097 0.089357562 -0.022771107 0.033957660 0.995160103
1341846323.473878 0.350473732 -0.379602522 0.194837332 0.092673630 -0.022593915 0.032000203 0.994925737
1341846323.506129 0.335937858 -0.370504767 0.194939807 0.096053630 -0.021278454 0.029623453 0.994707644
1341846323.541972 0.345822573 -0.368736506 0.198061869 0.095217325 -0.022046354 0.027443493 0.994833887
1341846323.573913 0.368001074 -0.391138405 0.183550179 0.093372345 -0.019138670 0.022501232 0.995192945
1341846323.609927 0.361760616 -0.390682578 0.193875387 0.093768910 -0.013167864 0.019740840 0.995311141
1341846323.642014 0.344869554 -0.398507327 0.195498616 0.093020111 -0.010447187 0.019917512 0.995410144
1341846323.674081 0.343966007 -0.413180053 0.196629882 0.092405260 -0.012260871 0.022507494 0.995391548
1341846323.710069 0.343855113 -0.425695032 0.187115163 0.094218403 -0.013204130 0.026050983 0.995123029
1341846323.742111 0.334994584 -0.429387808 0.190366507 0.099910803 -0.013775696 0.025639573 0.994570553
1341846323.774928 0.338689625 -0.434815794 0.189851865 0.102186769 -0.016469074 0.023451427 0.994352400
1341846323.810012 0.347450614 -0.443221152 0.191721097 0.103076667 -0.018710166 0.019937713 0.994297564
1341846323.842207 0.343472064 -0.441110164 0.190935045 0.105707034 -0.017757205 0.015547601 0.994117200
1341846323.878019 0.332267404 -0.452149332 0.187779620 0.105800420 -0.017406140 0.011688434 0.994166315
1341846323.909826 0.338831753 -0.456325710 0.182407632 0.110447161 -0.019639015 0.007865101 0.993656814
1341846323.942459 0.339653522 -0.470115870 0.182636365 0.111961931 -0.020262381 0.007775829 0.993475497
1341846323.978055 0.331227869 -0.473402441 0.178196341 0.115263671 -0.022539446 0.011097392 0.993017197
1341846324.015934 0.338423908 -0.472548008 0.185657844 0.118511632 -0.024936378 0.009507429 0.992594004
1341846324.047722 0.347165525 -0.467665076 0.179486483 0.121725060 -0.023956332 0.008880883 0.992235005
1341846324.083904 0.345454752 -0.449903905 0.184456691 0.123246297 -0.022444658 0.007847066 0.992091238
1341846324.115968 0.342056066 -0.450606287 0.185559213 0.120399795 -0.020253429 0.006469910 0.992497802
1341846324.151967 0.343892902 -0.435814023 0.177476957 0.121829323 -0.017321894 0.001735711 0.992398381
1341846324.183941 0.343664199 -0.428703755 0.193303242 0.118189514 -0.014027956 -0.002216882 0.992889524
1341846324.219984 0.336721420 -0.428154290 0.195871890 0.113651276 -0.011599377 -0.002192934 0.993450642
1341846324.251968 0.341927707 -0.418574184 0.177339494 0.114558302 -0.011743552 -0.002100823 0.993344843
1341846324.284052 0.334411830 -0.405614048 0.176138133 0.114888713 -0.012375111 -0.001753455 0.993299723
1341846324.319880 0.322584093 -0.399949908 0.175996408 0.112421423 -0.014720156 -0.003617007 0.993544996
1341846324.351917 0.327461541 -0.381083965 0.189041659 0.109972805 -0.018673385 -0.005005509 0.993746519
1341846324.388001 0.336526155 -0.364216894 0.179896146 0.107558452 -0.018670885 -0.009746319 0.993975639
1341846324.419908 0.334979504 -0.350928485 0.180106044 0.102770396 -0.016509945 -0.011906595 0.994496822
1341846324.452027 0.324774474 -0.352427304 0.181653813 0.097787052 -0.015335683 -0.012462499 0.995011151
1341846324.487928 0.324109703 -0.348567009 0.180003434 0.096076176 -0.015610246 -0.009793235 0.995203376
1341846324.519985 0.312305123 -0.335559607 0.177755624 0.094672501 -0.016914994 -0.005796740 0.995347857
1341846324.556001 0.315955520 -0.319942921 0.176107153 0.093180373 -0.022380369 -0.001207320 0.995396912
1341846324.587888 0.316933483 -0.303069025 0.175914720 0.090650626 -0.025490150 -0.000223761 0.995556474
1341846324.620086 0.319201142 -0.304252803 0.171692446 0.087869592 -0.028115833 -0.002889124 0.995730937
1341846324.655955 0.326630503 -0.289151430 0.173004389 0.087318718 -0.029746616 -0.003698800 0.995729327
1341846324.688082 0.317908138 -0.286439657 0.181628004 0.086503349 -0.028627269 -0.003037794 0.995835483
1341846324.755922 0.304044813 -0.245338425 0.180686474 0.088552952 -0.031738095 0.001468837 0.995564640
1341846324.814016 0.312142938 -0.203083336 0.178635985 0.085243754 -0.037220426 -0.004090293 0.995656312
1341846324.849979 0.303111106 -0.198186889 0.180507183 0.079593949 -0.033457119 -0.005628237 0.996249855
1341846324.881924 0.299817681 -0.202642679 0.186012179 0.075223394 -0.034875616 -0.005059477 0.996543825
1341846324.913902 0.307514727 -0.190959498 0.190776363 0.074552625 -0.037086461 -0.001714529 0.996525764
1341846324.949999 0.303146362 -0.194435924 0.191975251 0.074707828 -0.037055738 0.000763733 0.996516466
1341846324.981922 0.299775898 -0.186392918 0.189283088 0.079120055 -0.039606679 0.005028026 0.996065259
1341846325.018013 0.297635168 -0.176621705 0.179155275 0.083042890 -0.044265214 0.006981892 0.995537817
1341846325.050079 0.299323976 -0.156918645 0.174498871 0.085978374 -0.049913757 0.005626142 0.995029926
1341846325.081901 0.292018324 -0.135676846 0.182098940 0.085969761 -0.054396410 0.002839391 0.994807601
1341846325.118531 0.293338627 -0.114093445 0.180937126 0.083283201 -0.055386662 0.000091968 0.994985461
1341846325.149933 0.296890706 -0.123950720 0.180677682 0.075628281 -0.053528417 -0.000161149 0.995698214
1341846325.181925 0.292376250 -0.120230347 0.184746206 0.072278917 -0.052110638 0.002890778 0.996017992
1341846325.218055 0.298260540 -0.114055246 0.188350484 0.069282524 -0.052986350 0.006915933 0.996164918
1341846325.249811 0.289962083 -0.104678519 0.191025794 0.067417011 -0.052155286 0.010403245 0.996306419
1341846325.285925 0.292817831 -0.090970807 0.192471370 0.065487079 -0.053103082 0.012782235 0.996357381
1341846325.317988 0.315418005 -0.097886667 0.197996631 0.062279735 -0.052937958 0.016168717 0.996522605
1341846325.349844 0.301270962 -0.097883895 0.198949531 0.065160826 -0.046365336 0.017246248 0.996647775
1341846325.387302 0.299000412 -0.085537009 0.204071552 0.070138492 -0.043254279 0.020701541 0.996383965
1341846325.417931 0.318868488 -0.080525726 0.199878350 0.072728492 -0.039974470 0.024273351 0.996254623
1341846325.450747 0.333443075 -0.076460496 0.216051623 0.078051917 -0.034265690 0.026657183 0.996003568
1341846325.485954 0.300275147 -0.061034560 0.212835029 0.087109149 -0.023749389 0.027568072 0.995534003
1341846325.517875 0.301279098 -0.052792989 0.207595661 0.090311371 -0.021400856 0.029916137 0.995234013
1341846325.553859 0.296992809 -0.047409914 0.212288469 0.093486190 -0.017312953 0.028701879 0.995056093
1341846325.585855 0.288964957 -0.026715573 0.212366134 0.097039446 -0.013609137 0.026481073 0.994835079
1341846325.617990 0.294173688 -0.004463678 0.212497294 0.095233649 -0.012999426 0.025693191 0.995038331
1341846325.653982 0.283322304 -0.023900826 0.219712228 0.090348430 -0.009724136 0.022627719 0.995605648
1341846325.685819 0.282423764 -0.023532577 0.224875957 0.095442884 -0.008730015 0.024059517 0.995105743
1341846325.717857 0.278079629 -0.003746907 0.228252411 0.100982547 -0.007100062 0.031339742 0.994369030
1341846325.754083 0.277032197 -0.003798918 0.225115344 0.103781581 -0.007395990 0.035654295 0.993933260
1341846325.786087 0.283830225 0.001613350 0.222831815 0.110007897 -0.007507828 0.037306018 0.993201911
1341846325.821856 0.279401213 0.021993965 0.223614961 0.114769794 -0.004952807 0.038924169 0.992616832
1341846325.853827 0.270294517 0.027796669 0.228436321 0.115429960 -0.003753545 0.042181771 0.992412448
1341846325.885958 0.267956704 0.040861838 0.229939789 0.115790971 -0.007203131 0.048527855 0.992061257
1341846325.921984 0.269159704 0.043957204 0.234526247 0.114664719 -0.010897368 0.052632477 0.991949081
1341846325.953899 0.273906320 0.048931312 0.231770337 0.117940404 -0.010158071 0.053908575 0.991504252
1341846325.985823 0.266715139 0.063618623 0.233837888 0.121261664 -0.006567253 0.057103593 0.990954876
1341846326.021991 0.261793315 0.062358920 0.232518539 0.123294890 -0.006108121 0.062543459 0.990378380
1341846326.054055 0.265167505 0.081835665 0.234435633 0.129707947 -0.007209729 0.065288864 0.989374101
1341846326.089984 0.267385751 0.099273995 0.233469293 0.132691771 -0.005184398 0.064823322 0.989021659
1341846326.121822 0.270957053 0.113474384 0.244304806 0.132774338 -0.001864981 0.062703751 0.989159048
1341846326.154079 0.268931866 0.112380065 0.247106537 0.132620424 0.000404944 0.062109768 0.989218831
1341846326.190178 0.258148462 0.123600163 0.249928102 0.135337085 0.001034616 0.063600563 0.988755643
1341846326.222162 0.256736398 0.142350674 0.246200517 0.135617107 -0.000863129 0.069510438 0.988319516
1341846326.259181 0.257320136 0.156252325 0.254793763 0.132797703 -0.003896788 0.072840750 0.988455236
1341846326.322766 0.262381911 0.176401109 0.256894976 0.124950819 -0.004467003 0.072922356 0.989469349
1341846326.359773 0.265031517 0.181717455 0.262396842 0.121158585 -0.003551906 0.070393413 0.990127563
1341846326.392109 0.264094442 0.172085613 0.266612530 0.118388489 -0.001148460 0.072182216 0.990339637
1341846326.423985 0.255826414 0.178196073 0.273225963 0.122620568 0.000327591 0.076574586 0.989494979
1341846326.459869 0.257698596 0.195577860 0.270840168 0.125189885 -0.002901310 0.082137667 0.988722622
1341846326.526163 0.274140209 0.230977833 0.265091449 0.125970483 -0.002695157 0.082412779 0.988601148
1341846326.560211 0.267668217 0.243229747 0.283269167 0.121945523 0.001622279 0.081013180 0.989223659
1341846326.591828 0.249704495 0.217657849 0.289232403 0.111104399 0.006321387 0.078756474 0.990663052
1341846326.627027 0.264678538 0.261762142 0.290871352 0.118947878 0.005494292 0.081520937 0.989532948
1341846326.658442 0.253745258 0.249929786 0.298966646 0.109962642 0.011329876 0.076116793 0.990952075
1341846326.694856 0.265529603 0.286094457 0.294116139 0.112806313 0.012096602 0.082285352 0.990130007
1341846326.726206 0.253832728 0.272726774 0.300928473 0.100118607 0.015290136 0.073927701 0.992107451
1341846326.762753 0.254468143 0.289476305 0.298706889 0.094803996 0.018249938 0.070359930 0.992838681
1341846326.826821 0.251667142 0.314896107 0.304707378 0.079834320 0.023475941 0.067211829 0.994262516
1341846326.858887 0.246995568 0.296598643 0.317534775 0.068382069 0.025576597 0.066322282 0.995123684
1341846326.895360 0.239073351 0.314726889 0.322563916 0.069620714 0.025449071 0.068208322 0.994913518
1341846326.926897 0.230594322 0.320702523 0.318288714 0.071243085 0.023166033 0.068894461 0.994807184
1341846326.958888 0.236762866 0.333568603 0.319971889 0.073629670 0.020831186 0.071974136 0.994466960
1341846326.994594 0.239362702 0.343230546 0.317124575 0.073866256 0.021112237 0.075146899 0.994208694
1341846327.026301 0.235933796 0.361990631 0.320778489 0.072824255 0.022921067 0.072303340 0.994456410
1341846327.063945 0.234128147 0.361945868 0.321567714 0.068869993 0.025840152 0.069006979 0.994900644
1341846327.094662 0.232294738 0.377348065 0.290215582 0.068727344 0.027052782 0.064110391 0.995205760
1341846327.128901 0.179793164 0.382657021 0.289269745 0.067555748 0.035440024 0.062277488 0.995139062
1341846327.161940 0.134177297 0.391044647 0.280760884 0.066265911 0.042318955 0.061469071 0.995007277
1341846327.193867 0.074629992 0.390892476 0.285692811 0.064961530 0.054568991 0.059313547 0.994627595
1341846327.229885 0.054534018 0.407572180 0.255463243 0.064715788 0.060725201 0.051073421 0.994744122
1341846327.262014 0.004535412 0.391739428 0.261646301 0.060025748 0.075063504 0.046701353 0.994274318
1341846327.294023 -0.050675459 0.391046733 0.266942114 0.062618151 0.096042804 0.039537504 0.992618501
1341846327.330015 -0.043268088 0.409196734 0.235617206 0.064313911 0.102018826 0.038864486 0.991940200
1341846327.361939 -0.127698809 0.397972435 0.265059680 0.057801798 0.123045295 0.032033280 0.990198314
1341846327.393887 -0.148320377 0.417087376 0.266624182 0.057708874 0.127839506 0.024943009 0.989800274
1341846327.429966 -0.193438962 0.440505445 0.267864645 0.056288630 0.134932145 0.024598479 0.988948822
1341846327.461965 -0.198637649 0.444938719 0.276508868 0.047653440 0.131401464 0.024905477 0.989869952
1341846327.497931 -0.180225313 0.429076552 0.272174269 0.038638502 0.127025619 0.024239073 0.990850151
1341846327.530068 -0.194503665 0.442770958 0.269045174 0.037614331 0.128343657 0.027356224 0.990638494
1341846327.561895 -0.216155961 0.438279301 0.295985311 0.034144443 0.131050229 0.032285862 0.990261376
1341846327.598010 -0.254430622 0.429795206 0.298116326 0.033723135 0.134030476 0.038499389 0.989654660
1341846327.629945 -0.257028967 0.427958190 0.280772805 0.029927295 0.128469989 0.038345337 0.990519762
1341846327.662003 -0.275220841 0.440965831 0.329553932 0.030474788 0.131414503 0.029445376 0.990421355
1341846327.697919 -0.303622007 0.434785753 0.303556740 0.028467400 0.134136170 0.030250194 0.990091920
1341846327.730075 -0.338709325 0.429728061 0.288884401 0.022662595 0.136662081 0.035386521 0.989726067
1341846327.766017 -0.345932007 0.430008352 0.298144072 0.015603362 0.137907282 0.035784535 0.989675462
1341846327.797917 -0.383772731 0.435674757 0.258630723 0.006574534 0.139274567 0.031094313 0.989743650
1341846327.830054 -0.418883562 0.455214381 0.286596596 0.003992389 0.146752581 0.031375032 0.988667428
1341846327.865944 -0.421542197 0.447348297 0.281665593 -0.002732651 0.148291305 0.032505095 0.988405585
1341846327.898010 -0.435272157 0.464422703 0.282980174 -0.004723083 0.150918186 0.031379208 0.988036811
1341846327.929991 -0.439242333 0.470921218 0.291379094 -0.010159237 0.150903970 0.028559044 0.988083541
1341846327.966065 -0.438918591 0.472312778 0.242769271 -0.016416932 0.146812722 0.025853802 0.988690078
1341846327.998073 -0.449289113 0.482173145 0.232350826 -0.023718605 0.148028418 0.022315269 0.988446772
1341846328.034045 -0.466865540 0.482049733 0.232042909 -0.032608595 0.152268663 0.016989101 0.987654924
1341846328.065993 -0.474195659 0.479384035 0.276778370 -0.035856199 0.158059984 0.021748392 0.986538589
1341846328.098045 -0.482746005 0.488343537 0.309962124 -0.031037195 0.163343951 0.027785052 0.985689282
1341846328.133967 -0.503626466 0.493831843 0.324444145 -0.024540357 0.166658595 0.032691464 0.985166967
1341846328.166023 -0.532527804 0.488151759 0.329288423 -0.025492568 0.168339521 0.033071056 0.984844267
1341846328.198018 -0.550741434 0.469045699 0.329312235 -0.026880851 0.167962536 0.035150643 0.984799683
1341846328.234044 -0.574513435 0.450073004 0.347300768 -0.025969224 0.171045065 0.035158478 0.984293163
1341846328.265899 -0.596751511 0.441845357 0.360957623 -0.022659460 0.174029261 0.036515322 0.983802319
1341846328.302051 -0.623904288 0.416416824 0.380051970 -0.021114744 0.179574594 0.038613763 0.982759416
1341846328.333917 -0.648597002 0.394503146 0.401596725 -0.018773917 0.184099749 0.039247520 0.981944203
1341846328.366008 -0.674809217 0.380488366 0.410473377 -0.010629288 0.188366681 0.036310747 0.981369734
1341846328.402010 -0.701722562 0.365987331 0.427604169 0.003604775 0.194777757 0.032952286 0.980287075
1341846328.433920 -0.735038042 0.351015121 0.451851904 0.006018888 0.198348537 0.033658072 0.979534984
1341846328.470003 -0.760233402 0.352188796 0.471782565 0.011403161 0.202668071 0.024047047 0.978885770
1341846328.502194 -0.799068689 0.347648442 0.485018402 0.015373579 0.212186962 0.015608755 0.976983488
1341846328.534033 -0.825506926 0.328645796 0.505330920 0.015848065 0.220329538 0.011407097 0.975230038
1341846328.570125 -0.852064490 0.314300209 0.526818812 0.019287480 0.225773484 0.011512927 0.973920822
1341846328.602804 -0.851140499 0.299077421 0.551462829 0.026426956 0.220863894 0.016634520 0.974804640
1341846328.672663 -0.884296536 0.306195825 0.531225085 0.044214264 0.213625744 0.009894979 0.975864351
1341846328.702975 -0.886876822 0.280679196 0.555852890 0.045397248 0.212120354 0.006491975 0.976166964
1341846328.770129 -0.808557451 0.280093431 0.543489814 0.059099462 0.196117073 -0.005323508 0.978783429
1341846328.802331 -0.800095856 0.280736983 0.552375615 0.063042708 0.191973791 -0.005959577 0.979354978
1341846328.838051 -0.684365571 0.338944376 0.518061459 0.080811314 0.168830141 -0.013026237 0.982240438
1341846328.869939 -0.692705631 0.344990790 0.516867578 0.082077786 0.169293776 -0.014165987 0.982039809
1341846328.904486 0.155110493 0.335739076 0.468307167 0.071737982 0.016909156 0.019009938 0.997098982
1341846328.939814 0.151306450 0.281070143 0.503679693 0.071009591 0.013378100 0.015972430 0.997258008
1341846328.970217 0.183364347 0.311106920 0.482868254 0.078438908 0.007093055 0.026584385 0.996539176
1341846329.006232 0.152458698 0.282273382 0.545718968 0.078348562 0.006032852 0.030161938 0.996451378
1341846329.038243 0.203378722 0.211300135 0.433629394 0.074548021 0.003373566 0.017019700 0.997066438
1341846329.106125 0.244867429 0.222372532 0.372027010 0.077480212 -0.000813413 0.023970839 0.996705353
1341846329.138340 0.244543388 0.208297476 0.371365517 0.079245515 -0.001295137 0.021789581 0.996616125
1341846329.169991 0.250134557 0.216687322 0.367903858 0.083025716 -0.003446475 0.020992968 0.996320307
1341846329.208656 0.243168697 0.184578285 0.339172214 0.080380090 -0.002139806 0.013756420 0.996667087
1341846329.238169 0.238644302 0.178281620 0.331948727 0.079163142 -0.001904571 0.014237184 0.996758163
1341846329.273827 0.240832478 0.167173073 0.333463192 0.077606797 -0.003239574 0.015130335 0.996863961
1341846329.306052 0.263061255 0.173993841 0.333760113 0.080098577 -0.010161334 0.014991877 0.996622443
1341846329.338104 0.255107582 0.172465742 0.332974970 0.076593757 -0.009783183 0.011909863 0.996943235
1341846329.373907 0.277896315 0.153650850 0.327989280 0.073315762 -0.014465902 0.010273288 0.997150958
1341846329.405985 0.279471606 0.142833754 0.326302558 0.074879244 -0.016319836 0.006825122 0.997035682
1341846329.442057 0.275849313 0.139086813 0.321880549 0.073991381 -0.015824836 0.003860438 0.997125864
1341846329.473950 0.277344048 0.126850232 0.319340587 0.072679035 -0.017292680 -0.001374994 0.997204483
1341846329.506147 0.286498815 0.116670527 0.318175167 0.071917653 -0.020849828 -0.003022302 0.997188032
1341846329.542121 0.282766670 0.104155429 0.307158351 0.069576971 -0.023422264 -0.003303987 0.997296154
1341846329.574086 0.305997461 0.100523800 0.247053638 0.073087849 -0.026596202 0.007570534 0.996942043
1341846329.606387 0.298609436 0.105641298 0.239929378 0.076939262 -0.025348907 0.005101860 0.996700346
1341846329.641955 0.306069613 0.103102051 0.237585858 0.076950818 -0.028234195 0.007612130 0.996605933
1341846329.681570 0.304172814 0.088661328 0.239900708 0.075276919 -0.031127080 0.008574115 0.996639848
1341846329.748113 0.316848010 0.085055612 0.239995688 0.077905305 -0.032705415 0.005006423 0.996411502
1341846329.810175 0.316483498 0.060583249 0.237227082 0.075361095 -0.029642306 0.010720443 0.996657908
1341846329.842255 0.318080932 0.052486505 0.237741023 0.076539084 -0.029816886 0.013289894 0.996531963
1341846329.874044 0.312660098 0.047090091 0.233868226 0.078483820 -0.029150404 0.016771141 0.996347904
1341846329.910073 0.315344095 0.053720843 0.231344745 0.079363130 -0.030088937 0.019541303 0.996199846
1341846329.942009 0.311791092 0.048904628 0.232737482 0.074274458 -0.030222224 0.024677720 0.996474206
1341846329.978087 0.305990666 0.023792475 0.230146572 0.071400128 -0.029530518 0.024874626 0.996700168
1341846330.016305 0.309735179 0.029978236 0.227956980 0.073608696 -0.028539991 0.022738436 0.996619344
1341846330.048192 0.317359447 0.030893996 0.222384170 0.069134310 -0.028982030 0.026745239 0.996827483
1341846330.080418 0.314143538 0.012491130 0.222394645 0.064717442 -0.028513009 0.027132293 0.997127116
1341846330.115886 0.313659012 -0.002492918 0.223011672 0.066764697 -0.026964722 0.028284065 0.997003198
1341846330.147839 0.308640063 0.014406598 0.222595647 0.070314363 -0.026481258 0.030484604 0.996707201
1341846330.181257 0.316652954 0.029098406 0.217417359 0.066330850 -0.028342085 0.034041923 0.996813953
1341846330.215852 0.312774301 0.008780275 0.221218184 0.059129827 -0.026607867 0.032162964 0.997377157
1341846330.247833 0.306304961 0.002225165 0.219378367 0.056635551 -0.025451152 0.031147525 0.997584283
1341846330.283913 0.305347025 0.019226173 0.216725871 0.054601140 -0.026159799 0.031322163 0.997673929
1341846330.316011 0.300846249 0.001548738 0.221300736 0.046993051 -0.026589038 0.030408993 0.998078108
1341846330.347868 0.295133948 -0.010181434 0.217777997 0.043784596 -0.027481161 0.029898532 0.998215258
1341846330.383835 0.309020430 -0.010420503 0.217481077 0.042560056 -0.029874129 0.030148888 0.998192012
1341846330.415934 0.305989921 -0.024965301 0.223554328 0.041494574 -0.028633233 0.028675171 0.998316646
1341846330.452561 0.301951379 -0.029515579 0.217388183 0.043699037 -0.028930068 0.027933499 0.998234987
1341846330.483903 0.290523142 -0.023934510 0.217074051 0.043969788 -0.029446306 0.030487351 0.998133302
1341846330.515970 0.294167012 -0.032062244 0.217596412 0.042116448 -0.032393485 0.033776104 0.998016059
1341846330.552099 0.297353834 -0.035349891 0.212915227 0.043535773 -0.033965558 0.036189165 0.997818291
1341846330.583876 0.293958694 -0.025802195 0.212269738 0.043464299 -0.034052659 0.036982585 0.997789323
1341846330.619992 0.285571992 -0.012254268 0.201748267 0.040356416 -0.034366224 0.036451988 0.997928560
1341846330.652136 0.291733414 -0.021604368 0.205059260 0.033352491 -0.036795646 0.034279227 0.998177648
1341846330.683796 0.291941017 -0.025883293 0.201907501 0.028575186 -0.036951646 0.033627156 0.998342216
1341846330.719991 0.288983583 -0.046142083 0.193609208 0.024379356 -0.039331242 0.034545988 0.998331249
1341846330.752103 0.285940349 -0.048394557 0.190846652 0.026511481 -0.043335125 0.038893841 0.997951150
1341846330.787952 0.271940708 -0.042532902 0.182468534 0.027635852 -0.046155892 0.041157473 0.997703314
1341846330.819823 0.280618519 -0.042781461 0.184669212 0.027104253 -0.051903784 0.042793147 0.997366548
1341846330.852208 0.278531373 -0.033183094 0.181671366 0.027722226 -0.053097509 0.042973116 0.997278988
1341846330.914111 0.275693893 -0.026295133 0.169974774 0.018551921 -0.056317054 0.042367168 0.997341096
1341846330.949903 0.267337620 -0.041299630 0.173072219 0.014526646 -0.056656152 0.042561997 0.997380316
1341846330.981986 0.257239938 -0.038650762 0.166250631 0.015532192 -0.060387727 0.041745272 0.997180760
1341846331.014111 0.265740275 -0.025458258 0.166466996 0.016501483 -0.065556660 0.043111250 0.996780574
1341846331.082139 0.264006764 -0.033923339 0.159037307 0.017592208 -0.068120942 0.040157314 0.996713340
1341846331.114334 0.255809724 -0.027518095 0.151568264 0.018071089 -0.069226861 0.039140265 0.996668994
1341846331.149989 0.260818988 -0.036587048 0.156450376 0.017612807 -0.070715003 0.038676199 0.996590853
1341846331.181954 0.256048173 -0.038992558 0.148650452 0.020578360 -0.070493773 0.036471214 0.996632874
1341846331.218151 0.257816285 -0.028354475 0.139654830 0.020227285 -0.074704371 0.039397549 0.996221840
1341846331.249914 0.254282981 -0.068795316 0.146337286 0.010042933 -0.074679032 0.034426160 0.996562600
1341846331.318141 0.252251178 -0.035221916 0.117799014 0.029057644 -0.063551098 0.031455558 0.997059405
1341846331.349926 0.239699930 -0.063424960 0.114229381 0.020654811 -0.058881588 0.026623903 0.997696102
1341846331.382003 0.260443985 -0.083488055 0.119540930 0.022414640 -0.054554902 0.022534156 0.998004794
1341846331.418008 0.248683140 -0.075319029 0.113334343 0.029029511 -0.044466864 0.025525257 0.998262703
1341846331.450327 0.251452595 -0.040482361 0.099195324 0.038081981 -0.040092330 0.030558348 0.998002291
1341846331.486219 0.237767473 -0.067071736 0.105282240 0.030778499 -0.037118245 0.028232798 0.998437703
1341846331.518344 0.242843911 -0.068159901 0.100352921 0.029508468 -0.036187727 0.027109638 0.998541296
1341846331.550202 0.245940194 -0.073857419 0.140701056 0.031345356 -0.031738482 0.026114278 0.998663247
1341846331.586139 0.251980364 -0.055415701 0.159434602 0.035016350 -0.032198302 0.027888354 0.998478532
1341846331.617931 0.268136710 -0.021373533 0.170714065 0.041834999 -0.033694439 0.032005545 0.998043120
1341846331.654027 0.262241334 -0.061228793 0.183269918 0.034149788 -0.029199217 0.028153960 0.998593330
1341846331.686123 0.277661026 -0.012915644 0.195968509 0.045540567 -0.028903076 0.034394681 0.997951686
1341846331.717954 0.267556161 -0.032598931 0.224617407 0.035522934 -0.028901320 0.030722378 0.998478293
1341846331.754076 0.291425020 -0.016031763 0.231166929 0.040124733 -0.030389549 0.032776844 0.998194396
1341846331.785920 0.271540731 -0.045367643 0.253195137 0.035442978 -0.024897862 0.027257243 0.998689592
1341846331.818053 0.285278440 -0.002147919 0.254916579 0.044510581 -0.025371132 0.031763542 0.998181462
1341846331.853849 0.279369950 -0.037960976 0.272323728 0.035464033 -0.024212457 0.027274985 0.998705208
1341846331.885987 0.291256309 -0.040228482 0.277904809 0.037919849 -0.022869213 0.025393389 0.998696327
1341846331.922014 0.289735734 -0.029154131 0.296600640 0.041006304 -0.019469416 0.025274355 0.998649418
1341846331.954037 0.309527516 -0.006255752 0.290613681 0.047427472 -0.019697336 0.029538071 0.998243511
1341846331.986135 0.297337979 -0.041260783 0.312666595 0.041878689 -0.011483302 0.024900420 0.998746395
1341846332.022364 0.281500995 -0.046995141 0.325043499 0.048429690 -0.005456152 0.025123492 0.998495698
1341846332.054175 0.283854008 -0.037660804 0.340905428 0.055602930 -0.006201396 0.027974356 0.998041749
1341846332.086502 0.284317017 -0.035122909 0.349345118 0.058468591 -0.006051946 0.029287789 0.997841179
1341846332.122051 0.280291557 -0.028915277 0.359027356 0.060753241 -0.004724030 0.028146103 0.997744739
1341846332.153983 0.278166264 -0.011696200 0.365088940 0.060210552 -0.005280006 0.026938818 0.997808158
1341846332.190165 0.275897175 -0.008241079 0.386183470 0.054257609 -0.006589775 0.024578670 0.998202682
1341846332.254145 0.269002318 -0.029114204 0.417254001 0.052933495 -0.005275874 0.021628669 0.998349845
1341846332.289948 0.262395650 -0.025512898 0.424215436 0.055018157 -0.004873970 0.024317998 0.998177290
1341846332.322172 0.265892178 -0.028402688 0.436258763 0.055452324 -0.005656109 0.025710104 0.998114228
1341846332.354003 0.277539343 -0.029281676 0.444390386 0.058414578 -0.004811328 0.023833126 0.997996271
1341846332.390180 0.278221607 -0.013304384 0.452062219 0.061355516 -0.000515391 0.020595711 0.997903347
1341846332.422055 0.273777306 -0.013248635 0.466183424 0.059172284 0.002065579 0.016494811 0.998109400
1341846332.458114 0.273176104 -0.019173788 0.473421693 0.057919450 0.004734048 0.013294906 0.998221517
1341846332.489993 0.267704278 -0.013920429 0.483836740 0.059263211 0.006685680 0.015573110 0.998098552
1341846332.522130 0.254597813 -0.011313934 0.501562119 0.058445159 0.004404504 0.021453895 0.998050392
1341846332.558114 0.259227037 -0.012785794 0.505399942 0.058593120 -0.001528958 0.028876213 0.997863054
1341846332.589874 0.282057077 -0.000858258 0.510038078 0.058857594 -0.007418696 0.033911012 0.997662663
1341846332.621889 0.265052617 -0.003098496 0.503714502 0.053622946 -0.004394693 0.033786733 0.997979820
1341846332.658202 0.265712768 -0.008318910 0.514635444 0.049476992 -0.003586929 0.031375900 0.998275876
1341846332.690001 0.250026196 -0.008177270 0.520596504 0.047289331 0.000288134 0.032109901 0.998364985
1341846332.726000 0.246313483 -0.010594534 0.533018053 0.046340432 -0.000386664 0.036641385 0.998253405
1341846332.758386 0.233377784 -0.015992200 0.524068415 0.045457281 -0.000137984 0.035273567 0.998343349
1341846332.789937 0.220849842 -0.021905204 0.517682016 0.042524524 0.003685450 0.032730240 0.998552382
1341846332.825925 0.197962493 -0.011828554 0.524910927 0.043165993 0.010774429 0.032351583 0.998485863
1341846332.857898 0.173222601 -0.013975849 0.533143342 0.043753341 0.017094981 0.029855527 0.998449802
1341846332.894069 0.162623629 -0.013018196 0.529690921 0.042121474 0.018931853 0.030603362 0.998464227
1341846332.926029 0.157741696 -0.006993785 0.529282629 0.039499365 0.020547712 0.029875562 0.998561502
1341846332.958015 0.128082395 -0.007211827 0.541912019 0.036679726 0.029472427 0.026520833 0.998540223
1341846332.994073 0.098804139 -0.015354318 0.545244277 0.031320050 0.036536079 0.024146376 0.998549521
1341846333.026545 0.068212576 -0.024077067 0.550263107 0.027050110 0.044320133 0.021645816 0.998416483
1341846333.057998 0.029764021 -0.033889584 0.557049453 0.024297459 0.055888373 0.021218695 0.997915745
1341846333.094024 -0.010599450 -0.043062307 0.556409001 0.022914464 0.065138310 0.022615898 0.997356713
1341846333.126095 -0.047427922 -0.050940070 0.560164094 0.021517059 0.074222796 0.024924779 0.996697903
1341846333.161973 -0.093673415 -0.046056043 0.568317354 0.021892969 0.085755430 0.028607370 0.995664775
1341846333.195660 -0.094541870 -0.050125252 0.577500641 0.018606676 0.088464610 0.030761404 0.995430350
1341846333.226331 -0.089419328 -0.039835256 0.588780761 0.018443450 0.088860400 0.028747128 0.995458305
1341846333.262056 -0.085586101 -0.034898929 0.583656311 0.015448949 0.087969244 0.027093358 0.995634854
1341846333.294147 -0.090218082 -0.040566880 0.595529675 0.010768287 0.089378111 0.025061546 0.995624185
1341846333.326100 -0.086461186 -0.030194929 0.597777843 0.011370811 0.088024706 0.024483558 0.995752394
1341846333.362100 -0.081718870 -0.040467933 0.601123333 0.004661887 0.087403752 0.025625831 0.995832384
1341846333.394119 -0.081240378 -0.032985263 0.610616326 0.003727439 0.086432442 0.024050916 0.995960355
1341846333.429974 -0.091690645 -0.038816791 0.593711853 0.002667611 0.085939214 0.023894638 0.996010244
1341846333.462115 -0.106550962 -0.048559938 0.590992332 0.000441541 0.088518769 0.023202464 0.995804131
1341846333.494040 -0.139169559 -0.050063685 0.595883727 0.001489590 0.095162950 0.022738069 0.995200872
1341846333.529953 -0.161975622 -0.065665647 0.589838564 -0.002789182 0.099738680 0.019436967 0.994819880
1341846333.562063 -0.189639390 -0.078892514 0.578795373 -0.006386441 0.104504384 0.017066037 0.994357467
1341846333.594090 -0.212454781 -0.068926953 0.589130521 -0.004694928 0.107992865 0.021376697 0.993910730
1341846333.629994 -0.245037630 -0.067166209 0.603365600 -0.008853045 0.112069458 0.018627740 0.993486285
1341846333.662127 -0.271117955 -0.075177930 0.594250679 -0.014380294 0.114254184 0.015448451 0.993227303
1341846333.697964 -0.307460636 -0.086962149 0.604417264 -0.022170752 0.120906450 0.009303405 0.992372632
1341846333.730092 -0.343366861 -0.100260772 0.597173929 -0.024251409 0.126262084 0.005493726 0.991685212
1341846333.762089 -0.379365146 -0.113030002 0.578487515 -0.025410155 0.130524099 0.005635558 0.991103411
1341846333.798006 -0.414080203 -0.108486742 0.573904991 -0.019742159 0.135683432 0.009923863 0.990505815
1341846333.830055 -0.452279776 -0.115335345 0.578024685 -0.018185055 0.144947574 0.010341804 0.989218116
1341846333.866045 -0.488599092 -0.134748802 0.557762265 -0.019606385 0.149268955 0.012245702 0.988526344
1341846333.897987 -0.507376492 -0.140297174 0.559824526 -0.019299271 0.152545139 0.009069663 0.988066375
1341846333.930099 -0.522562027 -0.145054400 0.553282320 -0.018317124 0.154767826 0.005598547 0.987765133
1341846333.965889 -0.544101715 -0.151216522 0.550158620 -0.017397579 0.158784583 0.005601860 0.987144053
1341846333.997985 -0.566934824 -0.149629086 0.552439928 -0.013438988 0.162990093 0.004596479 0.986525416
1341846334.030076 -0.599512637 -0.145062059 0.555587351 -0.009118310 0.169468939 0.004528405 0.985482872
1341846334.066000 -0.622443438 -0.143552974 0.555502951 -0.006723625 0.172471941 0.005895794 0.984973788
1341846334.097932 -0.643737972 -0.141134292 0.555621445 -0.004197299 0.175515115 0.004399902 0.984457910
1341846334.133884 -0.656885624 -0.141578764 0.557539582 -0.002904816 0.177848250 0.004617529 0.984042764
1341846334.166115 -0.664721966 -0.141126990 0.552072048 -0.002560399 0.176845506 0.006459887 0.984214067
1341846334.198072 -0.676561475 -0.141101107 0.549270809 -0.001812350 0.176933631 0.004781833 0.984209478
1341846334.234097 -0.682132781 -0.138392702 0.546257913 -0.000650430 0.178026259 0.002113296 0.984023213
1341846334.266045 -0.694182813 -0.147057056 0.545356631 -0.002316887 0.180883929 0.004628515 0.983490765
1341846334.297946 -0.703662395 -0.147291884 0.545478940 -0.001199730 0.179913983 0.006863936 0.983657598
1341846334.334036 -0.715482533 -0.144256219 0.550434530 -0.000324476 0.179715902 0.007212225 0.983692050
1341846334.365871 -0.726725399 -0.144990876 0.548360169 -0.001333196 0.181292564 0.005792689 0.983411193
1341846334.401845 -0.735546947 -0.144548133 0.552182078 -0.002576973 0.182885811 0.004861537 0.983118713
1341846334.433864 -0.745883763 -0.152507991 0.545658350 -0.003506927 0.182589054 0.007326960 0.983155727
1341846334.466105 -0.757218897 -0.143036649 0.545194745 -0.001269113 0.182512149 0.007126740 0.983176887
1341846334.502142 -0.764603853 -0.139826566 0.538231969 -0.001685290 0.181764081 0.008407189 0.983304739
1341846334.540153 -0.769140959 -0.137702793 0.536108971 -0.001712492 0.180706993 0.007551349 0.983506441
1341846334.602351 -0.788309515 -0.138862893 0.522758305 -0.009262924 0.177716792 0.001454025 0.984036922
1341846334.670161 -0.799761295 -0.142856956 0.516034722 -0.015191007 0.175771534 -0.002962421 0.984309256
1341846334.702085 -0.801944613 -0.142925650 0.506335437 -0.015539447 0.172562718 -0.001384178 0.984874904
1341846334.734751 -0.801555991 -0.138788089 0.497663319 -0.014095311 0.169224873 0.000517443 0.985476494
1341846334.770889 -0.801407814 -0.141178697 0.487635702 -0.014044014 0.166704133 0.004077217 0.985898495
1341846334.802194 -0.801360250 -0.137062818 0.472781479 -0.013290782 0.162951767 0.004568765 0.986533880
1341846334.833908 -0.794988692 -0.138805553 0.463996381 -0.014674080 0.159761399 0.003634463 0.987039804
1341846334.869874 -0.798030376 -0.144424602 0.455847323 -0.017404282 0.159154698 0.004297937 0.987090826
1341846334.902006 -0.802438319 -0.158229038 0.441788971 -0.020925254 0.156660318 0.006029338 0.987412393
1341846334.938010 -0.799264193 -0.150731549 0.429627657 -0.019791720 0.152310431 0.005087089 0.988121390
1341846334.970032 -0.794681907 -0.150654405 0.423890114 -0.019553436 0.150546640 0.004003870 0.988401353
1341846335.002203 -0.793641031 -0.159456700 0.411956787 -0.018932138 0.149506718 0.006056353 0.988560796
1341846335.037880 -0.796219349 -0.171085656 0.392596573 -0.018865572 0.145610392 0.009623762 0.989115298
1341846335.069990 -0.781214893 -0.157447204 0.387266666 -0.015967788 0.139669716 0.009053246 0.990027964
1341846335.106038 -0.788804114 -0.161300629 0.379342079 -0.016271930 0.141815647 0.006324745 0.989739120
1341846335.138045 -0.801742554 -0.165527493 0.378500015 -0.015236952 0.143976033 0.005501646 0.989448547
1341846335.169900 -0.814621210 -0.171150714 0.361959696 -0.016356025 0.141957074 0.007169318 0.989711642
1341846335.206091 -0.817611039 -0.169189185 0.355257362 -0.016868789 0.140216619 0.005032663 0.989964306
1341846335.239365 -0.810681999 -0.174137905 0.347504437 -0.017540352 0.139608100 0.002573814 0.990048051
1341846335.269948 -0.814208925 -0.171739072 0.336706907 -0.015342094 0.140290126 0.000967257 0.989991069
1341846335.305972 -0.810896337 -0.168652892 0.329517037 -0.012467365 0.137044802 0.001493685 0.990485251
1341846335.338012 -0.819023967 -0.164870530 0.322799712 -0.009811575 0.137058362 0.002658619 0.990510821
1341846335.374005 -0.805593312 -0.187069073 0.309194565 -0.008625611 0.136285111 0.003153846 0.990627110
1341846335.406025 -0.807954729 -0.190192923 0.298351198 -0.002035020 0.138044834 0.004648136 0.990412951
1341846335.438079 -0.817239642 -0.183941618 0.286152035 0.004055408 0.139863208 0.007778234 0.990131974
1341846335.473998 -0.819352806 -0.170462504 0.282647431 0.008452839 0.141346142 0.007597065 0.989894927
1341846335.507038 -0.830462217 -0.163760155 0.271685272 0.010149064 0.145202264 0.004358780 0.989340305
1341846335.538040 -0.837542892 -0.159278408 0.262058944 0.009346650 0.147653088 0.002915536 0.988990724
1341846335.574119 -0.836964190 -0.146619529 0.255339503 0.008546013 0.146288022 0.006066386 0.989186466
1341846335.605970 -0.872129858 -0.167485625 0.247920051 0.004571212 0.151164249 0.001589552 0.988496780
1341846335.641978 -0.859033883 -0.169962853 0.229017153 0.005071901 0.149446070 -0.000952569 0.988756359
1341846335.673993 -0.864182293 -0.171215087 0.224247456 0.003915736 0.150230005 0.001161197 0.988642633
1341846335.706178 -0.876660705 -0.180996343 0.212541595 0.002235234 0.150125399 0.001890869 0.988662601
1341846335.741982 -0.848864377 -0.179269105 0.202736735 0.003501594 0.144416913 0.000526500 0.989510536
1341846335.773960 -0.852917254 -0.188694194 0.190782771 0.001218090 0.144896820 0.002229614 0.989443481
1341846335.806271 -0.855874658 -0.189043790 0.173594624 -0.001284393 0.144072726 0.004200516 0.989557326
1341846335.842031 -0.844202459 -0.189219251 0.164475098 -0.002381854 0.142407760 0.001185966 0.989804447
1341846335.873966 -0.858551979 -0.191568628 0.163122594 -0.001810182 0.145872459 0.000305121 0.989301682
1341846335.910005 -0.850889444 -0.202427179 0.156117842 -0.004292900 0.143150508 0.003623704 0.989684939
1341846335.941936 -0.873688638 -0.206287339 0.143828422 -0.005735867 0.144312933 0.005307676 0.989501178
1341846335.974198 -0.877279818 -0.175537169 0.136602402 -0.000602683 0.143323585 0.002355877 0.989672899
1341846336.010032 -0.876126111 -0.183786407 0.123979047 -0.002557425 0.142255545 0.002147666 0.989824295
1341846336.042129 -0.864286363 -0.202074721 0.100087024 -0.006440198 0.137748018 0.003740477 0.990439296
1341846336.078076 -0.874683797 -0.197074890 0.099039525 -0.005268630 0.137009025 0.002611836 0.990552306
1341846336.110739 -0.868997037 -0.188031718 0.092584938 -0.003578241 0.135464475 0.001614962 0.990774393
1341846336.142002 -0.887452066 -0.202195644 0.078178860 -0.005829459 0.137289912 0.003900774 0.990506053
1341846336.183953 -0.836073697 -0.205158457 0.061678372 -0.007204675 0.125269204 0.007956540 0.992064714
1341846336.241891 -0.867949426 -0.166347072 0.061863042 -0.002388582 0.129153430 0.003207740 0.991616488
1341846336.277946 -0.833151579 -0.170033574 0.040463712 -0.001530919 0.122786470 0.009141888 0.992389798
1341846336.309977 -0.779171407 -0.162993476 0.007064139 0.001929978 0.111384943 0.013066328 0.993689537
1341846336.346143 -0.730799198 -0.158166826 -0.026559005 0.003549164 0.101473108 0.015833039 0.994705915
1341846336.714024 0.160051420 0.055164456 -0.026626734 0.044194054 -0.023099428 0.021984603 0.998513937
1341846337.014238 0.116689771 0.055060741 -0.223390698 0.061228245 -0.049618401 0.030212862 0.996431768
1341846337.046017 0.126591623 0.071493268 -0.192892253 0.059701908 -0.052199140 0.025965923 0.996512294
1341846337.082104 0.158748299 0.077097282 -0.196090490 0.058866974 -0.054145616 0.024074309 0.996505558
1341846337.114317 0.186809346 0.081864908 -0.188657194 0.057376273 -0.057628822 0.023333576 0.996414781
1341846337.150037 0.214759618 0.086333200 -0.177638620 0.055845462 -0.060455739 0.021075448 0.996384561
1341846337.181873 0.244255736 0.092343308 -0.176499575 0.055870626 -0.061966240 0.018651139 0.996338665
1341846337.350018 0.083019078 0.068840668 -0.279475182 0.048844360 -0.058710299 0.020326557 0.996872187
1341846337.382159 0.175303593 -0.010506130 -0.280801624 0.043558039 -0.061559923 0.015210086 0.997036457
1341846337.417941 0.182515725 -0.018076139 -0.282420009 0.043073621 -0.061561868 0.016581185 0.997035563
1341846337.450137 0.189576432 -0.014313516 -0.292666763 0.043877088 -0.063865587 0.017844258 0.996833742
1341846337.482096 0.193069592 -0.012221838 -0.289267838 0.043015901 -0.064333402 0.017725529 0.996843338
1341846337.518008 0.192465857 -0.014763737 -0.283347517 0.043822367 -0.064576849 0.017792113 0.996791244
1341846337.549978 0.193541974 -0.004840221 -0.289773732 0.044355698 -0.065428704 0.016978625 0.996726334
1341846337.585971 0.194470450 -0.006970467 -0.279542178 0.041627377 -0.065926053 0.016127652 0.996825397
1341846337.617903 0.199562863 -0.013623223 -0.265829414 0.042172831 -0.067078926 0.017182695 0.996707916
1341846337.650141 0.204272225 -0.003289529 -0.269140214 0.044960193 -0.067826979 0.017050430 0.996537685
1341846337.686352 0.207215205 0.002088890 -0.266495734 0.043765146 -0.067839473 0.017516116 0.996581972
1341846337.718002 0.210993171 -0.000007233 -0.259080321 0.041901331 -0.067098849 0.017051192 0.996720254
