frame_id dynamic_keypoints dynamic_map_points suppressed_map_points dynamic_objects static_objects total_objects
1 274 0 0 2 4 6
1 274 0 0 2 4 6
2 255 0 0 2 4 6
2 255 0 0 2 4 6
3 225 0 0 2 5 7
3 225 0 0 2 5 7
4 262 0 0 2 3 5
4 262 0 0 2 3 5
5 340 0 0 2 2 4
5 340 0 0 2 2 4
6 397 0 0 2 0 2
6 397 0 0 2 0 2
7 386 0 0 2 1 3
7 386 0 0 2 1 3
8 260 0 0 2 4 6
8 260 0 0 2 4 6
9 245 0 0 2 4 6
9 245 0 0 2 4 6
10 254 0 0 2 4 6
10 254 0 0 2 4 6
11 252 0 0 2 3 5
11 252 0 0 2 3 5
12 198 0 0 2 5 7
12 198 0 0 2 5 7
13 268 0 0 2 4 6
13 268 0 0 2 4 6
14 287 0 0 2 3 5
14 287 0 0 2 3 5
15 320 0 0 2 2 4
15 320 0 0 2 2 4
16 304 0 0 2 2 4
16 304 0 0 2 2 4
17 392 0 0 2 1 3
17 392 0 0 2 1 3
18 348 0 0 2 1 3
18 348 0 0 2 1 3
19 388 0 0 2 1 3
19 388 0 0 2 1 3
20 402 0 0 2 1 3
20 402 0 0 2 1 3
21 353 0 0 2 2 4
21 353 0 0 2 2 4
22 355 0 0 2 2 4
22 355 0 0 2 2 4
23 353 0 0 2 3 5
23 353 0 0 2 3 5
24 382 0 0 2 3 5
24 382 0 0 2 3 5
25 505 0 0 2 3 5
25 505 0 0 2 3 5
26 558 0 0 2 3 5
26 558 0 0 2 3 5
27 465 0 0 2 4 6
27 465 0 0 2 4 6
28 459 0 0 2 4 6
28 459 0 0 2 4 6
29 481 0 0 2 4 6
29 481 0 0 2 4 6
30 537 0 0 2 2 4
30 537 0 0 2 2 4
31 503 0 0 2 2 4
31 503 0 0 2 2 4
32 472 0 0 2 2 4
32 472 0 0 2 2 4
33 493 0 0 2 3 5
33 493 0 0 2 3 5
34 482 0 0 2 1 3
34 482 0 0 2 1 3
35 453 0 0 2 3 5
35 453 0 0 2 3 5
36 461 0 0 2 3 5
36 461 0 0 2 3 5
37 496 0 0 2 2 4
37 496 0 0 2 2 4
38 486 0 0 2 1 3
38 486 0 0 2 1 3
39 437 0 0 2 1 3
39 437 0 0 2 1 3
40 462 0 0 2 1 3
40 462 0 0 2 1 3
41 446 0 0 2 1 3
41 446 0 0 2 1 3
42 416 0 0 2 1 4
42 416 0 0 2 1 4
43 420 0 0 2 1 4
43 420 0 0 2 1 4
44 388 0 0 2 1 3
44 388 0 0 2 1 3
45 345 0 0 1 2 3
45 345 0 0 1 2 3
46 334 0 0 1 1 2
46 334 0 0 1 1 2
47 347 0 0 1 2 3
47 347 0 0 1 2 3
48 298 0 0 1 2 3
48 298 0 0 1 2 3
49 281 0 0 1 1 2
49 281 0 0 1 1 2
50 320 0 0 1 1 2
50 320 0 0 1 1 2
51 329 0 0 1 3 4
51 329 0 0 1 3 4
52 293 0 0 1 2 3
52 293 0 0 1 2 3
53 302 0 0 1 3 4
53 302 0 0 1 3 4
54 347 0 0 1 2 3
54 347 0 0 1 2 3
55 368 0 0 2 1 3
55 368 0 0 2 1 3
56 369 0 0 2 2 4
56 369 0 0 2 2 4
57 395 0 0 2 2 4
57 395 0 0 2 2 4
58 441 0 0 2 3 5
58 441 0 0 2 3 5
59 448 0 0 2 2 4
59 448 0 0 2 2 4
60 475 0 0 2 2 4
60 475 0 0 2 2 4
61 519 0 0 2 1 3
61 519 0 0 2 1 3
62 501 0 0 2 1 3
62 501 0 0 2 1 3
63 495 0 0 2 1 3
63 495 0 0 2 1 3
64 544 0 0 2 1 3
64 544 0 0 2 1 3
65 563 0 0 2 1 3
65 563 0 0 2 1 3
66 584 0 0 2 2 4
66 584 0 0 2 2 4
67 585 0 0 2 1 3
67 585 0 0 2 1 3
68 666 0 0 2 1 3
68 666 0 0 2 1 3
69 612 0 0 2 1 3
69 612 0 0 2 1 3
70 626 0 0 2 1 3
70 626 0 0 2 1 3
71 662 0 0 2 1 3
71 662 0 0 2 1 3
72 639 0 0 2 1 3
72 639 0 0 2 1 3
105 228 0 14 1 2 3
106 227 0 10 1 3 4
106 227 0 0 1 3 4
107 223 0 0 1 3 4
107 223 0 0 1 3 4
108 188 0 0 1 3 4
108 188 0 0 1 3 4
109 193 0 0 1 4 5
109 193 0 0 1 4 5
110 238 0 0 1 4 5
110 238 0 0 1 4 5
111 196 0 0 1 3 4
111 196 0 0 1 3 4
112 235 0 0 1 3 4
112 235 0 0 1 3 4
113 221 0 0 1 2 3
113 221 0 0 1 2 3
114 255 0 0 1 2 3
114 255 0 0 1 2 3
115 294 0 0 1 1 2
115 294 0 0 1 1 2
116 290 0 0 1 2 3
116 290 0 0 1 2 3
117 284 0 0 1 1 2
117 284 0 0 1 1 2
118 272 0 0 1 1 2
118 272 0 0 1 1 2
119 234 0 0 1 3 4
119 234 0 0 1 3 4
120 208 0 0 1 3 4
120 208 0 0 1 3 4
121 220 0 0 1 1 2
121 220 0 0 1 1 2
122 187 0 0 1 1 2
122 187 0 0 1 1 2
123 173 0 0 1 2 4
123 173 0 0 1 2 4
124 131 0 0 1 3 5
124 131 0 0 1 3 5
125 89 0 0 1 4 5
125 89 0 0 1 4 5
126 72 0 0 1 4 5
126 72 0 0 1 4 5
127 70 0 0 1 3 4
127 70 0 0 1 3 4
128 76 0 0 1 2 3
128 76 0 0 1 2 3
129 66 0 0 1 2 3
129 66 0 0 1 2 3
130 53 0 0 1 2 3
130 53 0 0 1 2 3
131 41 0 0 1 2 3
131 41 0 0 1 2 3
132 39 0 0 1 2 3
132 39 0 0 1 2 3
133 26 0 0 1 3 4
133 26 0 0 1 3 4
134 28 0 0 1 4 5
134 28 0 0 1 4 5
135 19 0 0 1 3 4
135 19 0 0 1 3 4
136 0 0 0 0 4 4
136 0 0 0 0 4 4
137 0 0 0 0 4 4
137 0 0 0 0 4 4
138 0 0 0 0 4 4
138 0 0 0 0 4 4
139 0 0 0 0 2 2
139 0 0 0 0 2 2
140 0 0 0 0 2 2
140 0 0 0 0 2 2
141 0 0 0 0 2 2
141 0 0 0 0 2 2
142 0 0 0 0 2 2
142 0 0 0 0 2 2
143 0 0 0 0 2 2
143 0 0 0 0 2 2
144 0 0 0 0 2 2
144 0 0 0 0 2 2
145 0 0 0 0 2 2
145 0 0 0 0 2 2
146 0 0 0 0 2 2
146 0 0 0 0 2 2
147 0 0 0 0 2 2
147 0 0 0 0 2 2
148 0 0 0 0 2 2
148 0 0 0 0 2 2
149 0 0 0 0 2 2
149 0 0 0 0 2 2
150 0 0 0 0 4 4
150 0 0 0 0 4 4
151 0 0 0 0 3 4
151 0 0 0 0 3 4
152 0 0 0 0 3 3
152 0 0 0 0 3 3
153 0 0 0 0 3 3
153 0 0 0 0 3 3
154 0 0 0 0 3 3
154 0 0 0 0 3 3
155 0 0 0 0 2 2
155 0 0 0 0 2 2
156 0 0 0 0 2 2
156 0 0 0 0 2 2
157 0 0 0 0 2 2
157 0 0 0 0 2 2
158 0 0 0 0 2 2
158 0 0 0 0 2 2
159 20 0 0 1 2 3
159 20 0 0 1 2 3
160 36 0 0 1 2 3
160 36 0 0 1 2 3
161 43 0 0 1 2 3
161 43 0 0 1 2 3
162 53 0 0 1 2 3
162 53 0 0 1 2 3
163 50 0 0 1 2 3
163 50 0 0 1 2 3
164 69 0 0 1 2 3
164 69 0 0 1 2 3
165 81 0 0 1 2 3
165 81 0 0 1 2 3
166 66 0 0 1 2 3
166 66 0 0 1 2 3
167 76 0 0 1 2 4
167 76 0 0 1 2 4
168 94 0 0 1 2 3
168 94 0 0 1 2 3
169 111 0 0 1 2 3
169 111 0 0 1 2 3
170 118 0 0 1 3 5
170 118 0 0 1 3 5
171 139 0 0 1 2 3
171 139 0 0 1 2 3
172 75 0 0 1 3 4
172 75 0 0 1 3 4
173 72 0 0 1 3 4
173 72 0 0 1 3 4
174 66 0 0 1 2 3
174 66 0 0 1 2 3
175 58 0 0 1 3 4
175 58 0 0 1 3 4
176 85 0 0 2 3 5
176 85 0 0 2 3 5
177 102 0 0 1 3 4
177 102 0 0 1 3 4
178 67 0 0 1 3 5
178 67 0 0 1 3 5
179 115 0 0 2 2 4
179 115 0 0 2 2 4
180 90 0 0 1 3 5
180 90 0 0 1 3 5
181 74 0 0 1 3 5
181 74 0 0 1 3 5
182 73 0 0 2 3 5
182 73 0 0 2 3 5
183 47 0 0 1 3 4
183 47 0 0 1 3 4
184 35 0 0 1 3 4
184 35 0 0 1 3 4
185 28 0 0 1 3 4
185 28 0 0 1 3 4
186 31 0 0 1 4 5
186 31 0 0 1 4 5
187 44 0 0 1 3 4
187 44 0 0 1 3 4
188 43 0 0 1 2 4
188 43 0 0 1 2 4
189 35 0 0 1 2 3
189 35 0 0 1 2 3
190 31 0 0 1 2 3
190 31 0 0 1 2 3
191 40 0 0 1 3 4
191 40 0 0 1 3 4
192 32 0 0 1 2 3
192 32 0 0 1 2 3
193 21 0 0 1 2 3
193 21 0 0 1 2 3
194 22 0 0 1 2 3
194 22 0 0 1 2 3
195 16 0 0 1 2 4
195 16 0 0 1 2 4
196 19 0 0 1 3 4
196 19 0 0 1 3 4
197 0 0 0 0 4 4
197 0 0 0 0 4 4
198 0 0 0 0 4 4
198 0 0 0 0 4 4
199 0 0 0 0 2 3
199 0 0 0 0 2 3
200 0 0 0 0 2 2
200 0 0 0 0 2 2
201 0 0 0 0 3 4
201 0 0 0 0 3 4
202 0 0 0 0 2 2
202 0 0 0 0 2 2
203 0 0 0 0 3 3
203 0 0 0 0 3 3
204 0 0 0 0 3 3
204 0 0 0 0 3 3
205 0 0 0 0 2 2
205 0 0 0 0 2 2
206 0 0 0 0 2 2
206 0 0 0 0 2 2
207 0 0 0 0 2 2
207 0 0 0 0 2 2
208 5 0 0 1 2 3
208 5 0 0 1 2 3
209 0 0 0 0 2 2
209 0 0 0 0 2 2
210 0 0 0 0 2 2
210 0 0 0 0 2 2
211 0 0 0 0 2 2
211 0 0 0 0 2 2
212 0 0 0 0 2 2
212 0 0 0 0 2 2
213 0 0 0 0 2 2
213 0 0 0 0 2 2
214 0 0 0 0 2 2
214 0 0 0 0 2 2
215 0 0 0 0 3 3
215 0 0 0 0 3 3
216 0 0 0 0 3 3
216 0 0 0 0 3 3
217 0 0 0 0 3 3
217 0 0 0 0 3 3
218 51 0 0 1 3 4
218 51 0 0 1 3 4
219 70 0 0 1 3 4
219 70 0 0 1 3 4
220 153 0 0 2 3 5
220 153 0 0 2 3 5
221 207 0 0 1 2 3
221 207 0 0 1 2 3
222 272 0 0 1 2 3
222 272 0 0 1 2 3
223 456 0 0 1 2 3
223 456 0 0 1 2 3
224 388 0 0 1 2 3
224 388 0 0 1 2 3
225 447 0 0 1 2 3
225 447 0 0 1 2 3
226 512 0 0 1 3 4
226 512 0 0 1 3 4
227 498 0 0 1 2 3
227 498 0 0 1 2 3
228 514 0 0 1 2 3
228 514 0 0 1 2 3
229 490 0 0 1 3 4
229 490 0 0 1 3 4
230 513 0 0 2 2 4
230 513 0 0 2 2 4
231 478 0 0 2 2 4
231 478 0 0 2 2 4
232 502 0 0 2 2 4
232 502 0 0 2 2 4
233 521 0 0 1 2 3
233 521 0 0 1 2 3
234 499 0 0 2 1 3
234 499 0 0 2 1 3
235 497 0 0 2 2 4
235 497 0 0 2 2 4
236 471 0 0 1 2 3
236 471 0 0 1 2 3
237 473 0 0 1 1 2
237 473 0 0 1 1 2
238 480 0 0 1 1 2
238 480 0 0 1 1 2
239 489 0 0 1 1 2
239 489 0 0 1 1 2
240 471 0 0 1 1 2
240 471 0 0 1 1 2
241 495 0 0 1 1 2
241 495 0 0 1 1 2
242 478 0 0 1 1 2
242 478 0 0 1 1 2
243 295 0 0 1 2 3
243 295 0 0 1 2 3
244 356 0 0 1 1 2
244 356 0 0 1 1 2
245 359 0 0 1 1 2
245 359 0 0 1 1 2
246 313 0 0 1 1 2
246 313 0 0 1 1 2
247 259 0 0 1 1 4
247 259 0 0 1 1 4
248 292 0 0 1 1 3
248 292 0 0 1 1 3
249 282 0 0 1 1 2
249 282 0 0 1 1 2
250 256 0 0 1 1 2
250 256 0 0 1 1 2
251 242 0 0 1 1 2
251 242 0 0 1 1 2
252 272 0 0 1 1 2
252 272 0 0 1 1 2
253 277 0 0 1 1 3
253 277 0 0 1 1 3
254 234 0 0 1 3 7
254 234 0 0 1 3 7
255 223 0 0 1 3 5
255 223 0 0 1 3 5
256 189 0 0 1 2 5
256 189 0 0 1 2 5
257 175 0 0 1 3 6
257 175 0 0 1 3 6
258 193 0 0 1 4 6
258 193 0 0 1 4 6
259 160 0 0 1 3 6
259 160 0 0 1 3 6
260 203 0 0 1 2 4
260 203 0 0 1 2 4
261 210 0 0 1 2 4
261 210 0 0 1 2 4
262 217 0 0 1 2 3
262 217 0 0 1 2 3
263 223 0 0 1 2 3
263 223 0 0 1 2 3
264 216 0 0 1 2 4
264 216 0 0 1 2 4
265 234 0 0 1 2 3
265 234 0 0 1 2 3
266 248 0 0 1 2 5
266 248 0 0 1 2 5
267 236 0 0 1 2 4
267 236 0 0 1 2 4
268 224 0 0 1 2 4
268 224 0 0 1 2 4
269 259 0 0 1 2 4
269 259 0 0 1 2 4
270 242 0 0 1 2 3
270 242 0 0 1 2 3
271 230 0 0 1 2 3
271 230 0 0 1 2 3
272 210 0 0 1 2 4
272 210 0 0 1 2 4
273 205 0 0 1 2 4
273 205 0 0 1 2 4
274 205 0 0 1 2 4
274 205 0 0 1 2 4
275 195 0 0 1 2 3
275 195 0 0 1 2 3
276 186 0 0 1 2 3
276 186 0 0 1 2 3
277 191 0 0 1 2 4
277 191 0 0 1 2 4
278 182 0 0 1 2 4
278 182 0 0 1 2 4
279 192 0 0 1 2 4
279 192 0 0 1 2 4
280 177 0 0 1 2 5
280 177 0 0 1 2 5
281 185 0 0 1 2 4
281 185 0 0 1 2 4
282 185 0 0 1 2 3
282 185 0 0 1 2 3
283 177 0 0 1 2 4
283 177 0 0 1 2 4
284 168 0 0 1 2 5
284 168 0 0 1 2 5
285 176 0 0 1 2 4
285 176 0 0 1 2 4
286 197 0 0 1 2 5
286 197 0 0 1 2 5
287 176 0 0 1 2 5
287 176 0 0 1 2 5
288 172 0 0 1 3 7
288 172 0 0 1 3 7
289 159 0 0 1 3 6
289 159 0 0 1 3 6
290 183 0 0 1 3 6
290 183 0 0 1 3 6
291 162 0 0 1 4 7
291 162 0 0 1 4 7
292 173 0 0 1 4 7
292 173 0 0 1 4 7
293 169 0 0 1 3 6
293 169 0 0 1 3 6
294 163 0 0 1 4 7
294 163 0 0 1 4 7
295 140 0 0 1 4 6
295 140 0 0 1 4 6
296 144 0 0 1 4 6
296 144 0 0 1 4 6
297 150 0 0 1 4 7
297 150 0 0 1 4 7
298 181 0 0 1 4 7
298 181 0 0 1 4 7
299 199 0 0 1 4 7
299 199 0 0 1 4 7
300 233 0 0 1 3 6
300 233 0 0 1 3 6
301 232 0 0 1 4 7
301 232 0 0 1 4 7
302 218 0 0 1 3 6
302 218 0 0 1 3 6
303 225 0 0 1 3 6
303 225 0 0 1 3 6
304 222 0 0 1 4 6
304 222 0 0 1 4 6
305 230 0 0 1 4 7
305 230 0 0 1 4 7
306 228 0 0 1 4 6
306 228 0 0 1 4 6
307 240 0 0 1 4 6
307 240 0 0 1 4 6
308 209 0 0 1 4 7
308 209 0 0 1 4 7
309 192 0 0 1 4 7
309 192 0 0 1 4 7
310 199 0 0 1 4 5
310 199 0 0 1 4 5
311 233 0 0 1 2 3
311 233 0 0 1 2 3
312 213 0 0 1 4 6
312 213 0 0 1 4 6
313 257 0 0 1 3 5
313 257 0 0 1 3 5
314 237 0 0 1 4 7
314 237 0 0 1 4 7
315 251 0 0 1 4 7
315 251 0 0 1 4 7
316 233 0 0 1 4 6
316 233 0 0 1 4 6
317 274 0 0 1 3 4
317 274 0 0 1 3 4
318 258 0 0 1 3 5
318 258 0 0 1 3 5
319 254 0 0 1 3 4
319 254 0 0 1 3 4
320 230 0 0 1 3 4
320 230 0 0 1 3 4
321 195 0 0 1 3 4
321 195 0 0 1 3 4
322 193 0 0 1 3 4
322 193 0 0 1 3 4
323 185 0 0 1 4 5
323 185 0 0 1 4 5
324 161 0 0 1 4 6
324 161 0 0 1 4 6
325 164 0 0 1 4 5
325 164 0 0 1 4 5
326 140 0 0 1 3 4
326 140 0 0 1 3 4
327 134 0 0 1 3 4
327 134 0 0 1 3 4
328 123 0 0 1 3 4
328 123 0 0 1 3 4
329 134 0 0 1 3 4
329 134 0 0 1 3 4
330 149 0 0 1 3 5
330 149 0 0 1 3 5
331 113 0 0 1 4 6
331 113 0 0 1 4 6
332 111 0 0 1 3 4
332 111 0 0 1 3 4
333 89 0 0 1 3 4
333 89 0 0 1 3 4
334 65 0 0 1 3 4
334 65 0 0 1 3 4
335 65 0 0 1 4 5
335 65 0 0 1 4 5
336 60 0 0 1 4 5
336 60 0 0 1 4 5
337 45 0 0 1 5 6
337 45 0 0 1 5 6
338 55 0 0 1 3 4
338 55 0 0 1 3 4
339 41 0 0 1 3 4
339 41 0 0 1 3 4
340 37 0 0 1 4 5
340 37 0 0 1 4 5
341 45 0 0 1 3 4
341 45 0 0 1 3 4
342 61 0 0 1 3 4
342 61 0 0 1 3 4
343 27 0 0 1 4 5
343 27 0 0 1 4 5
344 90 0 0 1 3 4
344 90 0 0 1 3 4
345 98 0 0 1 5 6
345 98 0 0 1 5 6
346 71 0 0 1 3 4
346 71 0 0 1 3 4
347 119 0 0 1 3 5
347 119 0 0 1 3 5
348 65 0 0 1 3 4
348 65 0 0 1 3 4
349 54 0 0 1 3 4
349 54 0 0 1 3 4
350 74 0 0 1 3 4
350 74 0 0 1 3 4
351 29 0 0 1 4 6
351 29 0 0 1 4 6
352 28 0 0 1 4 5
352 28 0 0 1 4 5
353 31 0 0 1 4 5
353 31 0 0 1 4 5
354 30 0 0 1 5 6
354 30 0 0 1 5 6
355 31 0 0 1 5 6
355 31 0 0 1 5 6
356 42 0 0 1 6 7
356 42 0 0 1 6 7
357 39 0 0 1 4 5
357 39 0 0 1 4 5
358 37 0 0 1 5 6
358 37 0 0 1 5 6
359 43 0 0 1 5 6
359 43 0 0 1 5 6
360 0 0 0 0 5 5
360 0 0 0 0 5 5
361 0 0 0 0 5 5
361 0 0 0 0 5 5
362 0 0 0 0 5 5
362 0 0 0 0 5 5
363 0 0 0 0 5 5
363 0 0 0 0 5 5
364 0 0 0 0 5 5
364 0 0 0 0 5 5
365 0 0 0 0 5 5
365 0 0 0 0 5 5
366 0 0 0 0 4 4
366 0 0 0 0 4 4
367 0 0 0 0 5 5
367 0 0 0 0 5 5
368 10 0 0 1 5 6
368 10 0 0 1 5 6
369 10 0 0 1 4 5
369 10 0 0 1 4 5
370 9 0 0 1 4 5
370 9 0 0 1 4 5
371 4 0 0 1 4 5
371 4 0 0 1 4 5
372 0 0 0 0 4 4
372 0 0 0 0 4 4
373 0 0 0 0 5 5
373 0 0 0 0 5 5
374 4 0 0 1 5 6
374 4 0 0 1 5 6
375 4 0 0 1 4 5
375 4 0 0 1 4 5
376 0 0 0 0 4 4
376 0 0 0 0 4 4
377 0 0 0 1 4 5
377 0 0 0 1 4 5
378 0 0 0 1 4 5
378 0 0 0 1 4 5
379 0 0 0 1 5 6
379 0 0 0 1 5 6
380 0 0 0 0 4 5
380 0 0 0 0 4 5
381 0 0 0 0 4 4
381 0 0 0 0 4 4
382 0 0 0 0 4 5
382 0 0 0 0 4 5
383 6 0 0 1 4 6
383 6 0 0 1 4 6
384 0 0 0 0 5 5
384 0 0 0 0 5 5
385 0 0 0 0 5 5
385 0 0 0 0 5 5
386 0 0 0 0 4 4
386 0 0 0 0 4 4
387 0 0 0 0 4 4
387 0 0 0 0 4 4
388 0 0 0 0 5 5
388 0 0 0 0 5 5
389 0 0 0 0 5 5
389 0 0 0 0 5 5
390 0 0 0 0 5 5
390 0 0 0 0 5 5
391 0 0 0 0 5 5
391 0 0 0 0 5 5
392 0 0 0 0 5 5
392 0 0 0 0 5 5
393 0 0 0 0 5 5
393 0 0 0 0 5 5
394 0 0 0 0 5 5
394 0 0 0 0 5 5
395 0 0 0 0 5 5
395 0 0 0 0 5 5
396 0 0 0 0 5 5
396 0 0 0 0 5 5
397 0 0 0 0 4 4
397 0 0 0 0 4 4
398 0 0 0 0 5 5
398 0 0 0 0 5 5
399 0 0 0 0 5 5
399 0 0 0 0 5 5
400 0 0 0 0 5 5
400 0 0 0 0 5 5
401 0 0 0 0 5 5
401 0 0 0 0 5 5
402 0 0 0 0 5 6
402 0 0 0 0 5 6
403 0 0 0 0 5 5
403 0 0 0 0 5 5
404 0 0 0 0 5 5
404 0 0 0 0 5 5
405 0 0 0 0 5 5
405 0 0 0 0 5 5
406 0 0 0 0 5 5
406 0 0 0 0 5 5
407 0 0 0 0 5 5
407 0 0 0 0 5 5
408 0 0 0 0 5 5
408 0 0 0 0 5 5
409 0 0 0 0 5 5
409 0 0 0 0 5 5
410 0 0 0 0 5 5
410 0 0 0 0 5 5
411 0 0 0 0 5 5
411 0 0 0 0 5 5
412 0 0 0 0 5 5
412 0 0 0 0 5 5
413 0 0 0 0 5 5
413 0 0 0 0 5 5
414 0 0 0 0 5 5
414 0 0 0 0 5 5
415 0 0 0 0 5 5
415 0 0 0 0 5 5
416 0 0 0 0 5 5
416 0 0 0 0 5 5
417 0 0 0 0 4 4
417 0 0 0 0 4 4
418 0 0 0 0 4 4
418 0 0 0 0 4 4
419 318 0 0 1 4 5
419 318 0 0 1 4 5
420 314 0 0 1 4 5
420 314 0 0 1 4 5
421 345 0 0 1 3 4
421 345 0 0 1 3 4
422 359 0 0 1 3 4
422 359 0 0 1 3 4
423 388 0 0 1 3 4
423 388 0 0 1 3 4
424 380 0 0 1 3 4
424 380 0 0 1 3 4
425 384 0 0 1 3 4
425 384 0 0 1 3 4
426 388 0 0 1 3 4
426 388 0 0 1 3 4
427 386 0 0 1 3 4
427 386 0 0 1 3 4
428 390 0 0 1 3 4
428 390 0 0 1 3 4
429 362 0 0 1 3 4
429 362 0 0 1 3 4
430 377 0 0 1 3 4
430 377 0 0 1 3 4
431 280 0 0 1 4 5
431 280 0 0 1 4 5
432 353 0 0 1 4 5
432 353 0 0 1 4 5
433 368 0 0 1 4 5
433 368 0 0 1 4 5
434 355 0 0 1 4 5
434 355 0 0 1 4 5
435 331 0 0 1 3 4
435 331 0 0 1 3 4
436 383 0 0 1 3 4
436 383 0 0 1 3 4
437 429 0 0 1 3 4
437 429 0 0 1 3 4
438 381 0 0 1 3 4
438 381 0 0 1 3 4
439 349 0 0 1 3 4
439 349 0 0 1 3 4
440 361 0 0 1 3 4
440 361 0 0 1 3 4
441 321 0 0 1 3 4
441 321 0 0 1 3 4
442 306 0 0 1 2 3
442 306 0 0 1 2 3
443 322 0 0 1 2 3
443 322 0 0 1 2 3
444 323 0 0 1 3 4
444 323 0 0 1 3 4
445 313 0 0 1 3 4
445 313 0 0 1 3 4
446 413 0 0 1 1 2
446 413 0 0 1 1 2
447 461 0 0 1 1 2
447 461 0 0 1 1 2
448 507 0 0 1 1 2
448 507 0 0 1 1 2
449 594 0 0 1 2 3
449 594 0 0 1 2 3
450 556 0 0 1 3 4
450 556 0 0 1 3 4
451 558 0 0 1 2 3
451 558 0 0 1 2 3
452 583 0 0 1 3 4
452 583 0 0 1 3 4
453 586 0 0 1 3 4
453 586 0 0 1 3 4
454 580 0 0 1 2 4
454 580 0 0 1 2 4
455 570 0 0 1 2 4
455 570 0 0 1 2 4
456 601 0 0 1 2 4
456 601 0 0 1 2 4
457 562 0 0 1 2 4
457 562 0 0 1 2 4
458 572 0 0 1 2 4
458 572 0 0 1 2 4
459 553 0 0 1 2 4
459 553 0 0 1 2 4
460 515 0 0 1 2 4
460 515 0 0 1 2 4
461 524 0 0 1 2 4
461 524 0 0 1 2 4
462 545 0 0 1 2 3
462 545 0 0 1 2 3
463 498 0 0 1 2 3
463 498 0 0 1 2 3
464 487 0 0 1 2 3
464 487 0 0 1 2 3
465 489 0 0 1 2 4
465 489 0 0 1 2 4
466 494 0 0 1 2 4
466 494 0 0 1 2 4
467 502 0 0 1 2 6
467 502 0 0 1 2 6
468 483 0 0 1 2 5
468 483 0 0 1 2 5
469 512 0 0 1 2 5
469 512 0 0 1 2 5
470 517 0 0 1 2 5
470 517 0 0 1 2 5
471 533 0 0 1 2 5
471 533 0 0 1 2 5
472 521 0 0 1 2 4
472 521 0 0 1 2 4
473 541 0 0 1 2 4
473 541 0 0 1 2 4
474 521 0 0 1 2 3
474 521 0 0 1 2 3
475 561 0 0 1 2 3
475 561 0 0 1 2 3
476 476 0 0 1 2 3
476 476 0 0 1 2 3
477 485 0 0 1 2 5
477 485 0 0 1 2 5
478 499 0 0 1 2 4
478 499 0 0 1 2 4
479 503 0 0 1 2 4
479 503 0 0 1 2 4
480 432 0 0 1 3 5
480 432 0 0 1 3 5
481 412 0 0 1 3 5
481 412 0 0 1 3 5
482 366 0 0 1 3 5
482 366 0 0 1 3 5
483 363 0 0 1 3 5
483 363 0 0 1 3 5
484 348 0 0 1 3 5
484 348 0 0 1 3 5
485 342 0 0 1 3 5
485 342 0 0 1 3 5
486 347 0 0 1 3 5
486 347 0 0 1 3 5
487 341 0 0 1 3 5
487 341 0 0 1 3 5
488 350 0 0 1 3 5
488 350 0 0 1 3 5
489 342 0 0 1 3 5
489 342 0 0 1 3 5
490 381 0 0 1 3 5
490 381 0 0 1 3 5
491 429 0 0 1 2 4
491 429 0 0 1 2 4
492 378 0 0 1 3 5
492 378 0 0 1 3 5
493 407 0 0 1 3 5
493 407 0 0 1 3 5
494 399 0 0 1 3 5
494 399 0 0 1 3 5
495 413 0 0 1 3 5
495 413 0 0 1 3 5
496 438 0 0 1 3 5
496 438 0 0 1 3 5
497 426 0 0 1 3 5
497 426 0 0 1 3 5
498 398 0 0 1 3 4
498 398 0 0 1 3 4
499 380 0 0 1 3 5
499 380 0 0 1 3 5
500 442 0 0 1 3 5
500 442 0 0 1 3 5
501 385 0 0 1 3 5
501 385 0 0 1 3 5
502 405 0 0 1 3 5
502 405 0 0 1 3 5
503 420 0 0 1 3 5
503 420 0 0 1 3 5
504 455 0 0 1 3 6
504 455 0 0 1 3 6
505 430 0 0 1 3 6
505 430 0 0 1 3 6
506 371 0 0 1 3 5
506 371 0 0 1 3 5
507 350 0 0 1 3 5
507 350 0 0 1 3 5
508 401 0 0 1 3 5
508 401 0 0 1 3 5
509 356 0 0 1 3 5
509 356 0 0 1 3 5
510 342 0 0 1 3 5
510 342 0 0 1 3 5
511 337 0 0 2 3 6
511 337 0 0 2 3 6
512 339 0 0 1 3 4
512 339 0 0 1 3 4
513 308 0 0 1 3 5
513 308 0 0 1 3 5
514 309 0 0 1 3 4
514 309 0 0 1 3 4
515 193 0 0 1 4 5
515 193 0 0 1 4 5
516 158 0 0 1 4 6
516 158 0 0 1 4 6
517 259 0 0 1 3 5
517 259 0 0 1 3 5
518 228 0 0 1 3 4
518 228 0 0 1 3 4
519 239 0 0 1 3 4
519 239 0 0 1 3 4
520 264 0 0 1 3 4
520 264 0 0 1 3 4
521 260 0 0 1 3 5
521 260 0 0 1 3 5
522 237 0 0 1 3 4
522 237 0 0 1 3 4
523 250 0 0 1 3 4
523 250 0 0 1 3 4
524 273 0 0 1 3 4
524 273 0 0 1 3 4
525 253 0 0 1 3 4
525 253 0 0 1 3 4
526 247 0 0 1 3 4
526 247 0 0 1 3 4
527 259 0 0 1 3 4
527 259 0 0 1 3 4
528 279 0 0 1 3 4
528 279 0 0 1 3 4
529 328 0 0 1 3 5
529 328 0 0 1 3 5
530 425 0 0 1 2 3
530 425 0 0 1 2 3
531 452 0 0 1 4 6
531 452 0 0 1 4 6
532 539 0 0 1 4 5
532 539 0 0 1 4 5
533 554 0 0 1 3 5
533 554 0 0 1 3 5
534 574 0 0 1 3 4
534 574 0 0 1 3 4
535 578 0 0 1 3 4
535 578 0 0 1 3 4
536 549 0 0 1 3 4
536 549 0 0 1 3 4
537 639 0 0 2 3 5
537 639 0 0 2 3 5
538 671 0 0 2 2 5
538 671 0 0 2 2 5
539 658 0 0 2 2 4
539 658 0 0 2 2 4
540 673 0 0 2 1 3
540 673 0 0 2 1 3
541 605 0 0 2 2 5
541 605 0 0 2 2 5
542 585 0 0 2 2 4
542 585 0 0 2 2 4
543 574 0 0 2 2 4
543 574 0 0 2 2 4
544 556 0 0 2 2 5
544 556 0 0 2 2 5
545 491 0 0 2 2 4
545 491 0 0 2 2 4
546 598 0 0 2 0 2
546 598 0 0 2 0 2
547 516 0 0 2 2 4
547 516 0 0 2 2 4
548 434 0 0 2 3 5
548 434 0 0 2 3 5
549 505 0 0 2 1 3
549 505 0 0 2 1 3
550 563 0 0 2 1 3
550 563 0 0 2 1 3
551 560 0 0 2 1 3
551 560 0 0 2 1 3
552 619 0 0 2 0 2
552 619 0 0 2 0 2
553 589 0 0 2 1 3
553 589 0 0 2 1 3
554 578 0 0 2 1 3
554 578 0 0 2 1 3
555 574 0 0 2 1 3
555 574 0 0 2 1 3
556 549 0 0 2 0 2
556 549 0 0 2 0 2
557 542 0 0 2 0 2
557 542 0 0 2 0 2
558 534 0 0 2 1 3
558 534 0 0 2 1 3
559 490 0 0 2 1 3
559 490 0 0 2 1 3
560 418 0 0 2 1 3
560 418 0 0 2 1 3
561 409 0 0 2 1 3
561 409 0 0 2 1 3
562 372 0 0 2 2 4
562 372 0 0 2 2 4
563 341 0 0 2 2 4
563 341 0 0 2 2 4
564 379 0 0 2 1 3
564 379 0 0 2 1 3
565 355 0 0 2 1 3
565 355 0 0 2 1 3
566 337 0 0 2 1 3
566 337 0 0 2 1 3
567 377 0 0 2 1 3
567 377 0 0 2 1 3
568 371 0 0 2 1 3
568 371 0 0 2 1 3
569 364 0 0 2 1 3
569 364 0 0 2 1 3
570 350 0 0 2 1 3
570 350 0 0 2 1 3
571 336 0 0 2 1 3
571 336 0 0 2 1 3
572 312 0 0 2 1 3
572 312 0 0 2 1 3
573 299 0 0 2 1 3
573 299 0 0 2 1 3
574 292 0 0 2 1 3
574 292 0 0 2 1 3
575 294 0 0 2 2 4
575 294 0 0 2 2 4
576 291 0 0 2 2 4
576 291 0 0 2 2 4
577 280 0 0 2 2 4
577 280 0 0 2 2 4
578 299 0 0 2 2 4
578 299 0 0 2 2 4
579 273 0 0 2 3 5
579 273 0 0 2 3 5
580 285 0 0 2 3 5
580 285 0 0 2 3 5
581 272 0 0 2 3 5
581 272 0 0 2 3 5
582 268 0 0 2 4 6
582 268 0 0 2 4 6
583 274 0 0 2 4 6
583 274 0 0 2 4 6
584 270 0 0 2 3 5
584 270 0 0 2 3 5
585 279 0 0 2 3 5
585 279 0 0 2 3 5
586 290 0 0 2 3 5
586 290 0 0 2 3 5
587 304 0 0 2 4 6
587 304 0 0 2 4 6
588 284 0 0 2 4 6
588 284 0 0 2 4 6
589 253 0 0 2 4 6
589 253 0 0 2 4 6
590 266 0 0 2 3 5
590 266 0 0 2 3 5
591 255 0 0 2 4 7
591 255 0 0 2 4 7
592 246 0 0 2 3 6
592 246 0 0 2 3 6
593 258 0 0 2 2 5
593 258 0 0 2 2 5
594 272 0 0 2 2 5
594 272 0 0 2 2 5
595 253 0 0 2 4 7
595 253 0 0 2 4 7
596 222 0 0 2 3 5
596 222 0 0 2 3 5
597 209 0 0 2 3 5
597 209 0 0 2 3 5
598 170 0 0 2 3 5
598 170 0 0 2 3 5
599 184 0 0 2 2 4
599 184 0 0 2 2 4
600 208 0 0 2 1 3
600 208 0 0 2 1 3
601 203 0 0 2 1 3
601 203 0 0 2 1 3
602 219 0 0 2 2 4
602 219 0 0 2 2 4
603 230 0 0 2 1 3
603 230 0 0 2 1 3
604 244 0 0 2 1 3
604 244 0 0 2 1 3
605 249 0 0 2 1 3
605 249 0 0 2 1 3
606 252 0 0 2 1 3
606 252 0 0 2 1 3
607 278 0 0 2 1 3
607 278 0 0 2 1 3
608 300 0 0 2 1 3
608 300 0 0 2 1 3
609 320 0 0 2 1 3
609 320 0 0 2 1 3
610 305 0 0 2 2 4
610 305 0 0 2 2 4
611 314 0 0 2 2 4
611 314 0 0 2 2 4
612 351 0 0 2 2 4
612 351 0 0 2 2 4
613 343 0 0 2 3 5
613 343 0 0 2 3 5
614 377 0 0 2 4 6
614 377 0 0 2 4 6
615 391 0 0 2 3 5
615 391 0 0 2 3 5
616 413 0 0 2 4 6
616 413 0 0 2 4 6
617 426 0 0 2 4 6
617 426 0 0 2 4 6
618 481 0 0 2 3 5
618 481 0 0 2 3 5
619 474 0 0 2 2 4
619 474 0 0 2 2 4
620 496 0 0 2 2 4
620 496 0 0 2 2 4
621 521 0 0 2 2 4
621 521 0 0 2 2 4
622 535 0 0 2 2 4
622 535 0 0 2 2 4
623 518 0 0 2 2 4
623 518 0 0 2 2 4
624 514 0 0 2 2 4
624 514 0 0 2 2 4
625 483 0 0 2 2 4
625 483 0 0 2 2 4
626 543 0 0 2 1 3
626 543 0 0 2 1 3
627 551 0 0 2 1 3
627 551 0 0 2 1 3
628 552 0 0 2 1 3
628 552 0 0 2 1 3
629 547 0 0 2 1 3
629 547 0 0 2 1 3
630 530 0 0 2 1 3
630 530 0 0 2 1 3
631 521 0 0 2 2 4
631 521 0 0 2 2 4
632 504 0 0 2 1 3
632 504 0 0 2 1 3
633 553 0 0 2 1 3
633 553 0 0 2 1 3
634 556 0 0 2 0 2
634 556 0 0 2 0 2
635 537 0 0 2 1 3
635 537 0 0 2 1 3
636 554 0 0 2 1 3
636 554 0 0 2 1 3
637 550 0 0 2 0 2
637 550 0 0 2 0 2
638 548 0 0 2 1 3
638 548 0 0 2 1 3
639 507 0 0 2 1 3
639 507 0 0 2 1 3
640 494 0 0 2 2 4
640 494 0 0 2 2 4
641 495 0 0 2 1 3
641 495 0 0 2 1 3
642 462 0 0 2 1 3
642 462 0 0 2 1 3
643 469 0 0 2 2 4
643 469 0 0 2 2 4
644 446 0 0 2 3 5
644 446 0 0 2 3 5
645 434 0 0 2 2 4
645 434 0 0 2 2 4
646 450 0 0 2 1 3
646 450 0 0 2 1 3
647 294 0 0 1 2 3
647 294 0 0 1 2 3
648 279 0 0 1 2 3
648 279 0 0 1 2 3
649 282 0 0 1 1 2
649 282 0 0 1 1 2
650 266 0 0 1 2 3
650 266 0 0 1 2 3
651 253 0 0 1 2 3
651 253 0 0 1 2 3
652 230 0 0 1 3 4
652 230 0 0 1 3 4
653 250 0 0 1 3 4
653 250 0 0 1 3 4
654 265 0 0 1 1 2
654 265 0 0 1 1 2
655 267 0 0 1 3 4
655 267 0 0 1 3 4
656 293 0 0 1 2 3
656 293 0 0 1 2 3
657 236 0 0 1 2 3
657 236 0 0 1 2 3
658 269 0 0 1 1 2
658 269 0 0 1 1 2
659 211 0 0 1 2 3
659 211 0 0 1 2 3
660 190 0 0 1 1 2
660 190 0 0 1 1 2
661 202 0 0 1 2 3
661 202 0 0 1 2 3
662 260 0 0 1 1 2
662 260 0 0 1 1 2
663 241 0 0 1 1 2
663 241 0 0 1 1 2
664 250 0 0 1 0 1
664 250 0 0 1 0 1
665 284 0 0 1 1 2
665 284 0 0 1 1 2
666 283 0 0 1 1 2
666 283 0 0 1 1 2
667 248 0 0 1 2 3
667 248 0 0 1 2 3
668 212 0 0 1 3 4
668 212 0 0 1 3 4
669 209 0 0 1 3 4
669 209 0 0 1 3 4
670 267 0 0 1 2 3
670 267 0 0 1 2 3
671 236 0 0 1 2 3
671 236 0 0 1 2 3
672 231 0 0 1 2 3
672 231 0 0 1 2 3
673 228 0 0 1 2 3
673 228 0 0 1 2 3
674 241 0 0 1 1 2
674 241 0 0 1 1 2
675 234 0 0 1 1 2
675 234 0 0 1 1 2
676 236 0 0 1 1 2
676 236 0 0 1 1 2
677 0 0 0 0 2 2
677 0 0 0 0 2 2
678 474 0 0 1 1 2
678 474 0 0 1 1 2
679 329 0 0 1 1 2
679 329 0 0 1 1 2
680 298 0 0 1 1 2
680 298 0 0 1 1 2
681 323 0 0 1 1 2
681 323 0 0 1 1 2
682 313 0 0 1 1 2
682 313 0 0 1 1 2
683 0 0 0 0 2 2
683 0 0 0 0 2 2
684 268 0 0 1 1 2
684 268 0 0 1 1 2
685 293 0 0 1 1 2
685 293 0 0 1 1 2
686 321 0 0 1 1 2
686 321 0 0 1 1 2
687 291 0 0 1 1 2
687 291 0 0 1 1 2
688 277 0 0 1 1 2
688 277 0 0 1 1 2
689 285 0 0 1 1 2
689 285 0 0 1 1 2
690 234 0 0 1 2 3
690 234 0 0 1 2 3
691 265 0 0 1 1 2
691 265 0 0 1 1 2
692 271 0 0 1 1 2
692 271 0 0 1 1 2
693 270 0 0 1 1 2
693 270 0 0 1 1 2
694 277 0 0 1 1 2
694 277 0 0 1 1 2
695 267 0 0 1 1 2
695 267 0 0 1 1 2
696 272 0 0 1 1 2
696 272 0 0 1 1 2
697 268 0 0 1 1 2
697 268 0 0 1 1 2
698 277 0 0 1 1 2
698 277 0 0 1 1 2
699 267 0 0 1 1 2
699 267 0 0 1 1 2
700 295 0 0 1 1 2
700 295 0 0 1 1 2
701 267 0 0 1 1 2
701 267 0 0 1 1 2
702 274 0 0 1 1 2
702 274 0 0 1 1 2
703 286 0 0 1 1 2
703 286 0 0 1 1 2
704 275 0 0 1 1 2
704 275 0 0 1 1 2
705 258 0 0 1 1 2
705 258 0 0 1 1 2
706 254 0 0 1 1 2
706 254 0 0 1 1 2
707 276 0 0 1 1 2
707 276 0 0 1 1 2
708 296 0 0 1 1 2
708 296 0 0 1 1 2
709 238 0 0 1 1 2
709 238 0 0 1 1 2
710 235 0 0 1 1 2
710 235 0 0 1 1 2
711 285 0 0 1 1 2
711 285 0 0 1 1 2
712 271 0 0 1 1 2
712 271 0 0 1 1 2
713 269 0 0 1 2 3
713 269 0 0 1 2 3
714 300 0 0 1 2 3
714 300 0 0 1 2 3
715 330 0 0 1 1 2
715 330 0 0 1 1 2
716 316 0 0 1 1 2
716 316 0 0 1 1 2
717 278 0 0 1 1 2
717 278 0 0 1 1 2
718 233 0 0 1 2 3
718 233 0 0 1 2 3
719 248 0 0 1 2 3
719 248 0 0 1 2 3
720 250 0 0 1 2 3
720 250 0 0 1 2 3
721 233 0 0 1 2 3
721 233 0 0 1 2 3
722 251 0 0 1 2 3
722 251 0 0 1 2 3
723 225 0 0 1 2 3
723 225 0 0 1 2 3
724 252 0 0 1 1 2
724 252 0 0 1 1 2
725 240 0 0 1 1 2
725 240 0 0 1 1 2
726 193 0 0 1 2 3
726 193 0 0 1 2 3
727 215 0 0 1 1 2
727 215 0 0 1 1 2
728 191 0 0 1 1 2
728 191 0 0 1 1 2
729 165 0 0 1 3 4
729 165 0 0 1 3 4
730 168 0 0 1 2 3
730 168 0 0 1 2 3
731 153 0 0 1 3 4
731 153 0 0 1 3 4
732 151 0 0 1 3 4
732 151 0 0 1 3 4
733 166 0 0 1 3 5
733 166 0 0 1 3 5
734 161 0 0 1 3 5
734 161 0 0 1 3 5
735 137 0 0 1 3 5
735 137 0 0 1 3 5
736 144 0 0 1 3 4
736 144 0 0 1 3 4
737 137 0 0 1 3 4
737 137 0 0 1 3 4
738 122 0 0 1 2 3
738 122 0 0 1 2 3
739 129 0 0 1 2 3
739 129 0 0 1 2 3
740 141 0 0 1 2 3
740 141 0 0 1 2 3
741 136 0 0 1 3 4
741 136 0 0 1 3 4
742 137 0 0 1 2 3
742 137 0 0 1 2 3
743 111 0 0 1 1 2
743 111 0 0 1 1 2
744 140 0 0 1 1 2
744 140 0 0 1 1 2
745 103 0 0 1 2 3
745 103 0 0 1 2 3
746 36 0 0 1 3 4
746 36 0 0 1 3 4
747 199 0 0 1 1 2
747 199 0 0 1 1 2
748 195 0 0 1 1 2
748 195 0 0 1 1 2
749 0 0 0 0 1 1
749 0 0 0 0 1 1
750 232 0 0 1 1 2
750 232 0 0 1 1 2
751 234 0 0 1 1 2
751 234 0 0 1 1 2
752 268 0 0 1 1 2
752 268 0 0 1 1 2
753 237 0 0 1 1 2
753 237 0 0 1 1 2
754 0 0 0 0 0 0
754 0 0 0 0 0 0
755 266 0 0 1 1 2
755 266 0 0 1 1 2
756 332 0 0 1 2 3
756 332 0 0 1 2 3
757 306 0 0 1 2 3
757 306 0 0 1 2 3
758 315 0 0 1 1 2
758 315 0 0 1 1 2
759 0 0 0 0 1 1
759 0 0 0 0 1 1
760 0 0 0 0 1 1
760 0 0 0 0 1 1
761 0 0 0 0 2 2
761 0 0 0 0 2 2
762 0 0 0 0 1 1
762 0 0 0 0 1 1
763 0 0 0 0 1 1
763 0 0 0 0 1 1
764 0 0 0 0 1 1
764 0 0 0 0 1 1
765 0 0 0 0 1 1
765 0 0 0 0 1 1
766 0 0 0 0 1 1
766 0 0 0 0 1 1
767 0 0 0 0 1 1
767 0 0 0 0 1 1
768 0 0 0 0 1 1
768 0 0 0 0 1 1
769 0 0 0 0 1 1
769 0 0 0 0 1 1
770 0 0 0 0 1 1
770 0 0 0 0 1 1
771 0 0 0 0 1 1
771 0 0 0 0 1 1
772 0 0 0 0 1 1
772 0 0 0 0 1 1
773 0 0 0 0 1 1
773 0 0 0 0 1 1
774 0 0 0 0 1 1
774 0 0 0 0 1 1
775 96 0 0 1 1 2
775 96 0 0 1 1 2
776 0 0 0 0 1 1
776 0 0 0 0 1 1
777 0 0 0 0 1 1
777 0 0 0 0 1 1
778 0 0 0 0 1 1
778 0 0 0 0 1 1
779 0 0 0 0 1 1
779 0 0 0 0 1 1
780 0 0 0 0 1 1
780 0 0 0 0 1 1
781 165 0 0 1 1 2
781 165 0 0 1 1 2
782 178 0 0 1 1 2
782 178 0 0 1 1 2
783 194 0 0 1 1 2
783 194 0 0 1 1 2
784 152 0 0 1 1 2
784 152 0 0 1 1 2
785 0 0 0 0 1 1
785 0 0 0 0 1 1
786 0 0 0 0 1 1
786 0 0 0 0 1 1
787 0 0 0 0 1 1
787 0 0 0 0 1 1
788 0 0 0 0 1 1
788 0 0 0 0 1 1
789 0 0 0 0 1 1
789 0 0 0 0 1 1
790 55 0 0 1 3 4
790 55 0 0 1 3 4
791 0 0 0 0 2 2
791 0 0 0 0 2 2
792 0 0 0 0 2 2
792 0 0 0 0 2 2
793 0 0 0 0 3 3
793 0 0 0 0 3 3
794 67 0 0 1 2 3
794 67 0 0 1 2 3
795 0 0 0 0 2 2
795 0 0 0 0 2 2
796 0 0 0 0 1 1
796 0 0 0 0 1 1
797 0 0 0 0 1 1
797 0 0 0 0 1 1
798 0 0 0 0 1 1
798 0 0 0 0 1 1
799 0 0 0 0 1 1
799 0 0 0 0 1 1
800 84 0 0 1 1 2
800 84 0 0 1 1 2
801 0 0 0 0 1 1
801 0 0 0 0 1 1
802 0 0 0 0 1 1
802 0 0 0 0 1 1
803 0 0 0 0 1 1
803 0 0 0 0 1 1
804 0 0 0 0 1 1
804 0 0 0 0 1 1
805 0 0 0 0 0 0
805 0 0 0 0 0 0
806 0 0 0 0 1 1
806 0 0 0 0 1 1
807 409 0 0 1 1 2
807 409 0 0 1 1 2
808 0 0 0 0 1 1
808 0 0 0 0 1 1
809 367 0 0 1 1 2
809 367 0 0 1 1 2
810 460 0 0 1 1 2
810 460 0 0 1 1 2
811 0 0 0 0 1 1
811 0 0 0 0 1 1
812 0 0 0 0 1 1
812 0 0 0 0 1 1
813 0 0 0 0 1 1
813 0 0 0 0 1 1
814 0 0 0 0 1 1
814 0 0 0 0 1 1
815 0 0 0 0 1 1
815 0 0 0 0 1 1
816 350 0 0 1 1 2
816 350 0 0 1 1 2
817 0 0 0 0 1 1
817 0 0 0 0 1 1
818 0 0 0 0 2 2
818 0 0 0 0 2 2
819 107 0 0 1 2 3
819 107 0 0 1 2 3
820 99 0 0 1 2 3
820 99 0 0 1 2 3
821 117 0 0 1 2 3
821 117 0 0 1 2 3
822 186 0 0 1 1 2
822 186 0 0 1 1 2
823 129 0 0 1 2 3
823 129 0 0 1 2 3
824 123 0 0 1 2 3
824 123 0 0 1 2 3
825 152 0 0 1 1 2
825 152 0 0 1 1 2
826 138 0 0 1 1 2
826 138 0 0 1 1 2
827 137 0 0 1 2 3
827 137 0 0 1 2 3
828 138 0 0 1 2 3
828 138 0 0 1 2 3
829 143 0 0 1 2 3
829 143 0 0 1 2 3
830 141 0 0 1 2 3
830 141 0 0 1 2 3
831 122 0 0 1 2 3
831 122 0 0 1 2 3
832 140 0 0 1 1 2
832 140 0 0 1 1 2
833 137 0 0 1 1 2
833 137 0 0 1 1 2
834 134 0 0 1 1 2
834 134 0 0 1 1 2
835 172 0 0 2 1 3
835 172 0 0 2 1 3
836 193 0 0 2 1 4
836 193 0 0 2 1 4
837 192 0 0 2 1 4
837 192 0 0 2 1 4
838 227 0 0 2 2 4
838 227 0 0 2 2 4
839 255 0 0 2 1 3
839 255 0 0 2 1 3
840 301 0 0 2 1 3
840 301 0 0 2 1 3
841 312 0 0 2 2 4
841 312 0 0 2 2 4
842 325 0 0 2 2 4
842 325 0 0 2 2 4
843 293 0 0 2 1 3
843 293 0 0 2 1 3
844 346 0 0 2 1 3
844 346 0 0 2 1 3
845 346 0 0 2 1 3
845 346 0 0 2 1 3
846 387 0 0 2 0 2
846 387 0 0 2 0 2
847 489 0 0 2 0 2
847 489 0 0 2 0 2
848 569 0 0 2 0 2
848 569 0 0 2 0 2
849 756 0 0 2 0 2
849 756 0 0 2 0 2
869 94 0 6 1 0 1
870 116 0 8 1 0 1
870 116 0 0 1 0 1
871 107 0 0 1 0 1
871 107 0 0 1 0 1
872 99 0 0 1 0 1
872 99 0 0 1 0 1
873 92 0 0 1 0 1
873 92 0 0 1 0 1
874 90 0 0 1 1 2
874 90 0 0 1 1 2
875 88 0 0 1 1 2
875 88 0 0 1 1 2
876 72 0 0 1 1 2
876 72 0 0 1 1 2
877 43 0 0 1 1 2
877 43 0 0 1 1 2
878 55 0 0 1 1 2
878 55 0 0 1 1 2
879 64 0 0 1 0 1
879 64 0 0 1 0 1
880 0 0 0 0 0 0
880 0 0 0 0 0 0
881 0 0 0 0 0 0
881 0 0 0 0 0 0
882 0 0 0 0 0 0
882 0 0 0 0 0 0
883 0 0 0 0 0 0
883 0 0 0 0 0 0
884 0 0 0 0 1 1
884 0 0 0 0 1 1
885 0 0 0 0 1 1
885 0 0 0 0 1 1
886 0 0 0 0 0 0
886 0 0 0 0 0 0
887 0 0 0 0 1 1
887 0 0 0 0 1 1
888 0 0 0 0 1 1
888 0 0 0 0 1 1
889 0 0 0 0 1 1
889 0 0 0 0 1 1
890 0 0 0 0 1 1
890 0 0 0 0 1 1
891 0 0 0 0 1 1
891 0 0 0 0 1 1
892 0 0 0 0 0 0
892 0 0 0 0 0 0
893 0 0 0 0 0 0
893 0 0 0 0 0 0
894 0 0 0 0 1 1
894 0 0 0 0 1 1
895 0 0 0 0 1 1
895 0 0 0 0 1 1
896 0 0 0 0 0 0
896 0 0 0 0 0 0
897 0 0 0 0 0 0
897 0 0 0 0 0 0
898 0 0 0 0 0 0
898 0 0 0 0 0 0
899 0 0 0 0 1 1
899 0 0 0 0 1 1
900 0 0 0 0 1 1
900 0 0 0 0 1 1
901 0 0 0 0 1 1
901 0 0 0 0 1 1
902 0 0 0 0 0 0
902 0 0 0 0 0 0
903 0 0 0 0 0 0
903 0 0 0 0 0 0
904 0 0 0 0 1 1
904 0 0 0 0 1 1
905 0 0 0 0 1 1
905 0 0 0 0 1 1
906 0 0 0 0 1 2
906 0 0 0 0 1 2
907 0 0 0 0 1 1
907 0 0 0 0 1 1
908 122 0 0 1 0 2
908 122 0 0 1 0 2
909 119 0 0 1 1 2
909 119 0 0 1 1 2
910 125 0 0 1 1 2
910 125 0 0 1 1 2
911 0 0 0 0 1 1
911 0 0 0 0 1 1
912 117 0 0 1 1 2
912 117 0 0 1 1 2
913 116 0 0 1 1 2
913 116 0 0 1 1 2
914 137 0 0 1 1 2
914 137 0 0 1 1 2
915 123 0 0 1 1 2
915 123 0 0 1 1 2
916 128 0 0 1 1 2
916 128 0 0 1 1 2
917 138 0 0 1 1 2
917 138 0 0 1 1 2
918 118 0 0 1 1 2
918 118 0 0 1 1 2
919 133 0 0 1 1 2
919 133 0 0 1 1 2
920 148 0 0 1 1 2
920 148 0 0 1 1 2
921 152 0 0 1 1 2
921 152 0 0 1 1 2
922 126 0 0 1 1 2
922 126 0 0 1 1 2
923 140 0 0 1 1 2
923 140 0 0 1 1 2
924 154 0 0 1 1 2
924 154 0 0 1 1 2
925 122 0 0 1 1 2
925 122 0 0 1 1 2
926 141 0 0 1 0 1
926 141 0 0 1 0 1
927 128 0 0 1 0 1
927 128 0 0 1 0 1
928 169 0 0 1 1 2
928 169 0 0 1 1 2
929 170 0 0 1 0 1
929 170 0 0 1 0 1
930 207 0 0 1 1 2
930 207 0 0 1 1 2
931 180 0 0 1 1 2
931 180 0 0 1 1 2
932 211 0 0 1 1 2
932 211 0 0 1 1 2
933 219 0 0 1 1 2
933 219 0 0 1 1 2
934 231 0 0 1 0 1
934 231 0 0 1 0 1
935 217 0 0 1 0 1
935 217 0 0 1 0 1
936 203 0 0 1 0 1
936 203 0 0 1 0 1
937 231 0 0 1 0 1
937 231 0 0 1 0 1
938 214 0 0 1 1 2
938 214 0 0 1 1 2
939 259 0 0 1 1 2
939 259 0 0 1 1 2
940 253 0 0 1 1 2
940 253 0 0 1 1 2
941 244 0 0 1 2 3
941 244 0 0 1 2 3
942 222 0 0 1 2 3
942 222 0 0 1 2 3
943 236 0 0 1 1 2
943 236 0 0 1 1 2
944 243 0 0 1 1 2
944 243 0 0 1 1 2
945 246 0 0 1 1 2
945 246 0 0 1 1 2
946 259 0 0 1 1 2
946 259 0 0 1 1 2
947 236 0 0 1 2 3
947 236 0 0 1 2 3
948 254 0 0 1 2 3
948 254 0 0 1 2 3
949 275 0 0 1 2 3
949 275 0 0 1 2 3
950 271 0 0 1 3 4
950 271 0 0 1 3 4
951 286 0 0 1 3 4
951 286 0 0 1 3 4
952 241 0 0 1 2 3
952 241 0 0 1 2 3
953 209 0 0 1 3 4
953 209 0 0 1 3 4
954 277 0 0 1 2 3
954 277 0 0 1 2 3
955 315 0 0 1 2 3
955 315 0 0 1 2 3
956 312 0 0 1 2 3
956 312 0 0 1 2 3
957 349 0 0 1 2 3
957 349 0 0 1 2 3
958 353 0 0 1 2 3
958 353 0 0 1 2 3
959 363 0 0 1 3 4
959 363 0 0 1 3 4
960 381 0 0 1 3 4
960 381 0 0 1 3 4
961 287 0 0 1 5 6
961 287 0 0 1 5 6
962 358 0 0 1 4 5
962 358 0 0 1 4 5
963 368 0 0 1 3 4
963 368 0 0 1 3 4
964 365 0 0 1 4 6
964 365 0 0 1 4 6
965 324 0 0 1 3 4
965 324 0 0 1 3 4
966 300 0 0 1 4 5
966 300 0 0 1 4 5
967 399 0 0 1 2 3
967 399 0 0 1 2 3
968 322 0 0 1 3 4
968 322 0 0 1 3 4
969 319 0 0 1 3 4
969 319 0 0 1 3 4
970 370 0 0 2 3 5
970 370 0 0 2 3 5
971 364 0 0 2 3 5
971 364 0 0 2 3 5
972 341 0 0 2 3 5
972 341 0 0 2 3 5
973 359 0 0 2 2 4
973 359 0 0 2 2 4
974 404 0 0 2 2 4
974 404 0 0 2 2 4
975 447 0 0 2 1 3
975 447 0 0 2 1 3
976 426 0 0 2 2 4
976 426 0 0 2 2 4
977 393 0 0 2 2 4
977 393 0 0 2 2 4
978 385 0 0 2 2 4
978 385 0 0 2 2 4
979 357 0 0 2 2 4
979 357 0 0 2 2 4
980 337 0 0 2 1 3
980 337 0 0 2 1 3
981 312 0 0 2 1 3
981 312 0 0 2 1 3
982 302 0 0 2 1 3
982 302 0 0 2 1 3
983 269 0 0 2 1 3
983 269 0 0 2 1 3
984 262 0 0 2 1 3
984 262 0 0 2 1 3
985 219 0 0 2 2 4
985 219 0 0 2 2 4
986 206 0 0 2 2 4
986 206 0 0 2 2 4
987 193 0 0 2 2 4
987 193 0 0 2 2 4
988 168 0 0 1 2 3
988 168 0 0 1 2 3
989 163 0 0 1 2 3
989 163 0 0 1 2 3
990 165 0 0 1 2 3
990 165 0 0 1 2 3
991 176 0 0 2 3 5
991 176 0 0 2 3 5
992 173 0 0 2 3 5
992 173 0 0 2 3 5
993 159 0 0 1 2 3
993 159 0 0 1 2 3
994 186 0 0 2 2 4
994 186 0 0 2 2 4
995 152 0 0 1 3 4
995 152 0 0 1 3 4
996 171 0 0 2 4 6
996 171 0 0 2 4 6
997 180 0 0 1 3 4
997 180 0 0 1 3 4
998 198 0 0 2 3 5
998 198 0 0 2 3 5
999 186 0 0 1 3 4
999 186 0 0 1 3 4
1000 179 0 0 1 3 4
1000 179 0 0 1 3 4
1001 185 0 0 1 3 4
1001 185 0 0 1 3 4
1002 170 0 0 1 3 4
1002 170 0 0 1 3 4
1003 170 0 0 1 3 4
1003 170 0 0 1 3 4
1004 171 0 0 1 3 4
1004 171 0 0 1 3 4
1005 156 0 0 1 3 4
1005 156 0 0 1 3 4
1006 167 0 0 2 3 5
1006 167 0 0 2 3 5
1007 150 0 0 1 3 4
1007 150 0 0 1 3 4
1008 125 0 0 1 3 4
1008 125 0 0 1 3 4
1009 122 0 0 1 3 4
1009 122 0 0 1 3 4
1010 145 0 0 1 3 4
1010 145 0 0 1 3 4
1011 153 0 0 1 3 4
1011 153 0 0 1 3 4
1012 164 0 0 1 3 4
1012 164 0 0 1 3 4
1013 170 0 0 1 3 5
1013 170 0 0 1 3 5
1014 155 0 0 1 3 4
1014 155 0 0 1 3 4
1015 99 0 0 1 5 6
1015 99 0 0 1 5 6
1016 146 0 0 1 4 5
1016 146 0 0 1 4 5
1017 127 0 0 1 4 5
1017 127 0 0 1 4 5
1018 128 0 0 1 4 5
1018 128 0 0 1 4 5
1019 120 0 0 1 4 5
1019 120 0 0 1 4 5
1020 135 0 0 1 4 5
1020 135 0 0 1 4 5
