1341846313.592026 0.000000000 0.000000000 0.000000000 0.000000000 0.000000000 0.000000000 1.000000000
1341846313.654184 0.010240595 -0.001340877 -0.003388672 -0.001138597 -0.003777775 0.005640058 0.999976337
1341846313.686156 0.016648272 0.002086644 -0.001658482 0.000542288 -0.005888781 0.004987333 0.999970078
1341846313.721918 0.018662093 0.004441698 -0.004010682 0.000720131 -0.006393470 0.005443581 0.999964476
1341846313.753994 0.023319930 0.005033588 -0.000641148 0.000355678 -0.006783198 0.006944896 0.999952793
1341846313.789969 0.027559515 0.009319633 -0.000364457 0.002069356 -0.007117690 0.005486990 0.999957502
1341846313.822075 0.022690821 0.014069114 -0.001364631 0.002734538 -0.004201991 0.003005051 0.999982893
1341846313.853928 0.015394717 0.016955556 0.000326017 0.002662645 0.000522695 0.001882874 0.999994576
1341846313.890011 -0.005344704 0.008802884 -0.004564646 0.000490434 0.007196859 0.004020156 0.999965906
1341846313.922055 -0.018485839 0.008770663 -0.005055993 -0.001858889 0.010670001 0.004419825 0.999931574
1341846313.957927 -0.042186808 0.016152967 -0.004081810 -0.002376406 0.021494342 0.002222488 0.999763668
1341846313.990058 -0.066963859 0.018726727 -0.003823714 -0.002733813 0.031742137 0.003984448 0.999484420
1341846314.022042 -0.089835539 0.021495864 -0.004341776 -0.004782195 0.037831552 0.004343974 0.999263227
1341846314.057816 -0.105921343 0.026419334 0.006857064 -0.007133132 0.044805642 0.005363321 0.998955846
1341846314.089801 -0.136640340 0.026186442 0.006901958 -0.006306993 0.056523122 0.005727606 0.998364925
1341846314.122037 -0.153272614 0.020123012 0.005931485 -0.009340628 0.063480698 0.008250183 0.997905254
1341846314.157989 -0.167304054 0.029397998 0.015860958 -0.009352812 0.070575088 0.007971984 0.997430742
1341846314.190094 -0.185999244 0.030166151 0.010978776 -0.008903486 0.078381002 0.009303724 0.996840298
1341846314.225969 -0.188994125 0.040712968 0.010457062 -0.009981208 0.081030279 0.010559158 0.996605754
1341846314.257923 -0.189965054 0.046503913 0.020041710 -0.010442414 0.084362417 0.011358161 0.996315658
1341846314.290052 -0.197953716 0.052578211 0.019961508 -0.008051209 0.087635033 0.009509186 0.996074736
1341846314.325981 -0.207123548 0.062197104 0.020347871 -0.007875692 0.091573760 0.007290098 0.995740473
1341846314.357905 -0.206087232 0.065847822 0.024193015 -0.007818152 0.095429800 0.006843397 0.995381951
1341846314.389899 -0.215085700 0.068645090 0.031695265 -0.005872672 0.100510605 0.006141939 0.994899690
1341846314.427905 -0.224047139 0.076357141 0.026677720 -0.005391115 0.104785077 0.002652625 0.994476736
1341846314.493987 -0.220122710 0.084303483 0.028949928 -0.002414175 0.115686797 -0.005354700 0.993268371
1341846314.526085 -0.227787107 0.089660443 0.022613000 -0.001695759 0.119793952 -0.007359676 0.992770076
1341846314.558292 -0.248520344 0.074212193 0.024690365 -0.005340004 0.127290487 -0.006082105 0.991832435
1341846314.594085 -0.261613190 0.073966131 0.022199601 -0.003460469 0.135299623 -0.005978968 0.990780652
1341846314.626096 -0.277998209 0.070260324 0.014820546 -0.004051052 0.142388597 -0.003373224 0.989796817
1341846314.658455 -0.267107695 0.078548275 0.016596399 -0.004722327 0.143607259 -0.006099281 0.989604712
1341846314.694004 -0.257090718 0.074128680 0.020187363 -0.004461677 0.147234008 -0.005637920 0.989075541
1341846314.725910 -0.251986444 0.076852739 0.012828408 0.001224092 0.148967192 -0.001378946 0.988840401
1341846314.761942 -0.288174361 0.069317676 0.020930761 0.003171255 0.155096710 -0.000623946 0.987893999
1341846314.794030 -0.298711240 0.084546395 0.019182611 0.008866598 0.160587028 -0.002230312 0.986979365
1341846314.826092 -0.309373528 0.083281174 0.010152658 0.010553338 0.167002872 -0.001051307 0.985899389
1341846314.862145 -0.315878361 0.087348640 0.005821473 0.011405176 0.172567889 -0.000181962 0.984931588
1341846314.894072 -0.324994385 0.081692353 0.003426247 0.010134084 0.178968251 0.003176584 0.983797550
1341846314.925969 -0.327345788 0.086179383 0.018147571 0.011161873 0.182855219 0.006528208 0.983054817
1341846314.961937 -0.344240636 0.085032627 0.014366488 0.007689511 0.186650887 0.011492039 0.982329011
1341846314.994564 -0.342203647 0.094796598 0.019299593 0.006374374 0.188578725 0.009630817 0.981990159
1341846315.029900 -0.350521743 0.094000302 0.016716704 0.006269429 0.195020705 0.008566718 0.980741680
1341846315.061965 -0.356666535 0.093099922 0.012234029 0.005859530 0.198116735 0.012154551 0.980085552
1341846315.094388 -0.371462613 0.108679704 0.012668964 0.009364982 0.199625909 0.011655249 0.979758084
1341846315.129851 -0.386936694 0.123045526 0.012372152 0.013541934 0.203545317 0.009232250 0.978928328
1341846315.161941 -0.399681032 0.098614663 0.005736179 0.005599803 0.206055120 0.016078260 0.978392243
1341846315.197984 -0.389701128 0.111755013 0.008840097 0.001246722 0.202410072 0.012515061 0.979220092
1341846315.230076 -0.397891998 0.116155170 0.007211995 -0.001473894 0.203909233 0.008856352 0.978948653
1341846315.262069 -0.401256353 0.106882766 0.003311706 -0.005878774 0.202340662 0.011850915 0.979225814
1341846315.298000 -0.402079552 0.147187054 0.000791749 -0.000178455 0.198963538 0.011581060 0.979938447
1341846315.329931 -0.432013273 0.182260886 0.008137205 0.011417490 0.204092160 0.011032108 0.978822947
1341846315.361981 -0.446405977 0.185372859 0.004468151 0.016420782 0.206109896 0.012093252 0.978316307
1341846315.397962 -0.451421708 0.201804116 0.006454953 0.022299202 0.207648993 0.014315569 0.977844417
1341846315.429923 -0.464069784 0.212516487 0.011530709 0.026828008 0.212651685 0.014708400 0.976648986
1341846315.466047 -0.497603029 0.226761803 0.010824854 0.029799802 0.222232983 0.013873621 0.974439323
1341846315.497883 -0.515426934 0.232979372 0.004579833 0.030995458 0.227424666 0.017430067 0.973146200
1341846315.530008 -0.544349015 0.235182106 0.016458826 0.031853452 0.234929264 0.019168356 0.971301317
1341846315.566108 -0.566847146 0.230165899 0.022566326 0.030070648 0.240867212 0.021139896 0.969861805
1341846315.597986 -0.575600624 0.232146218 0.032218959 0.030316506 0.244603828 0.020097725 0.968940616
1341846315.630109 -0.581960082 0.239613399 0.036442190 0.031734955 0.247151881 0.018268777 0.968284607
1341846315.666042 -0.597154260 0.256411374 0.037169546 0.033093002 0.251267374 0.015681308 0.967224717
1341846315.698114 -0.565667927 0.250652403 0.027280251 0.025223123 0.248908699 0.016946886 0.968050122
1341846315.733985 -0.574157476 0.244811729 0.040520266 0.022936014 0.253168881 0.019305049 0.966957450
1341846315.766041 -0.593823433 0.250321984 0.045017757 0.024433933 0.253977329 0.019244302 0.966709971
1341846315.798188 -0.590814531 0.253402919 0.046127785 0.023699833 0.253089279 0.018210590 0.966981113
1341846315.834140 -0.601327956 0.260555834 0.054425772 0.026474150 0.257098407 0.016573213 0.965880334
1341846315.866751 -0.606931150 0.259112567 0.057978120 0.028352719 0.259032369 0.015921438 0.965321124
1341846315.898492 -0.610857189 0.258131385 0.063669018 0.029529035 0.260002881 0.015677508 0.965028882
1341846315.936901 -0.571117282 0.243116319 0.045858975 0.030107804 0.252569050 0.016701449 0.966966093
1341846315.966572 -0.577355862 0.246932581 0.050367821 0.034279458 0.254738837 0.015232033 0.966282070
1341846316.034204 -0.586301327 0.242251143 0.045498192 0.036778621 0.254324347 0.013554360 0.966324329
1341846316.066113 -0.590456605 0.246675625 0.050070204 0.040012345 0.254090965 0.013336929 0.966260314
1341846316.101867 -0.550236762 0.229681104 0.027272146 0.038421255 0.243116766 0.017059639 0.969085693
1341846316.134066 -0.552442491 0.223281294 0.027290920 0.035902537 0.239595011 0.015845949 0.970079482
1341846316.202049 -0.561683178 0.213634804 0.041020658 0.034765173 0.235555366 0.012376083 0.971160114
1341846316.233979 -0.547538519 0.210308060 0.038161423 0.034122989 0.231038660 0.012388068 0.972267091
1341846316.270052 -0.571218073 0.207401738 0.042329311 0.031797811 0.235544562 0.007576015 0.971313655
1341846316.301915 -0.573647559 0.202478364 0.065990612 0.031392306 0.237350628 0.005780028 0.970899463
1341846316.334208 -0.559395373 0.208028227 0.062871836 0.034226421 0.233136997 0.007826044 0.971809864
1341846316.370006 -0.553835630 0.207177684 0.060524549 0.036454782 0.230379879 0.008777840 0.972378075
1341846316.401994 -0.534416020 0.184357926 0.054572500 0.034390479 0.224984482 0.013070337 0.973667502
1341846316.438069 -0.525748372 0.184996590 0.055956461 0.037423894 0.222236216 0.015009423 0.974158704
1341846316.470076 -0.506300986 0.184443712 0.051517859 0.042409763 0.216986746 0.017657110 0.975093007
1341846316.502034 -0.475948304 0.176979005 0.045636673 0.042107586 0.208306924 0.019657725 0.976958930
1341846316.537975 -0.441500306 0.168018267 0.041698080 0.037284907 0.198700383 0.017925594 0.979186714
1341846316.570121 -0.428344309 0.162040278 0.047428738 0.036564168 0.195699647 0.016764134 0.979838610
1341846316.601885 -0.397126108 0.159994245 0.045752838 0.037915818 0.188808411 0.014942300 0.981167912
1341846316.638009 -0.375351965 0.152548313 0.055292130 0.039059743 0.183756039 0.015683765 0.982070267
1341846316.669925 -0.345735461 0.148334265 0.054883059 0.040702108 0.176865906 0.014935111 0.983279586
1341846316.705941 -0.329833329 0.155042380 0.048750341 0.046681516 0.173380524 0.016448189 0.983610451
1341846316.738062 -0.310608834 0.160824031 0.041958500 0.049682658 0.167594045 0.018181121 0.984435499
1341846316.770433 -0.303670764 0.146491468 0.038502101 0.045465775 0.164557293 0.019379891 0.985128522
1341846316.805932 -0.285480320 0.156327397 0.043493498 0.048663855 0.160011381 0.016604669 0.985775054
1341846316.838029 -0.284541368 0.150494739 0.050623056 0.048447378 0.158027008 0.018023923 0.986080825
1341846316.870034 -0.267911822 0.151393667 0.055487067 0.049309660 0.150426105 0.018826513 0.987211287
1341846316.906344 -0.269786298 0.133779570 0.056587256 0.047096189 0.146768197 0.018372510 0.987878263
1341846316.937940 -0.267891288 0.127812728 0.057610482 0.045412730 0.144212976 0.015061270 0.988389313
1341846316.973994 -0.275424033 0.140521184 0.060557198 0.047205254 0.142532453 0.016219594 0.988530755
1341846317.005913 -0.266105980 0.137046039 0.052971683 0.045830928 0.136119962 0.018239958 0.989463568
1341846317.037936 -0.283616006 0.140967250 0.061489385 0.047281612 0.136181802 0.017144112 0.989406407
1341846317.073972 -0.292297721 0.134755358 0.067398079 0.047342855 0.135338947 0.017294714 0.989516497
1341846317.106113 -0.303394049 0.148960322 0.072328769 0.052843653 0.133980483 0.021768564 0.989334583
1341846317.137887 -0.302251309 0.145287737 0.056260284 0.055593211 0.124998204 0.025769863 0.990262985
1341846317.173970 -0.311390936 0.150505558 0.047234096 0.057593364 0.118575156 0.028587921 0.990861058
1341846317.205887 -0.320608050 0.155132085 0.043132648 0.058595844 0.116116531 0.028820464 0.991086721
1341846317.248131 -0.329091161 0.153778836 0.044820391 0.060080811 0.113025062 0.030563938 0.991302907
1341846317.306289 -0.360185504 0.147960335 0.033532478 0.060571726 0.109911799 0.034216866 0.991503716
1341846317.348137 -0.380534410 0.147029325 0.037893172 0.062017631 0.113878936 0.034039259 0.990972638
1341846317.410120 -0.400482148 0.154411331 0.045727734 0.064873785 0.113877989 0.039289657 0.990595520
1341846317.442569 -0.408651203 0.149871200 0.051721148 0.066956826 0.114868626 0.042139124 0.990225375
1341846317.474010 -0.415433049 0.150829569 0.052717857 0.073427767 0.115188368 0.044690333 0.989617467
1341846317.509927 -0.414672971 0.158992693 0.043639742 0.077309206 0.110870130 0.049030624 0.989609540
1341846317.542282 -0.415503830 0.159412578 0.045301720 0.076494910 0.107585132 0.050253876 0.989974022
1341846317.573943 -0.423347920 0.155139729 0.048364982 0.075870052 0.109276220 0.048424467 0.989928007
1341846317.610159 -0.432340056 0.153592020 0.053362653 0.078587264 0.111657366 0.049433414 0.989400327
1341846317.643553 -0.436973721 0.163612664 0.054792978 0.082994647 0.110200047 0.054039594 0.988962889
1341846317.677993 -0.439749300 0.167973816 0.058021996 0.084807307 0.106220819 0.057139385 0.989070237
1341846317.709996 -0.444459528 0.168695420 0.052582614 0.087861396 0.103814833 0.055520862 0.989151299
1341846317.741834 -0.434892565 0.172840104 0.049177062 0.087793373 0.100161634 0.057243541 0.989435792
1341846317.777923 -0.427242160 0.172518983 0.048686914 0.085793205 0.096626192 0.056858458 0.989984870
1341846317.810021 -0.419576347 0.177865341 0.047076710 0.086735770 0.092532963 0.056113344 0.990336239
1341846317.841886 -0.396787584 0.174990833 0.038921714 0.084182501 0.086233906 0.053777993 0.991254210
1341846317.878017 -0.381578028 0.180805251 0.037693944 0.082642585 0.082373835 0.051300280 0.991843283
1341846317.909910 -0.373298645 0.177504033 0.046356499 0.081566289 0.082074255 0.046779986 0.992180645
1341846317.946031 -0.337783992 0.170066014 0.047568336 0.080812357 0.075158887 0.046993013 0.992779970
1341846317.978041 -0.309019387 0.165863395 0.047684874 0.081849873 0.067525640 0.046638582 0.993260145
1341846318.009897 -0.301537752 0.169388354 0.046512671 0.084699661 0.066024065 0.044657171 0.993213236
1341846318.045949 -0.271387994 0.165092200 0.040095337 0.083166897 0.060173359 0.043208551 0.993778408
1341846318.078074 -0.221209079 0.156835109 0.041347489 0.080720812 0.048296433 0.040405609 0.994745672
1341846318.109894 -0.198269099 0.160537437 0.042010859 0.080623619 0.039554905 0.038213130 0.995226085
1341846318.145957 -0.204253852 0.145712003 0.041185692 0.076927595 0.037802614 0.034663871 0.995716572
1341846318.178001 -0.204246923 0.146124050 0.044633429 0.076573677 0.037312075 0.031901442 0.995854676
1341846318.214074 -0.176756322 0.145746127 0.049001791 0.076950923 0.029337307 0.029848307 0.996156096
1341846318.245970 -0.161657020 0.151435107 0.050133798 0.081272699 0.019875210 0.031020934 0.996010780
1341846318.278018 -0.153020531 0.158758610 0.046840698 0.086288996 0.012430858 0.030570457 0.995723426
1341846318.313937 -0.142638236 0.162004530 0.043500151 0.088279992 0.002747186 0.031877480 0.995581686
1341846318.345989 -0.142182216 0.162910864 0.058190264 0.090156190 -0.007322947 0.030374607 0.995437384
1341846318.382046 -0.137144953 0.165699005 0.051757198 0.092541352 -0.016432105 0.030916873 0.995093048
1341846318.414072 -0.128820628 0.174021333 0.048910543 0.095596045 -0.026265953 0.033574656 0.994507015
1341846318.446035 -0.116555966 0.174694285 0.047777276 0.098051541 -0.035786022 0.030300824 0.994076014
1341846318.482196 -0.120326035 0.167350888 0.046485387 0.097325079 -0.037905786 0.030232040 0.994070888
1341846318.514144 -0.127237037 0.166024953 0.050953951 0.097283289 -0.039315142 0.032709908 0.993941844
1341846318.546259 -0.121846564 0.156468958 0.048319820 0.097346961 -0.042149428 0.030804066 0.993880332
1341846318.582042 -0.120629147 0.163479373 0.036956783 0.099518418 -0.044089504 0.031761874 0.993550897
1341846318.614115 -0.120107941 0.145506084 0.041561551 0.096104458 -0.045339439 0.034109477 0.993752897
1341846318.650038 -0.122542374 0.139798433 0.040852338 0.095143028 -0.046829984 0.032454371 0.993831694
1341846318.682350 -0.130298615 0.143298790 0.032772072 0.095639005 -0.047314823 0.030764526 0.993814886
1341846318.714063 -0.149453357 0.127443939 0.031938810 0.092070110 -0.046680223 0.029728403 0.994213402
1341846318.749905 -0.165250748 0.122387357 0.028254185 0.092471436 -0.045253947 0.029711494 0.994242609
1341846318.782036 -0.179604858 0.126050889 0.023327287 0.094649881 -0.045789775 0.031920463 0.993944585
1341846318.814121 -0.189445868 0.132557333 0.016851749 0.095571771 -0.051816933 0.028124653 0.993674994
1341846318.850072 -0.218109429 0.129553258 0.025042715 0.095919929 -0.054356575 0.025600461 0.993574023
1341846318.883516 -0.232631132 0.132460713 0.018519450 0.099793680 -0.060836475 0.024938472 0.992833436
1341846318.918047 -0.253098756 0.135026038 0.021233805 0.103089280 -0.071319304 0.025733154 0.991778195
1341846318.950044 -0.276664823 0.122156233 0.032840896 0.103136495 -0.078905538 0.021731852 0.991294324
1341846318.982028 -0.272772104 0.127212301 0.019865083 0.105258994 -0.084321745 0.020728288 0.990646601
1341846319.018123 -0.284416288 0.120846123 0.020525593 0.104026355 -0.089472070 0.021199774 0.990315020
1341846319.050745 -0.279218435 0.120709464 0.013786605 0.106494784 -0.096400477 0.018365990 0.989458680
1341846319.081905 -0.296597779 0.119220637 0.009764474 0.111173697 -0.094062336 0.017855538 0.989178360
1341846319.117976 -0.319997430 0.123633958 0.000832498 0.113653705 -0.092288963 0.024063537 0.988932014
1341846319.150093 -0.350604653 0.119882517 0.003288932 0.114928909 -0.093896978 0.030527890 0.988454759
1341846319.186069 -0.376772523 0.120239854 0.001649891 0.115120098 -0.091025256 0.027245343 0.988797009
1341846319.218149 -0.409684539 0.126322061 -0.002680640 0.112354800 -0.082219303 0.023179511 0.989989460
1341846319.250034 -0.451014668 0.125751197 0.007162317 0.106683664 -0.070742063 0.022909939 0.991508603
1341846319.286594 -0.491007775 0.116399527 0.010261255 0.104580313 -0.062624358 0.025366310 0.992218554
1341846319.318034 -0.532541752 0.116443917 0.013662184 0.105774753 -0.056610256 0.028896371 0.992356777
1341846319.350268 -0.574292779 0.107739337 0.022807201 0.105970286 -0.051440433 0.034049049 0.992453933
1341846319.386163 -0.609959543 0.110159002 0.021699373 0.108840749 -0.052742235 0.040429302 0.991835356
1341846319.418386 -0.649195611 0.118355855 0.011423297 0.111620657 -0.052003440 0.039475348 0.991603851
1341846319.453961 -0.700085878 0.118529715 0.004997265 0.111411251 -0.044616789 0.032491293 0.992240489
1341846319.486271 -0.716929495 0.131653666 -0.016740138 0.112406135 -0.044498131 0.030577809 0.992194414
1341846319.554083 -0.694190443 0.132656708 0.011545217 0.107342623 -0.056797348 0.036047954 0.991943657
1341846319.586296 -0.708106399 0.130864143 0.013100006 0.107363701 -0.055563126 0.034382753 0.992070377
1341846319.622031 -0.720897794 0.125884637 0.008705608 0.104358777 -0.059109759 0.033000212 0.992232978
1341846319.653962 -0.722298682 0.119864523 0.019873271 0.103575245 -0.064684793 0.033107582 0.991963685
1341846319.686352 -0.722323239 0.117248453 0.022861479 0.104982764 -0.069610521 0.037000239 0.991344571
1341846319.721992 -0.728651166 0.119397298 0.007264100 0.105321437 -0.073548399 0.038341362 0.990973294
1341846319.754063 -0.727030456 0.127255931 -0.000381166 0.102204666 -0.076835334 0.039275788 0.991013587
1341846319.786397 -0.727691054 0.122454993 0.005815716 0.097594537 -0.077552952 0.043465905 0.991247475
1341846319.822008 -0.722014785 0.113917701 0.006217649 0.092799835 -0.080354176 0.049993537 0.991177082
1341846319.853917 -0.722548723 0.107727706 0.004281797 0.086996421 -0.081856966 0.055068851 0.991311491
1341846319.889942 -0.721097171 0.109688468 0.016537597 0.085598014 -0.083681405 0.059722517 0.991011381
1341846319.922039 -0.734706402 0.099877812 0.017584123 0.084224209 -0.087061301 0.060131960 0.990813196
1341846319.953946 -0.714942455 0.113447770 0.020985566 0.087014392 -0.096445702 0.054986544 0.990001619
1341846319.990054 -0.717415571 0.105214156 0.022409039 0.088156827 -0.098666780 0.049165968 0.989987910
1341846320.028122 -0.767806232 0.107554100 0.024699837 0.091165006 -0.094516002 0.046020411 0.990271568
1341846320.090047 -0.718919635 0.112972096 0.020917423 0.096010201 -0.108094603 0.047520686 0.988351822
1341846320.122011 -0.723647535 0.116698772 0.020014288 0.097095087 -0.104137905 0.046856415 0.988702357
1341846320.157952 -0.717020094 0.118903592 0.024026690 0.097780682 -0.101608418 0.045891244 0.988943219
1341846320.190003 -0.696634710 0.110876113 0.022964217 0.099653751 -0.099561036 0.042656489 0.989109278
1341846320.221941 -0.691865683 0.105977118 0.016150068 0.103035755 -0.096055999 0.043250971 0.989083529
1341846320.258015 -0.690865636 0.103064090 0.019564446 0.107028961 -0.093980648 0.044763919 0.988791525
1341846320.289887 -0.637416244 0.076912098 0.025825433 0.108888879 -0.102032512 0.047874019 0.987643957
1341846320.321954 -0.580144584 0.065129213 0.020950962 0.115031049 -0.110209063 0.049613640 0.985981882
1341846320.357890 -0.562439501 0.084119052 0.004180109 0.122115158 -0.110610656 0.046893727 0.985217810
1341846320.390064 -0.511569202 0.081625901 -0.007523524 0.122382924 -0.112499841 0.047495157 0.984941781
1341846320.426544 -0.514027357 0.060560908 -0.031805128 0.122266307 -0.101951137 0.037863124 0.986520767
1341846320.458122 -0.433426678 0.054189947 -0.002084202 0.122712515 -0.106385902 0.038641885 0.985966802
1341846320.490186 -0.354754478 0.049769942 0.020080134 0.125391886 -0.108975224 0.039897144 0.985296667
1341846320.525911 -0.291364849 0.051466681 0.002509753 0.128005385 -0.108946845 0.039699726 0.984971642
1341846320.558091 -0.230706125 0.055268418 0.006568680 0.128873929 -0.112826563 0.036799677 0.984534144
1341846320.594093 -0.160862193 0.050941784 0.035070665 0.129329905 -0.116636597 0.037179068 0.984015942
1341846320.631955 -0.108588241 0.057143860 0.056501888 0.132893771 -0.116292730 0.035855498 0.983630836
1341846320.664916 -0.050913345 0.062827542 0.063285686 0.133170709 -0.120883889 0.036063772 0.983032048
1341846320.699927 -0.002957008 0.056837033 0.066128515 0.131560907 -0.122100078 0.034646165 0.983149469
1341846320.731822 0.048566420 0.055601172 0.088043712 0.133195668 -0.123292826 0.034793667 0.982775271
1341846320.763877 0.116200708 0.050075516 0.083619103 0.126363859 -0.132945254 0.040744293 0.982190251
1341846320.799999 0.116052508 0.041925598 0.098944485 0.121264555 -0.131639272 0.029928971 0.983397305
1341846320.831871 0.131538555 0.057208098 0.092132032 0.126650482 -0.118702814 0.019910712 0.984618127
1341846320.863887 0.182618335 0.044578124 0.101333395 0.121189319 -0.120557055 0.029385220 0.984842956
1341846320.900014 0.236192554 0.052507520 0.125984117 0.118171245 -0.134560138 0.030577559 0.983358622
1341846320.931889 0.259422451 0.042541265 0.149492189 0.118551165 -0.132701144 0.026941014 0.983671784
1341846320.967866 0.313802063 0.036298312 0.131114125 0.113748111 -0.136169016 0.028297717 0.983726919
1341846321.000017 0.346434772 0.034734964 0.142451957 0.108770035 -0.139661089 0.029326089 0.983770192
1341846321.031860 0.383348733 0.032922044 0.175817743 0.107459471 -0.143021137 0.026464758 0.983512580
1341846321.068047 0.419058293 0.033216573 0.193942994 0.106142551 -0.144893080 0.026014598 0.983393610
1341846321.099840 0.464854956 0.047299020 0.209283397 0.107312396 -0.150517315 0.025645277 0.982431114
1341846321.131821 0.530124843 0.064383216 0.213839129 0.111753508 -0.157006130 0.025017086 0.980935454
1341846321.167887 0.572753370 0.064936705 0.230593979 0.113556094 -0.158849016 0.026764907 0.980385482
1341846321.200042 0.621832013 0.066089042 0.260372847 0.112872623 -0.167063415 0.026984124 0.979092181
1341846321.231950 0.650818169 0.069233298 0.284508944 0.114699386 -0.167908564 0.024331363 0.978804767
1341846321.267939 0.704566181 0.079143666 0.286981285 0.116285205 -0.171850517 0.020204628 0.978027046
1341846321.299948 0.704674602 0.072282426 0.306261659 0.115859456 -0.166604653 0.014383283 0.979087651
1341846321.331858 0.735598803 0.068821676 0.346332341 0.115915008 -0.170093223 0.010629252 0.978529036
1341846321.367913 0.774586678 0.079555318 0.339665562 0.120907530 -0.170232356 0.007740044 0.977927625
1341846321.399897 0.823952794 0.088166796 0.362291932 0.123646557 -0.173129991 0.009315254 0.977062285
1341846321.435994 0.842397511 0.084749356 0.379472643 0.125302017 -0.172601506 0.009362701 0.976944447
1341846321.467946 0.880973935 0.085709937 0.408649117 0.126953334 -0.175857022 0.012117761 0.976119995
1341846321.499882 0.954744101 0.090072386 0.427812219 0.128831789 -0.183477983 0.012318129 0.974467278
1341846321.536109 0.940728843 0.084058836 0.414600790 0.126695484 -0.172189772 0.010711161 0.976823509
1341846321.568960 0.934959173 0.092422694 0.441450715 0.124920487 -0.166831583 0.008796625 0.978000343
1341846321.603938 0.949114680 0.104021475 0.457682759 0.126283959 -0.166271105 0.002899531 0.977955997
1341846321.637163 0.961430371 0.090410285 0.446198970 0.118764251 -0.157997653 0.007014174 0.980246186
1341846321.668306 0.957235217 0.097153202 0.469441265 0.114711225 -0.151429489 0.010818131 0.981729805
1341846321.704411 0.954065144 0.102881946 0.472930402 0.111831263 -0.151727274 0.017604960 0.981917858
1341846321.736861 0.951828182 0.128342122 0.477497846 0.113679513 -0.152602285 0.025978873 0.981384039
1341846321.771881 0.983941734 0.166771531 0.505130887 0.114725910 -0.157661125 0.030572580 0.980329692
1341846321.804114 0.959415913 0.151935399 0.482153952 0.109019749 -0.148907781 0.030549929 0.982348144
1341846321.836152 0.961413383 0.143398449 0.482432783 0.103815854 -0.146761134 0.030095333 0.983248532
1341846321.871882 0.986178756 0.110407285 0.491362154 0.092868514 -0.149174348 0.024500178 0.984135270
1341846321.904074 0.966464281 0.146432579 0.487234563 0.093768276 -0.143600002 0.021903973 0.984939933
1341846321.939847 0.959504604 0.141645208 0.488187283 0.090250619 -0.138943538 0.018025529 0.986014485
1341846322.004094 0.958844364 0.136966601 0.493025392 0.083271153 -0.141689330 0.016731355 0.986260653
1341846322.066178 0.960563242 0.143681958 0.492884338 0.081477694 -0.134825379 0.013253964 0.987424850
1341846322.107979 0.967252374 0.119459286 0.495788962 0.077364251 -0.134476468 0.010828090 0.987832785
1341846322.166164 0.972172737 0.090224266 0.493115693 0.078419201 -0.135347575 0.012985802 0.987604558
1341846322.202932 0.976224542 0.098953098 0.494103551 0.082155742 -0.138180271 0.012589430 0.986913443
1341846322.234093 0.975986004 0.080193795 0.493636966 0.078562468 -0.139717340 0.009701016 0.987022221
1341846322.265941 0.972520769 0.083390184 0.490720332 0.078196093 -0.141795576 0.011011717 0.986741126
1341846322.301996 0.986066341 0.074513197 0.497241616 0.077009656 -0.145118877 0.011660405 0.986343801
1341846322.333949 0.962714255 0.060245633 0.475827038 0.075869665 -0.143398985 0.009819963 0.986703694
1341846322.369871 0.982552648 0.069572605 0.493284345 0.081367597 -0.151440352 0.007768012 0.985081136
1341846322.402292 0.937691808 0.105382673 0.478282720 0.094413020 -0.140506640 -0.002314343 0.985565186
1341846322.433955 0.955709279 0.030849233 0.478397667 0.088907525 -0.142925650 -0.000608201 0.985731900
1341846322.470030 0.953776479 0.037809160 0.486338794 0.098904066 -0.147548825 0.004275627 0.984087944
1341846322.502433 0.936857939 0.020108905 0.480208784 0.103478491 -0.147109851 0.008529955 0.983655453
1341846322.534002 0.955589175 0.029132899 0.485957742 0.115930222 -0.149596930 0.008893427 0.981886864
1341846322.570196 0.961706817 0.031685658 0.486011267 0.126706615 -0.150679395 0.015489220 0.980306685
1341846322.601920 0.934846699 0.026868816 0.468518972 0.131764770 -0.150269851 0.018623469 0.979647994
1341846322.638119 0.988491297 0.013809034 0.493492126 0.137048185 -0.160601825 0.019824812 0.977257311
1341846322.669947 1.018838286 0.009473037 0.493527830 0.141116410 -0.161239758 0.021371989 0.976540387
1341846322.702026 1.004686832 -0.080131896 0.497835785 0.130389079 -0.158920050 0.023106987 0.978370667
1341846322.738006 1.018560529 -0.089567728 0.507303774 0.129811183 -0.163686812 0.025777329 0.977594614
1341846322.770087 1.031235814 -0.123362303 0.498622745 0.126730964 -0.164182588 0.024177456 0.977956474
1341846322.806047 1.013051152 -0.111697435 0.502110600 0.134146720 -0.161942974 0.028353598 0.977228343
1341846322.838063 0.976670265 -0.088418223 0.482463330 0.140734583 -0.160514623 0.030511871 0.976472139
1341846322.870081 0.993952632 -0.087837853 0.499610394 0.145144001 -0.168254107 0.031498972 0.974490464
1341846322.906018 0.997564375 -0.040770072 0.513510704 0.158630833 -0.169413418 0.032922748 0.972137570
1341846322.938349 1.036103368 -0.086653963 0.525069237 0.149124131 -0.174894154 0.034339260 0.972622693
1341846322.970069 1.012701392 -0.083371133 0.518257320 0.145846844 -0.171598688 0.034622256 0.973695993
1341846323.011820 1.022640109 -0.087645791 0.525566339 0.144287184 -0.172665685 0.036398757 0.973674953
1341846323.073951 1.003781796 -0.109740995 0.520841420 0.137743190 -0.170112580 0.039458476 0.974952042
1341846323.105962 1.005154014 -0.110299475 0.521208763 0.138019174 -0.170208082 0.037250210 0.974983215
1341846323.138158 1.003517628 -0.102388024 0.520779669 0.140379265 -0.169919938 0.034421328 0.974800527
1341846323.174092 1.005902410 -0.126109213 0.519449234 0.135102838 -0.170787409 0.032983795 0.975443959
1341846323.206059 1.001964927 -0.114263259 0.515490532 0.136031434 -0.169524029 0.030028926 0.975630701
1341846323.238053 1.013525724 -0.098792225 0.519959569 0.136343643 -0.167909354 0.029236222 0.975890458
1341846323.273997 1.002042174 -0.134689212 0.519422054 0.126734212 -0.168064520 0.028609734 0.977176607
1341846323.305946 1.008625507 -0.145709977 0.523748636 0.121069163 -0.172572315 0.028690333 0.977106869
1341846323.342027 1.033462882 -0.146483198 0.530815363 0.121243283 -0.172118500 0.027168140 0.977208853
1341846323.374048 1.005410910 -0.160834342 0.519864678 0.120274663 -0.166317075 0.029556608 0.978263259
1341846323.405987 0.999680221 -0.137351081 0.506857455 0.125882447 -0.170686096 0.033100091 0.976690471
1341846323.441956 1.007446647 -0.173404694 0.521663308 0.121969260 -0.174987286 0.034967136 0.976360679
1341846323.473878 1.008422971 -0.181679964 0.521469057 0.127099305 -0.173733592 0.031941678 0.976033866
1341846323.506129 1.007082105 -0.191816971 0.512941599 0.126604691 -0.173286647 0.032225292 0.976168275
1341846323.541972 1.017403483 -0.197672457 0.517800033 0.125045925 -0.174128234 0.029965123 0.976291418
1341846323.573913 1.022801518 -0.211957797 0.509970844 0.125767559 -0.168634787 0.024797298 0.977307498
1341846323.609927 1.015374899 -0.201457575 0.512191594 0.127992943 -0.162396967 0.022195790 0.978137195
1341846323.642014 1.015305996 -0.214066446 0.520281255 0.126013204 -0.162450418 0.024117840 0.978339851
1341846323.674081 1.011497736 -0.212695628 0.515259624 0.127457291 -0.163619846 0.026302673 0.977901459
1341846323.710069 1.017847180 -0.215476498 0.513054311 0.130520076 -0.165852070 0.029496297 0.977029979
1341846323.742111 1.013878703 -0.248137891 0.507637620 0.131585300 -0.167022452 0.029689973 0.976681769
1341846323.774928 1.013878226 -0.247198015 0.505583942 0.135068744 -0.168776080 0.028220881 0.975948095
1341846323.810012 1.017835617 -0.230031088 0.509670496 0.141115829 -0.170885846 0.022453532 0.974874437
1341846323.842207 1.015491962 -0.250458151 0.504669011 0.140106678 -0.169336945 0.020132106 0.975340843
1341846323.878019 1.008811235 -0.258297920 0.502982080 0.141344562 -0.169722572 0.016487503 0.975163639
1341846323.909826 1.016836643 -0.268083632 0.499566644 0.145775139 -0.171760127 0.013049943 0.974206209
1341846323.942459 1.021474481 -0.262535095 0.491181761 0.149522513 -0.171629131 0.016037676 0.973616600
1341846323.978055 1.010162711 -0.267020673 0.497670770 0.152109072 -0.174449876 0.016162101 0.972712100
1341846324.015934 1.019423008 -0.253928691 0.493519396 0.156757355 -0.176428780 0.019982664 0.971545517
1341846324.047722 1.027641654 -0.262873501 0.495548517 0.158871770 -0.175676972 0.017700193 0.971382558
1341846324.083904 1.018892288 -0.246644795 0.500575304 0.160047933 -0.173527330 0.017220249 0.971584499
1341846324.115968 1.025364518 -0.254221231 0.498647362 0.156557426 -0.172113165 0.015282325 0.972436786
1341846324.151967 1.025945663 -0.258124024 0.491865128 0.155754238 -0.168729663 0.009294481 0.973234057
1341846324.183941 1.020982742 -0.227351233 0.499403775 0.156370834 -0.164625153 0.006707088 0.973859191
1341846324.219984 1.004573703 -0.250653028 0.502595901 0.149388865 -0.162061825 0.004600315 0.975396216
1341846324.251968 1.015131712 -0.230770856 0.503899276 0.151033044 -0.163165733 0.005634218 0.974953413
1341846324.284052 1.013638139 -0.221257389 0.498624891 0.151388034 -0.163457453 0.004928987 0.974853337
1341846324.319880 0.999735177 -0.213742256 0.491868675 0.149308652 -0.165352449 0.002274249 0.974864244
1341846324.351917 1.003209472 -0.196438223 0.503683269 0.146684363 -0.169488400 0.000924611 0.974554539
1341846324.388001 1.014807105 -0.171448335 0.494387567 0.145399630 -0.168532029 -0.001586862 0.974911988
1341846324.419908 1.002772093 -0.178736031 0.503928006 0.138797581 -0.166598409 -0.008492722 0.976170123
1341846324.452027 1.005458951 -0.184953794 0.509277880 0.133108318 -0.167426243 -0.008061147 0.976824284
1341846324.487928 0.990319371 -0.156756878 0.516715050 0.135247737 -0.166178986 -0.005027353 0.976763666
1341846324.519985 0.994583666 -0.153951824 0.512626648 0.131418079 -0.169871122 -0.000820603 0.976663888
1341846324.556001 0.996349216 -0.128082931 0.507325649 0.131217048 -0.174779579 0.002476031 0.975821733
1341846324.587888 0.995203495 -0.139565229 0.518982112 0.123233318 -0.178500146 0.003116792 0.976187229
1341846324.620086 1.001758337 -0.113784425 0.519284368 0.125152528 -0.181495398 -0.000490326 0.975395322
1341846324.655955 0.994224072 -0.127167776 0.518004060 0.119814619 -0.181235015 -0.001608443 0.976112604
1341846324.688082 1.003405333 -0.121027768 0.531370461 0.119585551 -0.183108047 0.001031060 0.975791812
1341846324.755922 0.983948827 -0.082594804 0.526849985 0.120892338 -0.185149640 0.003879847 0.975238204
1341846324.814016 1.004584789 -0.018357649 0.516311944 0.121767402 -0.190927207 0.000375541 0.974022269
1341846324.849979 0.960829854 -0.017272517 0.522898138 0.115914300 -0.182996407 -0.005623431 0.976239979
1341846324.881924 0.913573503 -0.026734240 0.513634324 0.111056626 -0.177676409 -0.006074117 0.977783501
1341846324.913902 0.966482580 -0.016676001 0.529375851 0.109337740 -0.187212929 -0.002345407 0.976212621
1341846324.949999 0.946295261 -0.050362904 0.527278960 0.103020340 -0.184804708 0.001294659 0.977359891
1341846324.981922 0.960111260 -0.034065850 0.528909922 0.109312445 -0.190589547 0.004481505 0.975554347
1341846325.018013 0.957000792 -0.064454108 0.508631468 0.105621710 -0.194337934 0.006369593 0.975210905
1341846325.050079 0.945734084 -0.009781530 0.514342606 0.114694804 -0.197972447 0.004912326 0.973461807
1341846325.081901 0.930267692 0.007929703 0.503081977 0.114992931 -0.199190870 0.002103431 0.973188162
1341846325.118531 0.966133118 0.029070407 0.522513986 0.111967944 -0.206547871 -0.000307258 0.972008765
1341846325.149933 0.971256137 0.072330780 0.515797079 0.114214659 -0.204014584 -0.002221804 0.972279847
1341846325.181925 0.952236176 0.060629975 0.529385209 0.107403703 -0.201831207 -0.000201856 0.973513484
1341846325.218055 0.955465615 0.098142378 0.524087191 0.109585121 -0.201761648 0.002851991 0.973280609
1341846325.249811 0.963058889 0.106241539 0.521818101 0.106934391 -0.203118369 0.007418815 0.973269165
1341846325.285925 0.954876184 0.085087888 0.536527991 0.098632231 -0.203675956 0.008987577 0.974015892
1341846325.317988 0.954806030 0.102118909 0.545845866 0.099861734 -0.199709520 0.010503807 0.974696577
1341846325.349844 0.950691104 0.082272969 0.540293992 0.098684467 -0.195455924 0.012826969 0.975650489
1341846325.387302 0.962577462 0.075870633 0.534111321 0.100052111 -0.193734318 0.017753687 0.975777328
1341846325.417931 0.956246853 0.077300742 0.534426332 0.101426020 -0.187844604 0.018520135 0.976772308
1341846325.450747 0.960326254 0.091131359 0.488119155 0.107987031 -0.177452043 0.024327621 0.977884352
1341846325.485954 0.936466396 0.030144716 0.526318908 0.102778457 -0.170596451 0.024317976 0.979664266
1341846325.517875 0.951313615 0.073205724 0.546319723 0.112499475 -0.171424791 0.029111557 0.978319943
1341846325.553859 0.933082521 0.070153974 0.529740036 0.114759155 -0.164391324 0.027090611 0.979322195
1341846325.585855 0.940672636 0.097544707 0.547547758 0.118794769 -0.163938299 0.026778549 0.978925407
1341846325.617990 0.939152956 0.088701390 0.537163913 0.112021685 -0.161315694 0.025365645 0.980196416
1341846325.653982 0.929130137 0.093003422 0.547186136 0.112207517 -0.158821687 0.020623038 0.980693519
1341846325.685819 0.932042241 0.097011231 0.547989607 0.117168136 -0.158055767 0.024673061 0.980143487
1341846325.717857 0.917245388 0.101141550 0.541451454 0.118854225 -0.154843271 0.033341251 0.980196714
1341846325.754083 0.929601073 0.099774912 0.550265670 0.120650023 -0.157995731 0.036239997 0.979371011
1341846325.786087 0.921880424 0.110132873 0.540505946 0.126742423 -0.155495808 0.039114945 0.978890896
1341846325.821856 0.954345047 0.130941391 0.564347684 0.131528765 -0.159799680 0.042191587 0.977437556
1341846325.853827 0.923748136 0.142582864 0.556545556 0.132956088 -0.155160517 0.045073301 0.977863133
1341846325.885958 0.929871738 0.135490388 0.558675230 0.128179118 -0.159725234 0.053375784 0.977347970
1341846325.921984 0.931546211 0.122212760 0.561540127 0.124163456 -0.163950384 0.053926539 0.977136433
1341846325.953899 0.976982296 0.152674854 0.593065739 0.130713508 -0.171157867 0.059462413 0.974722087
1341846325.985823 0.990188062 0.160242304 0.608874500 0.131738320 -0.171532616 0.064056024 0.974227071
1341846326.021991 0.941047192 0.163100824 0.575845599 0.134289816 -0.162622944 0.068194680 0.975125372
1341846326.054055 0.971766472 0.216784641 0.609891593 0.145381391 -0.169628486 0.074497275 0.971874774
1341846326.089984 0.976139188 0.239242688 0.612611294 0.149480417 -0.167832434 0.075068526 0.971520782
1341846326.121822 0.944136620 0.216362461 0.590110898 0.144459814 -0.157824814 0.069337368 0.974379301
1341846326.154079 0.959477067 0.230231076 0.615667164 0.146682382 -0.159805387 0.070469096 0.973643005
1341846326.190178 0.925206780 0.226277709 0.588390410 0.146665856 -0.153773203 0.071041040 0.974574804
1341846326.222162 0.951527178 0.258810192 0.611469030 0.147782028 -0.161331743 0.078417197 0.972616732
1341846326.259181 0.955449462 0.275226384 0.627765715 0.145140857 -0.165804237 0.082214512 0.971948445
1341846326.322766 0.933147132 0.277272969 0.608615518 0.135167867 -0.161028087 0.075976990 0.974693298
1341846326.359773 0.960468888 0.300109267 0.636235356 0.134597227 -0.165410757 0.075645328 0.974063993
1341846326.392109 0.937025905 0.244428650 0.609468460 0.124098681 -0.157756224 0.074471943 0.976814449
1341846326.423985 0.924188077 0.269098997 0.610315919 0.129969224 -0.155432865 0.080195859 0.975969911
1341846326.459869 0.947505534 0.304802239 0.641319513 0.135304272 -0.164189965 0.086700186 0.973250985
1341846326.526163 0.927743554 0.342343032 0.628444850 0.137488395 -0.157462195 0.083934896 0.974298477
1341846326.560211 0.963767171 0.352042407 0.657775164 0.131170943 -0.161077514 0.086447909 0.974358797
1341846326.591828 0.944452703 0.290640801 0.628561974 0.117016442 -0.154092118 0.083855957 0.977512658
1341846326.627027 0.936245024 0.320151120 0.632485390 0.120591082 -0.151446790 0.081738576 0.977670908
1341846326.658442 0.949603081 0.309647501 0.625544548 0.113759018 -0.149056852 0.081221163 0.978899419
1341846326.694856 0.942314565 0.324096709 0.638221145 0.110920340 -0.146029949 0.080760501 0.979719162
1341846326.726206 0.945442855 0.310184300 0.636266649 0.100792035 -0.145493016 0.077022500 0.981193304
1341846326.762753 0.950905740 0.334052980 0.639631808 0.097199246 -0.143155128 0.073273614 0.982186317
1341846326.826821 0.948513448 0.338105798 0.643657148 0.078523047 -0.137896359 0.066668056 0.985075653
1341846326.858887 0.936832786 0.310887069 0.653829336 0.066418082 -0.135481447 0.062332351 0.986584067
1341846326.895360 0.918704748 0.313169122 0.631701827 0.063661426 -0.132026762 0.065821804 0.987007380
1341846326.926897 0.921319842 0.318791389 0.630645275 0.064878821 -0.136280403 0.067472614 0.986238241
1341846326.958888 0.904171944 0.313345104 0.610531926 0.063974939 -0.133318454 0.070157215 0.986514747
1341846326.994594 0.896504223 0.338384837 0.607804537 0.066519968 -0.131743044 0.072496675 0.986388922
1341846327.026301 0.889065564 0.343859583 0.563878119 0.062983952 -0.129278496 0.067230038 0.987319708
1341846327.063945 0.801241457 0.350257725 0.536201537 0.062900074 -0.109579854 0.062775679 0.989997506
1341846327.094662 0.784210503 0.365478575 0.518634677 0.064598255 -0.104867898 0.059141941 0.990622044
1341846327.128901 0.741052091 0.361679971 0.494893163 0.061224744 -0.097720951 0.055051267 0.991802156
1341846327.161940 0.696274102 0.363471568 0.476570070 0.058885597 -0.090497918 0.052062050 0.992790103
1341846327.193867 0.658039510 0.378714710 0.455260336 0.060168587 -0.082585327 0.049287118 0.993544281
1341846327.229885 0.628043652 0.380536616 0.438434750 0.059518069 -0.073530503 0.043926775 0.994545758
1341846327.262014 0.582876205 0.408377141 0.419672340 0.065527633 -0.058918357 0.037916236 0.995387912
1341846327.294023 0.517685890 0.407805175 0.409885705 0.068619646 -0.034731809 0.031683635 0.996534586
1341846327.330015 0.497115642 0.421279132 0.387447745 0.070726961 -0.022219533 0.029126965 0.996822774
1341846340.933918 -0.094157808 0.128430545 0.372108728 0.007185582 0.037721403 0.004066294 0.999254167
1341846341.506077 0.009875484 0.091237567 0.364953548 0.014753058 0.004067780 0.010525161 0.999827504
1341846341.538156 0.009342602 0.038613949 0.345376521 0.003180339 0.002329872 0.013120865 0.999906123
1341846341.574016 0.018515207 0.053163026 0.347753614 0.007724059 -0.001917260 0.012157705 0.999894440
1341846341.612466 0.012910248 0.057936411 0.345299214 0.009146493 -0.001630760 0.012039859 0.999884367
1341846341.643972 0.012065743 0.063888349 0.343052596 0.009408080 -0.003131957 0.010781122 0.999892712
1341846341.679982 0.005761180 0.070192814 0.340598673 0.010903295 -0.003439943 0.011411812 0.999869525
1341846341.712332 -0.004716835 0.070487365 0.337161392 0.011520642 -0.003513295 0.014697511 0.999819458
1341846341.744185 0.002717154 0.073777497 0.338280171 0.013205434 -0.007350321 0.015738986 0.999761939
1341846341.780061 -0.003265882 0.071652003 0.334752351 0.012211560 -0.006169491 0.018834811 0.999728978
1341846341.842595 0.002705344 0.060344845 0.330539703 0.013389573 -0.007695728 0.023957683 0.999593675
1341846341.906227 0.013956883 0.050282128 0.323944747 0.015622954 -0.010535507 0.027232904 0.999451518
1341846341.942069 0.022931814 0.042087492 0.321684569 0.017848847 -0.012150439 0.028436461 0.999362350
1341846341.974775 0.018942829 0.034690801 0.316949427 0.019156057 -0.010763352 0.031451065 0.999263763
1341846342.010161 0.022608874 0.022419732 0.312887073 0.016523583 -0.012743255 0.033995252 0.999204159
1341846342.042024 0.033557914 0.023496365 0.312783569 0.019446174 -0.014945836 0.033687703 0.999131441
1341846342.080032 0.043792490 0.016297443 0.312085122 0.019190514 -0.014647641 0.035134707 0.999090970
1341846342.112265 0.046178930 0.017184293 0.311898857 0.020617897 -0.015307421 0.035933930 0.999024212
1341846342.147954 0.050327070 0.013140665 0.311492950 0.022409638 -0.016636517 0.039246451 0.998839736
1341846342.179852 0.054992694 0.018920192 0.309904307 0.026498504 -0.017008625 0.038903601 0.998746753
1341846342.211848 0.055011917 0.023870014 0.309865177 0.028051795 -0.016371008 0.038721763 0.998722017
1341846342.247920 0.058163080 0.022824699 0.311934620 0.029352946 -0.016725726 0.037510403 0.998724997
1341846342.279870 0.056927860 0.021378985 0.311468780 0.030241776 -0.015159597 0.039485916 0.998647332
1341846342.316068 0.061039161 0.023882044 0.312899202 0.031919714 -0.016015369 0.040151481 0.998555183
1341846342.347894 0.061210468 0.024876202 0.314194381 0.032270323 -0.015913583 0.039965056 0.998553038
1341846342.379953 0.068600878 0.022771318 0.319226474 0.032468271 -0.017273117 0.039592601 0.998538852
1341846342.416195 0.063191585 0.021324214 0.317491621 0.032278486 -0.015779700 0.041986331 0.998471975
