frame_id dynamic_keypoints dynamic_map_points suppressed_map_points dynamic_objects static_objects total_objects
1 274 0 0 2 4 6
1 274 0 0 2 4 6
2 255 0 0 2 4 6
2 255 0 0 2 4 6
3 227 0 0 2 5 7
3 227 0 0 2 5 7
4 260 0 0 2 3 5
4 260 0 0 2 3 5
5 338 0 0 2 2 4
5 338 0 0 2 2 4
6 400 0 0 2 0 2
6 400 0 0 2 0 2
7 385 0 0 2 1 3
7 385 0 0 2 1 3
8 261 0 0 2 4 6
8 261 0 0 2 4 6
9 245 0 0 2 4 6
9 245 0 0 2 4 6
10 254 0 0 2 4 6
10 254 0 0 2 4 6
11 252 0 0 2 3 5
11 252 0 0 2 3 5
12 198 0 0 2 5 7
12 198 0 0 2 5 7
13 271 0 0 2 4 6
13 271 0 0 2 4 6
14 289 0 0 2 3 5
14 289 0 0 2 3 5
15 318 0 0 2 2 4
15 318 0 0 2 2 4
16 307 0 0 2 2 4
16 307 0 0 2 2 4
17 394 0 0 2 1 3
17 394 0 0 2 1 3
18 350 0 0 2 1 3
18 350 0 0 2 1 3
19 387 0 0 2 1 3
19 387 0 0 2 1 3
20 403 0 0 2 1 3
20 403 0 0 2 1 3
21 353 0 0 2 2 4
21 353 0 0 2 2 4
22 350 0 0 2 2 4
22 350 0 0 2 2 4
23 348 0 0 2 3 5
23 348 0 0 2 3 5
24 384 0 0 2 3 5
24 384 0 0 2 3 5
25 507 0 0 2 3 5
25 507 0 0 2 3 5
26 555 0 0 2 3 5
26 555 0 0 2 3 5
27 466 0 0 2 4 6
27 466 0 0 2 4 6
28 463 0 0 2 4 6
28 463 0 0 2 4 6
29 484 0 0 2 4 6
29 484 0 0 2 4 6
30 537 0 0 2 2 4
30 537 0 0 2 2 4
31 503 0 0 2 2 4
31 503 0 0 2 2 4
32 470 0 0 2 2 4
32 470 0 0 2 2 4
33 494 0 0 2 3 5
33 494 0 0 2 3 5
34 485 0 0 2 1 3
34 485 0 0 2 1 3
35 456 0 0 2 3 5
35 456 0 0 2 3 5
36 464 0 0 2 3 5
36 464 0 0 2 3 5
37 497 0 0 2 2 4
37 497 0 0 2 2 4
38 486 0 0 2 1 3
38 486 0 0 2 1 3
39 437 0 0 2 1 3
39 437 0 0 2 1 3
40 462 0 0 2 1 3
40 462 0 0 2 1 3
41 449 0 0 2 1 3
41 449 0 0 2 1 3
42 422 0 0 2 1 4
42 422 0 0 2 1 4
43 420 0 0 2 1 4
43 420 0 0 2 1 4
44 388 0 0 2 1 3
44 388 0 0 2 1 3
45 347 0 0 1 2 3
45 347 0 0 1 2 3
46 333 0 0 1 1 2
46 333 0 0 1 1 2
47 346 0 0 1 2 3
47 346 0 0 1 2 3
48 301 0 0 1 2 3
48 301 0 0 1 2 3
49 287 0 0 1 1 2
49 287 0 0 1 1 2
50 316 0 0 1 1 2
50 316 0 0 1 1 2
51 328 0 0 1 3 4
51 328 0 0 1 3 4
52 292 0 0 1 2 3
52 292 0 0 1 2 3
53 308 0 0 1 3 4
53 308 0 0 1 3 4
54 355 0 0 1 2 3
54 355 0 0 1 2 3
55 368 0 0 2 1 3
55 368 0 0 2 1 3
56 371 0 0 2 2 4
56 371 0 0 2 2 4
57 397 0 0 2 2 4
57 397 0 0 2 2 4
58 438 0 0 2 3 5
58 438 0 0 2 3 5
59 448 0 0 2 2 4
59 448 0 0 2 2 4
60 472 0 0 2 2 4
60 472 0 0 2 2 4
61 519 0 0 2 1 3
61 519 0 0 2 1 3
62 499 0 0 2 1 3
62 499 0 0 2 1 3
63 497 0 0 2 1 3
63 497 0 0 2 1 3
64 546 0 0 2 1 3
64 546 0 0 2 1 3
65 562 0 0 2 1 3
65 562 0 0 2 1 3
66 581 0 0 2 2 4
66 581 0 0 2 2 4
67 587 0 0 2 1 3
67 587 0 0 2 1 3
68 669 0 0 2 1 3
68 669 0 0 2 1 3
69 612 0 0 2 1 3
69 612 0 0 2 1 3
70 624 0 0 2 1 3
70 624 0 0 2 1 3
71 665 0 0 2 1 3
71 665 0 0 2 1 3
72 635 0 0 2 1 3
72 635 0 0 2 1 3
73 668 0 0 2 1 3
73 668 0 0 2 1 3
74 696 0 0 2 1 3
74 696 0 0 2 1 3
75 719 0 0 2 1 3
75 719 0 0 2 1 3
76 701 0 0 2 1 3
76 701 0 0 2 1 3
77 722 0 0 2 1 3
77 722 0 0 2 1 3
78 705 0 0 2 1 3
78 705 0 0 2 1 3
79 715 0 0 2 1 3
79 715 0 0 2 1 3
80 703 0 0 2 1 3
80 703 0 0 2 1 3
81 689 0 0 2 1 3
81 689 0 0 2 1 3
82 666 0 0 2 2 4
82 666 0 0 2 2 4
83 646 0 0 2 2 4
83 646 0 0 2 2 4
84 668 0 0 2 2 4
84 668 0 0 2 2 4
85 638 0 0 2 2 4
85 638 0 0 2 2 4
86 649 0 0 2 2 4
86 649 0 0 2 2 4
87 613 0 0 2 2 4
87 613 0 0 2 2 4
88 567 0 0 2 2 4
88 567 0 0 2 2 4
89 587 0 0 2 1 3
89 587 0 0 2 1 3
90 568 0 0 2 1 3
90 568 0 0 2 1 3
91 532 0 0 2 2 4
91 532 0 0 2 2 4
92 546 0 0 2 0 2
92 546 0 0 2 0 2
93 538 0 0 2 1 3
93 538 0 0 2 1 3
94 486 0 0 2 1 3
94 486 0 0 2 1 3
95 464 0 0 2 1 3
95 464 0 0 2 1 3
96 428 0 0 2 2 4
96 428 0 0 2 2 4
97 456 0 0 2 2 4
97 456 0 0 2 2 4
98 407 0 0 2 2 4
98 407 0 0 2 2 4
99 384 0 0 2 1 3
99 384 0 0 2 1 3
100 375 0 0 2 2 4
100 375 0 0 2 2 4
101 304 0 0 2 2 4
101 304 0 0 2 2 4
102 312 0 0 2 2 4
102 312 0 0 2 2 4
103 294 0 0 2 2 4
103 294 0 0 2 2 4
104 216 0 0 1 3 4
104 216 0 0 1 3 4
105 232 0 0 1 2 3
105 232 0 0 1 2 3
106 228 0 0 1 3 4
106 228 0 0 1 3 4
107 222 0 0 1 3 4
107 222 0 0 1 3 4
108 188 0 0 1 3 4
108 188 0 0 1 3 4
109 193 0 0 1 4 5
109 193 0 0 1 4 5
110 235 0 0 1 4 5
110 235 0 0 1 4 5
111 200 0 0 1 3 4
111 200 0 0 1 3 4
112 235 0 0 1 3 4
112 235 0 0 1 3 4
113 221 0 0 1 2 3
113 221 0 0 1 2 3
114 259 0 0 1 2 3
114 259 0 0 1 2 3
115 297 0 0 1 1 2
115 297 0 0 1 1 2
116 290 0 0 1 2 3
116 290 0 0 1 2 3
117 284 0 0 1 1 2
117 284 0 0 1 1 2
118 270 0 0 1 1 2
118 270 0 0 1 1 2
119 233 0 0 1 3 4
119 233 0 0 1 3 4
120 209 0 0 1 3 4
120 209 0 0 1 3 4
121 220 0 0 1 1 2
121 220 0 0 1 1 2
122 186 0 0 1 1 2
122 186 0 0 1 1 2
123 172 0 0 1 2 4
123 172 0 0 1 2 4
124 130 0 0 1 3 5
124 130 0 0 1 3 5
125 91 0 0 1 4 5
125 91 0 0 1 4 5
126 72 0 0 1 4 5
126 72 0 0 1 4 5
127 69 0 0 1 3 4
127 69 0 0 1 3 4
128 77 0 0 1 2 3
128 77 0 0 1 2 3
129 66 0 0 1 2 3
129 66 0 0 1 2 3
130 53 0 0 1 2 3
130 53 0 0 1 2 3
131 40 0 0 1 2 3
131 40 0 0 1 2 3
132 39 0 0 1 2 3
132 39 0 0 1 2 3
133 26 0 0 1 3 4
133 26 0 0 1 3 4
134 27 0 0 1 4 5
134 27 0 0 1 4 5
135 19 0 0 1 3 4
135 19 0 0 1 3 4
136 0 0 0 0 4 4
136 0 0 0 0 4 4
137 0 0 0 0 4 4
137 0 0 0 0 4 4
138 0 0 0 0 4 4
138 0 0 0 0 4 4
139 0 0 0 0 2 2
139 0 0 0 0 2 2
140 0 0 0 0 2 2
140 0 0 0 0 2 2
141 0 0 0 0 2 2
141 0 0 0 0 2 2
142 0 0 0 0 2 2
142 0 0 0 0 2 2
143 0 0 0 0 2 2
143 0 0 0 0 2 2
144 0 0 0 0 2 2
144 0 0 0 0 2 2
145 0 0 0 0 2 2
145 0 0 0 0 2 2
146 0 0 0 0 2 2
146 0 0 0 0 2 2
147 0 0 0 0 2 2
147 0 0 0 0 2 2
148 0 0 0 0 2 2
148 0 0 0 0 2 2
149 0 0 0 0 2 2
149 0 0 0 0 2 2
150 0 0 0 0 4 4
150 0 0 0 0 4 4
151 0 0 0 0 3 4
151 0 0 0 0 3 4
152 0 0 0 0 3 3
152 0 0 0 0 3 3
153 0 0 0 0 3 3
153 0 0 0 0 3 3
154 0 0 0 0 3 3
154 0 0 0 0 3 3
155 0 0 0 0 2 2
155 0 0 0 0 2 2
156 0 0 0 0 2 2
156 0 0 0 0 2 2
157 0 0 0 0 2 2
157 0 0 0 0 2 2
158 0 0 0 0 2 2
158 0 0 0 0 2 2
159 20 0 0 1 2 3
159 20 0 0 1 2 3
160 37 0 0 1 2 3
160 37 0 0 1 2 3
161 43 0 0 1 2 3
161 43 0 0 1 2 3
162 53 0 0 1 2 3
162 53 0 0 1 2 3
163 50 0 0 1 2 3
163 50 0 0 1 2 3
164 70 0 0 1 2 3
164 70 0 0 1 2 3
165 81 0 0 1 2 3
165 81 0 0 1 2 3
166 66 0 0 1 2 3
166 66 0 0 1 2 3
167 76 0 0 1 2 4
167 76 0 0 1 2 4
168 94 0 0 1 2 3
168 94 0 0 1 2 3
169 111 0 0 1 2 3
169 111 0 0 1 2 3
170 116 0 0 1 3 5
170 116 0 0 1 3 5
171 138 0 0 1 2 3
171 138 0 0 1 2 3
172 76 0 0 1 3 4
172 76 0 0 1 3 4
173 71 0 0 1 3 4
173 71 0 0 1 3 4
174 68 0 0 1 2 3
174 68 0 0 1 2 3
175 56 0 0 1 3 4
175 56 0 0 1 3 4
176 85 0 0 2 3 5
176 85 0 0 2 3 5
177 102 0 0 1 3 4
177 102 0 0 1 3 4
178 70 0 0 1 3 5
178 70 0 0 1 3 5
179 115 0 0 2 2 4
179 115 0 0 2 2 4
180 90 0 0 1 3 5
180 90 0 0 1 3 5
181 74 0 0 1 3 5
181 74 0 0 1 3 5
182 75 0 0 2 3 5
182 75 0 0 2 3 5
183 47 0 0 1 3 4
183 47 0 0 1 3 4
184 36 0 0 1 3 4
184 36 0 0 1 3 4
185 28 0 0 1 3 4
185 28 0 0 1 3 4
186 31 0 0 1 4 5
186 31 0 0 1 4 5
187 44 0 0 1 3 4
187 44 0 0 1 3 4
188 43 0 0 1 2 4
188 43 0 0 1 2 4
189 35 0 0 1 2 3
189 35 0 0 1 2 3
190 31 0 0 1 2 3
190 31 0 0 1 2 3
191 40 0 0 1 3 4
191 40 0 0 1 3 4
192 32 0 0 1 2 3
192 32 0 0 1 2 3
193 22 0 0 1 2 3
193 22 0 0 1 2 3
194 22 0 0 1 2 3
194 22 0 0 1 2 3
195 16 0 0 1 2 4
195 16 0 0 1 2 4
196 19 0 0 1 3 4
196 19 0 0 1 3 4
197 0 0 0 0 4 4
197 0 0 0 0 4 4
198 0 0 0 0 4 4
198 0 0 0 0 4 4
199 0 0 0 0 2 3
199 0 0 0 0 2 3
200 0 0 0 0 2 2
200 0 0 0 0 2 2
201 0 0 0 0 3 4
201 0 0 0 0 3 4
202 0 0 0 0 2 2
202 0 0 0 0 2 2
203 0 0 0 0 3 3
203 0 0 0 0 3 3
204 0 0 0 0 3 3
204 0 0 0 0 3 3
205 0 0 0 0 2 2
205 0 0 0 0 2 2
206 0 0 0 0 2 2
206 0 0 0 0 2 2
207 0 0 0 0 2 2
207 0 0 0 0 2 2
208 5 0 0 1 2 3
208 5 0 0 1 2 3
209 0 0 0 0 2 2
209 0 0 0 0 2 2
210 0 0 0 0 2 2
210 0 0 0 0 2 2
211 0 0 0 0 2 2
211 0 0 0 0 2 2
212 0 0 0 0 2 2
212 0 0 0 0 2 2
213 0 0 0 0 2 2
213 0 0 0 0 2 2
214 0 0 0 0 2 2
214 0 0 0 0 2 2
215 0 0 0 0 3 3
215 0 0 0 0 3 3
216 0 0 0 0 3 3
216 0 0 0 0 3 3
217 0 0 0 0 3 3
217 0 0 0 0 3 3
218 51 0 0 1 3 4
218 51 0 0 1 3 4
219 70 0 0 1 3 4
219 70 0 0 1 3 4
220 153 0 0 2 3 5
220 153 0 0 2 3 5
221 204 0 0 1 2 3
221 204 0 0 1 2 3
222 269 0 0 1 2 3
222 269 0 0 1 2 3
223 456 0 0 1 2 3
223 456 0 0 1 2 3
224 388 0 0 1 2 3
224 388 0 0 1 2 3
225 449 0 0 1 2 3
225 449 0 0 1 2 3
226 514 0 0 1 3 4
226 514 0 0 1 3 4
227 501 0 0 1 2 3
227 501 0 0 1 2 3
228 511 0 0 1 2 3
228 511 0 0 1 2 3
229 488 0 0 1 3 4
229 488 0 0 1 3 4
230 515 0 0 2 2 4
230 515 0 0 2 2 4
231 480 0 0 2 2 4
231 480 0 0 2 2 4
232 507 0 0 2 2 4
232 507 0 0 2 2 4
233 523 0 0 1 2 3
233 523 0 0 1 2 3
234 505 0 0 2 1 3
234 505 0 0 2 1 3
235 498 0 0 2 2 4
235 498 0 0 2 2 4
236 470 0 0 1 2 3
236 470 0 0 1 2 3
237 481 0 0 1 1 2
237 481 0 0 1 1 2
238 482 0 0 1 1 2
238 482 0 0 1 1 2
239 483 0 0 1 1 2
239 483 0 0 1 1 2
240 468 0 0 1 1 2
240 468 0 0 1 1 2
241 498 0 0 1 1 2
241 498 0 0 1 1 2
242 481 0 0 1 1 2
242 481 0 0 1 1 2
243 296 0 0 1 2 3
243 296 0 0 1 2 3
244 358 0 0 1 1 2
244 358 0 0 1 1 2
245 359 0 0 1 1 2
245 359 0 0 1 1 2
246 312 0 0 1 1 2
246 312 0 0 1 1 2
247 259 0 0 1 1 4
247 259 0 0 1 1 4
248 292 0 0 1 1 3
248 292 0 0 1 1 3
249 284 0 0 1 1 2
249 284 0 0 1 1 2
250 253 0 0 1 1 2
250 253 0 0 1 1 2
251 246 0 0 1 1 2
251 246 0 0 1 1 2
252 275 0 0 1 1 2
252 275 0 0 1 1 2
253 278 0 0 1 1 3
253 278 0 0 1 1 3
254 234 0 0 1 3 7
254 234 0 0 1 3 7
255 225 0 0 1 3 5
255 225 0 0 1 3 5
256 188 0 0 1 2 5
256 188 0 0 1 2 5
257 177 0 0 1 3 6
257 177 0 0 1 3 6
258 189 0 0 1 4 6
258 189 0 0 1 4 6
259 158 0 0 1 3 6
259 158 0 0 1 3 6
260 201 0 0 1 2 4
260 201 0 0 1 2 4
261 210 0 0 1 2 4
261 210 0 0 1 2 4
262 216 0 0 1 2 3
262 216 0 0 1 2 3
263 223 0 0 1 2 3
263 223 0 0 1 2 3
264 216 0 0 1 2 4
264 216 0 0 1 2 4
265 234 0 0 1 2 3
265 234 0 0 1 2 3
266 248 0 0 1 2 5
266 248 0 0 1 2 5
267 235 0 0 1 2 4
267 235 0 0 1 2 4
268 229 0 0 1 2 4
268 229 0 0 1 2 4
269 258 0 0 1 2 4
269 258 0 0 1 2 4
270 240 0 0 1 2 3
270 240 0 0 1 2 3
271 230 0 0 1 2 3
271 230 0 0 1 2 3
272 210 0 0 1 2 4
272 210 0 0 1 2 4
273 213 0 0 1 2 4
273 213 0 0 1 2 4
274 207 0 0 1 2 4
274 207 0 0 1 2 4
275 194 0 0 1 2 3
275 194 0 0 1 2 3
276 180 0 0 1 2 3
276 180 0 0 1 2 3
277 192 0 0 1 2 4
277 192 0 0 1 2 4
278 180 0 0 1 2 4
278 180 0 0 1 2 4
279 192 0 0 1 2 4
279 192 0 0 1 2 4
280 180 0 0 1 2 5
280 180 0 0 1 2 5
281 185 0 0 1 2 4
281 185 0 0 1 2 4
282 187 0 0 1 2 3
282 187 0 0 1 2 3
283 177 0 0 1 2 4
283 177 0 0 1 2 4
284 171 0 0 1 2 5
284 171 0 0 1 2 5
285 176 0 0 1 2 4
285 176 0 0 1 2 4
286 197 0 0 1 2 5
286 197 0 0 1 2 5
287 175 0 0 1 2 5
287 175 0 0 1 2 5
288 174 0 0 1 3 7
288 174 0 0 1 3 7
289 161 0 0 1 3 6
289 161 0 0 1 3 6
290 183 0 0 1 3 6
290 183 0 0 1 3 6
291 161 0 0 1 4 7
291 161 0 0 1 4 7
292 173 0 0 1 4 7
292 173 0 0 1 4 7
293 167 0 0 1 3 6
293 167 0 0 1 3 6
294 164 0 0 1 4 7
294 164 0 0 1 4 7
295 137 0 0 1 4 6
295 137 0 0 1 4 6
296 144 0 0 1 4 6
296 144 0 0 1 4 6
297 150 0 0 1 4 7
297 150 0 0 1 4 7
298 178 0 0 1 4 7
298 178 0 0 1 4 7
299 199 0 0 1 4 7
299 199 0 0 1 4 7
300 233 0 0 1 3 6
300 233 0 0 1 3 6
301 232 0 0 1 4 7
301 232 0 0 1 4 7
302 218 0 0 1 3 6
302 218 0 0 1 3 6
303 222 0 0 1 3 6
303 222 0 0 1 3 6
304 222 0 0 1 4 6
304 222 0 0 1 4 6
305 226 0 0 1 4 7
305 226 0 0 1 4 7
306 228 0 0 1 4 6
306 228 0 0 1 4 6
307 240 0 0 1 4 6
307 240 0 0 1 4 6
308 207 0 0 1 4 7
308 207 0 0 1 4 7
309 191 0 0 1 4 7
309 191 0 0 1 4 7
310 196 0 0 1 4 5
310 196 0 0 1 4 5
311 232 0 0 1 2 3
311 232 0 0 1 2 3
312 211 0 0 1 4 6
312 211 0 0 1 4 6
313 257 0 0 1 3 5
313 257 0 0 1 3 5
314 237 0 0 1 4 7
314 237 0 0 1 4 7
315 252 0 0 1 4 7
315 252 0 0 1 4 7
316 236 0 0 1 4 6
316 236 0 0 1 4 6
317 277 0 0 1 3 4
317 277 0 0 1 3 4
318 255 0 0 1 3 5
318 255 0 0 1 3 5
319 250 0 0 1 3 4
319 250 0 0 1 3 4
320 230 0 0 1 3 4
320 230 0 0 1 3 4
321 191 0 0 1 3 4
321 191 0 0 1 3 4
322 191 0 0 1 3 4
322 191 0 0 1 3 4
323 185 0 0 1 4 5
323 185 0 0 1 4 5
324 159 0 0 1 4 6
324 159 0 0 1 4 6
325 163 0 0 1 4 5
325 163 0 0 1 4 5
326 140 0 0 1 3 4
326 140 0 0 1 3 4
327 133 0 0 1 3 4
327 133 0 0 1 3 4
328 122 0 0 1 3 4
328 122 0 0 1 3 4
329 137 0 0 1 3 4
329 137 0 0 1 3 4
330 149 0 0 1 3 5
330 149 0 0 1 3 5
331 113 0 0 1 4 6
331 113 0 0 1 4 6
332 111 0 0 1 3 4
332 111 0 0 1 3 4
333 91 0 0 1 3 4
333 91 0 0 1 3 4
334 65 0 0 1 3 4
334 65 0 0 1 3 4
335 64 0 0 1 4 5
335 64 0 0 1 4 5
336 60 0 0 1 4 5
336 60 0 0 1 4 5
337 45 0 0 1 5 6
337 45 0 0 1 5 6
338 55 0 0 1 3 4
338 55 0 0 1 3 4
339 41 0 0 1 3 4
339 41 0 0 1 3 4
340 37 0 0 1 4 5
340 37 0 0 1 4 5
341 45 0 0 1 3 4
341 45 0 0 1 3 4
342 62 0 0 1 3 4
342 62 0 0 1 3 4
343 27 0 0 1 4 5
343 27 0 0 1 4 5
344 91 0 0 1 3 4
344 91 0 0 1 3 4
345 98 0 0 1 5 6
345 98 0 0 1 5 6
346 71 0 0 1 3 4
346 71 0 0 1 3 4
347 123 0 0 1 3 5
347 123 0 0 1 3 5
348 65 0 0 1 3 4
348 65 0 0 1 3 4
349 54 0 0 1 3 4
349 54 0 0 1 3 4
350 76 0 0 1 3 4
350 76 0 0 1 3 4
351 29 0 0 1 4 6
351 29 0 0 1 4 6
352 28 0 0 1 4 5
352 28 0 0 1 4 5
353 31 0 0 1 4 5
353 31 0 0 1 4 5
354 31 0 0 1 5 6
354 31 0 0 1 5 6
355 29 0 0 1 5 6
355 29 0 0 1 5 6
356 40 0 0 1 6 7
356 40 0 0 1 6 7
357 38 0 0 1 4 5
357 38 0 0 1 4 5
358 37 0 0 1 5 6
358 37 0 0 1 5 6
359 43 0 0 1 5 6
359 43 0 0 1 5 6
360 0 0 0 0 5 5
360 0 0 0 0 5 5
361 0 0 0 0 5 5
361 0 0 0 0 5 5
362 0 0 0 0 5 5
362 0 0 0 0 5 5
363 0 0 0 0 5 5
363 0 0 0 0 5 5
364 0 0 0 0 5 5
364 0 0 0 0 5 5
365 0 0 0 0 5 5
365 0 0 0 0 5 5
366 0 0 0 0 4 4
366 0 0 0 0 4 4
367 0 0 0 0 5 5
367 0 0 0 0 5 5
368 10 0 0 1 5 6
368 10 0 0 1 5 6
369 12 0 0 1 4 5
369 12 0 0 1 4 5
370 9 0 0 1 4 5
370 9 0 0 1 4 5
371 4 0 0 1 4 5
371 4 0 0 1 4 5
372 0 0 0 0 4 4
372 0 0 0 0 4 4
373 0 0 0 0 5 5
373 0 0 0 0 5 5
374 4 0 0 1 5 6
374 4 0 0 1 5 6
375 4 0 0 1 4 5
375 4 0 0 1 4 5
376 0 0 0 0 4 4
376 0 0 0 0 4 4
377 0 0 0 1 4 5
377 0 0 0 1 4 5
378 0 0 0 1 4 5
378 0 0 0 1 4 5
379 0 0 0 1 5 6
379 0 0 0 1 5 6
380 0 0 0 0 4 5
380 0 0 0 0 4 5
381 0 0 0 0 4 4
381 0 0 0 0 4 4
382 0 0 0 0 4 5
382 0 0 0 0 4 5
383 6 0 0 1 4 6
383 6 0 0 1 4 6
384 0 0 0 0 5 5
384 0 0 0 0 5 5
385 0 0 0 0 5 5
385 0 0 0 0 5 5
386 0 0 0 0 4 4
386 0 0 0 0 4 4
387 0 0 0 0 4 4
387 0 0 0 0 4 4
388 0 0 0 0 5 5
388 0 0 0 0 5 5
389 0 0 0 0 5 5
389 0 0 0 0 5 5
390 0 0 0 0 5 5
390 0 0 0 0 5 5
391 0 0 0 0 5 5
391 0 0 0 0 5 5
392 0 0 0 0 5 5
392 0 0 0 0 5 5
393 0 0 0 0 5 5
393 0 0 0 0 5 5
394 0 0 0 0 5 5
394 0 0 0 0 5 5
395 0 0 0 0 5 5
395 0 0 0 0 5 5
396 0 0 0 0 5 5
396 0 0 0 0 5 5
397 0 0 0 0 4 4
397 0 0 0 0 4 4
398 0 0 0 0 5 5
398 0 0 0 0 5 5
399 0 0 0 0 5 5
399 0 0 0 0 5 5
400 0 0 0 0 5 5
400 0 0 0 0 5 5
401 0 0 0 0 5 5
401 0 0 0 0 5 5
402 0 0 0 0 5 6
402 0 0 0 0 5 6
403 0 0 0 0 5 5
403 0 0 0 0 5 5
404 0 0 0 0 5 5
404 0 0 0 0 5 5
405 0 0 0 0 5 5
405 0 0 0 0 5 5
406 0 0 0 0 5 5
406 0 0 0 0 5 5
407 0 0 0 0 5 5
407 0 0 0 0 5 5
408 0 0 0 0 5 5
408 0 0 0 0 5 5
409 0 0 0 0 5 5
409 0 0 0 0 5 5
410 0 0 0 0 5 5
410 0 0 0 0 5 5
411 0 0 0 0 5 5
411 0 0 0 0 5 5
412 0 0 0 0 5 5
412 0 0 0 0 5 5
413 0 0 0 0 5 5
413 0 0 0 0 5 5
414 0 0 0 0 5 5
414 0 0 0 0 5 5
415 0 0 0 0 5 5
415 0 0 0 0 5 5
416 0 0 0 0 5 5
416 0 0 0 0 5 5
417 0 0 0 0 4 4
417 0 0 0 0 4 4
418 0 0 0 0 4 4
418 0 0 0 0 4 4
419 324 0 0 1 4 5
419 324 0 0 1 4 5
420 318 0 0 1 4 5
420 318 0 0 1 4 5
421 343 0 0 1 3 4
421 343 0 0 1 3 4
422 358 0 0 1 3 4
422 358 0 0 1 3 4
423 387 0 0 1 3 4
423 387 0 0 1 3 4
424 378 0 0 1 3 4
424 378 0 0 1 3 4
425 385 0 0 1 3 4
425 385 0 0 1 3 4
426 388 0 0 1 3 4
426 388 0 0 1 3 4
427 382 0 0 1 3 4
427 382 0 0 1 3 4
428 385 0 0 1 3 4
428 385 0 0 1 3 4
429 369 0 0 1 3 4
429 369 0 0 1 3 4
430 374 0 0 1 3 4
430 374 0 0 1 3 4
431 279 0 0 1 4 5
431 279 0 0 1 4 5
432 354 0 0 1 4 5
432 354 0 0 1 4 5
433 367 0 0 1 4 5
433 367 0 0 1 4 5
434 356 0 0 1 4 5
434 356 0 0 1 4 5
435 330 0 0 1 3 4
435 330 0 0 1 3 4
436 383 0 0 1 3 4
436 383 0 0 1 3 4
437 430 0 0 1 3 4
437 430 0 0 1 3 4
438 379 0 0 1 3 4
438 379 0 0 1 3 4
439 348 0 0 1 3 4
439 348 0 0 1 3 4
440 364 0 0 1 3 4
440 364 0 0 1 3 4
441 320 0 0 1 3 4
441 320 0 0 1 3 4
442 304 0 0 1 2 3
442 304 0 0 1 2 3
443 320 0 0 1 2 3
443 320 0 0 1 2 3
444 318 0 0 1 3 4
444 318 0 0 1 3 4
445 315 0 0 1 3 4
445 315 0 0 1 3 4
446 417 0 0 1 1 2
446 417 0 0 1 1 2
447 458 0 0 1 1 2
447 458 0 0 1 1 2
448 505 0 0 1 1 2
448 505 0 0 1 1 2
449 591 0 0 1 2 3
449 591 0 0 1 2 3
450 555 0 0 1 3 4
450 555 0 0 1 3 4
451 558 0 0 1 2 3
451 558 0 0 1 2 3
452 580 0 0 1 3 4
452 580 0 0 1 3 4
453 585 0 0 1 3 4
453 585 0 0 1 3 4
454 584 0 0 1 2 4
454 584 0 0 1 2 4
455 572 0 0 1 2 4
455 572 0 0 1 2 4
456 598 0 0 1 2 4
456 598 0 0 1 2 4
457 563 0 0 1 2 4
457 563 0 0 1 2 4
458 569 0 0 1 2 4
458 569 0 0 1 2 4
459 557 0 0 1 2 4
459 557 0 0 1 2 4
460 513 0 0 1 2 4
460 513 0 0 1 2 4
461 521 0 0 1 2 4
461 521 0 0 1 2 4
462 546 0 0 1 2 3
462 546 0 0 1 2 3
463 499 0 0 1 2 3
463 499 0 0 1 2 3
464 495 0 0 1 2 3
464 495 0 0 1 2 3
465 490 0 0 1 2 4
465 490 0 0 1 2 4
466 490 0 0 1 2 4
466 490 0 0 1 2 4
467 503 0 0 1 2 6
467 503 0 0 1 2 6
468 483 0 0 1 2 5
468 483 0 0 1 2 5
469 515 0 0 1 2 5
469 515 0 0 1 2 5
470 517 0 0 1 2 5
470 517 0 0 1 2 5
471 526 0 0 1 2 5
471 526 0 0 1 2 5
472 520 0 0 1 2 4
472 520 0 0 1 2 4
473 546 0 0 1 2 4
473 546 0 0 1 2 4
474 527 0 0 1 2 3
474 527 0 0 1 2 3
475 560 0 0 1 2 3
475 560 0 0 1 2 3
476 474 0 0 1 2 3
476 474 0 0 1 2 3
477 496 0 0 1 2 5
477 496 0 0 1 2 5
478 499 0 0 1 2 4
478 499 0 0 1 2 4
479 501 0 0 1 2 4
479 501 0 0 1 2 4
480 434 0 0 1 3 5
480 434 0 0 1 3 5
481 412 0 0 1 3 5
481 412 0 0 1 3 5
482 367 0 0 1 3 5
482 367 0 0 1 3 5
483 365 0 0 1 3 5
483 365 0 0 1 3 5
484 351 0 0 1 3 5
484 351 0 0 1 3 5
485 341 0 0 1 3 5
485 341 0 0 1 3 5
486 350 0 0 1 3 5
486 350 0 0 1 3 5
487 339 0 0 1 3 5
487 339 0 0 1 3 5
488 348 0 0 1 3 5
488 348 0 0 1 3 5
489 342 0 0 1 3 5
489 342 0 0 1 3 5
490 382 0 0 1 3 5
490 382 0 0 1 3 5
491 428 0 0 1 2 4
491 428 0 0 1 2 4
492 375 0 0 1 3 5
492 375 0 0 1 3 5
493 411 0 0 1 3 5
493 411 0 0 1 3 5
494 399 0 0 1 3 5
494 399 0 0 1 3 5
495 413 0 0 1 3 5
495 413 0 0 1 3 5
496 434 0 0 1 3 5
496 434 0 0 1 3 5
497 426 0 0 1 3 5
497 426 0 0 1 3 5
498 400 0 0 1 3 4
498 400 0 0 1 3 4
499 383 0 0 1 3 5
499 383 0 0 1 3 5
500 442 0 0 1 3 5
500 442 0 0 1 3 5
501 383 0 0 1 3 5
501 383 0 0 1 3 5
502 404 0 0 1 3 5
502 404 0 0 1 3 5
503 420 0 0 1 3 5
503 420 0 0 1 3 5
504 455 0 0 1 3 6
504 455 0 0 1 3 6
505 428 0 0 1 3 6
505 428 0 0 1 3 6
506 371 0 0 1 3 5
506 371 0 0 1 3 5
507 346 0 0 1 3 5
507 346 0 0 1 3 5
508 396 0 0 1 3 5
508 396 0 0 1 3 5
509 363 0 0 1 3 5
509 363 0 0 1 3 5
510 343 0 0 1 3 5
510 343 0 0 1 3 5
511 335 0 0 2 3 6
511 335 0 0 2 3 6
512 339 0 0 1 3 4
512 339 0 0 1 3 4
513 311 0 0 1 3 5
513 311 0 0 1 3 5
514 309 0 0 1 3 4
514 309 0 0 1 3 4
515 194 0 0 1 4 5
515 194 0 0 1 4 5
516 157 0 0 1 4 6
516 157 0 0 1 4 6
517 260 0 0 1 3 5
517 260 0 0 1 3 5
518 231 0 0 1 3 4
518 231 0 0 1 3 4
519 239 0 0 1 3 4
519 239 0 0 1 3 4
520 266 0 0 1 3 4
520 266 0 0 1 3 4
521 256 0 0 1 3 5
521 256 0 0 1 3 5
522 237 0 0 1 3 4
522 237 0 0 1 3 4
523 247 0 0 1 3 4
523 247 0 0 1 3 4
524 277 0 0 1 3 4
524 277 0 0 1 3 4
525 252 0 0 1 3 4
525 252 0 0 1 3 4
526 244 0 0 1 3 4
526 244 0 0 1 3 4
527 263 0 0 1 3 4
527 263 0 0 1 3 4
528 283 0 0 1 3 4
528 283 0 0 1 3 4
529 331 0 0 1 3 5
529 331 0 0 1 3 5
530 422 0 0 1 2 3
530 422 0 0 1 2 3
531 450 0 0 1 4 6
531 450 0 0 1 4 6
532 538 0 0 1 4 5
532 538 0 0 1 4 5
533 556 0 0 1 3 5
533 556 0 0 1 3 5
534 573 0 0 1 3 4
534 573 0 0 1 3 4
535 577 0 0 1 3 4
535 577 0 0 1 3 4
536 554 0 0 1 3 4
536 554 0 0 1 3 4
537 636 0 0 2 3 5
537 636 0 0 2 3 5
538 671 0 0 2 2 5
538 671 0 0 2 2 5
539 658 0 0 2 2 4
539 658 0 0 2 2 4
540 670 0 0 2 1 3
540 670 0 0 2 1 3
541 602 0 0 2 2 5
541 602 0 0 2 2 5
542 586 0 0 2 2 4
542 586 0 0 2 2 4
543 574 0 0 2 2 4
543 574 0 0 2 2 4
544 556 0 0 2 2 5
544 556 0 0 2 2 5
545 491 0 0 2 2 4
545 491 0 0 2 2 4
546 599 0 0 2 0 2
546 599 0 0 2 0 2
547 518 0 0 2 2 4
547 518 0 0 2 2 4
548 431 0 0 2 3 5
548 431 0 0 2 3 5
549 507 0 0 2 1 3
549 507 0 0 2 1 3
550 561 0 0 2 1 3
550 561 0 0 2 1 3
551 565 0 0 2 1 3
551 565 0 0 2 1 3
552 617 0 0 2 0 2
552 617 0 0 2 0 2
553 589 0 0 2 1 3
553 589 0 0 2 1 3
554 575 0 0 2 1 3
554 575 0 0 2 1 3
555 576 0 0 2 1 3
555 576 0 0 2 1 3
556 551 0 0 2 0 2
556 551 0 0 2 0 2
557 546 0 0 2 0 2
557 546 0 0 2 0 2
558 533 0 0 2 1 3
558 533 0 0 2 1 3
559 487 0 0 2 1 3
559 487 0 0 2 1 3
560 416 0 0 2 1 3
560 416 0 0 2 1 3
561 409 0 0 2 1 3
561 409 0 0 2 1 3
562 370 0 0 2 2 4
562 370 0 0 2 2 4
563 339 0 0 2 2 4
563 339 0 0 2 2 4
564 383 0 0 2 1 3
564 383 0 0 2 1 3
565 354 0 0 2 1 3
565 354 0 0 2 1 3
566 337 0 0 2 1 3
566 337 0 0 2 1 3
567 377 0 0 2 1 3
567 377 0 0 2 1 3
568 371 0 0 2 1 3
568 371 0 0 2 1 3
569 364 0 0 2 1 3
569 364 0 0 2 1 3
570 350 0 0 2 1 3
570 350 0 0 2 1 3
571 330 0 0 2 1 3
571 330 0 0 2 1 3
572 321 0 0 2 1 3
572 321 0 0 2 1 3
573 297 0 0 2 1 3
573 297 0 0 2 1 3
574 292 0 0 2 1 3
574 292 0 0 2 1 3
575 290 0 0 2 2 4
575 290 0 0 2 2 4
576 287 0 0 2 2 4
576 287 0 0 2 2 4
577 278 0 0 2 2 4
577 278 0 0 2 2 4
578 298 0 0 2 2 4
578 298 0 0 2 2 4
579 273 0 0 2 3 5
579 273 0 0 2 3 5
580 282 0 0 2 3 5
580 282 0 0 2 3 5
581 275 0 0 2 3 5
581 275 0 0 2 3 5
582 271 0 0 2 4 6
582 271 0 0 2 4 6
583 270 0 0 2 4 6
583 270 0 0 2 4 6
584 271 0 0 2 3 5
584 271 0 0 2 3 5
585 279 0 0 2 3 5
585 279 0 0 2 3 5
586 284 0 0 2 3 5
586 284 0 0 2 3 5
587 303 0 0 2 4 6
587 303 0 0 2 4 6
588 282 0 0 2 4 6
588 282 0 0 2 4 6
589 254 0 0 2 4 6
589 254 0 0 2 4 6
590 269 0 0 2 3 5
590 269 0 0 2 3 5
591 255 0 0 2 4 7
591 255 0 0 2 4 7
592 248 0 0 2 3 6
592 248 0 0 2 3 6
593 259 0 0 2 2 5
593 259 0 0 2 2 5
594 271 0 0 2 2 5
594 271 0 0 2 2 5
595 253 0 0 2 4 7
595 253 0 0 2 4 7
596 222 0 0 2 3 5
596 222 0 0 2 3 5
597 206 0 0 2 3 5
597 206 0 0 2 3 5
598 171 0 0 2 3 5
598 171 0 0 2 3 5
599 183 0 0 2 2 4
599 183 0 0 2 2 4
600 208 0 0 2 1 3
600 208 0 0 2 1 3
601 202 0 0 2 1 3
601 202 0 0 2 1 3
602 219 0 0 2 2 4
602 219 0 0 2 2 4
603 230 0 0 2 1 3
603 230 0 0 2 1 3
604 243 0 0 2 1 3
604 243 0 0 2 1 3
605 248 0 0 2 1 3
605 248 0 0 2 1 3
606 251 0 0 2 1 3
606 251 0 0 2 1 3
607 279 0 0 2 1 3
607 279 0 0 2 1 3
608 303 0 0 2 1 3
608 303 0 0 2 1 3
609 320 0 0 2 1 3
609 320 0 0 2 1 3
610 305 0 0 2 2 4
610 305 0 0 2 2 4
611 314 0 0 2 2 4
611 314 0 0 2 2 4
612 348 0 0 2 2 4
612 348 0 0 2 2 4
613 339 0 0 2 3 5
613 339 0 0 2 3 5
614 374 0 0 2 4 6
614 374 0 0 2 4 6
615 391 0 0 2 3 5
615 391 0 0 2 3 5
616 412 0 0 2 4 6
616 412 0 0 2 4 6
617 424 0 0 2 4 6
617 424 0 0 2 4 6
618 480 0 0 2 3 5
618 480 0 0 2 3 5
619 474 0 0 2 2 4
619 474 0 0 2 2 4
620 494 0 0 2 2 4
620 494 0 0 2 2 4
621 521 0 0 2 2 4
621 521 0 0 2 2 4
622 533 0 0 2 2 4
622 533 0 0 2 2 4
623 515 0 0 2 2 4
623 515 0 0 2 2 4
624 514 0 0 2 2 4
624 514 0 0 2 2 4
625 479 0 0 2 2 4
625 479 0 0 2 2 4
626 543 0 0 2 1 3
626 543 0 0 2 1 3
627 551 0 0 2 1 3
627 551 0 0 2 1 3
628 552 0 0 2 1 3
628 552 0 0 2 1 3
629 547 0 0 2 1 3
629 547 0 0 2 1 3
630 529 0 0 2 1 3
630 529 0 0 2 1 3
631 522 0 0 2 2 4
631 522 0 0 2 2 4
632 502 0 0 2 1 3
632 502 0 0 2 1 3
633 552 0 0 2 1 3
633 552 0 0 2 1 3
634 555 0 0 2 0 2
634 555 0 0 2 0 2
635 535 0 0 2 1 3
635 535 0 0 2 1 3
636 556 0 0 2 1 3
636 556 0 0 2 1 3
637 550 0 0 2 0 2
637 550 0 0 2 0 2
638 542 0 0 2 1 3
638 542 0 0 2 1 3
639 508 0 0 2 1 3
639 508 0 0 2 1 3
640 491 0 0 2 2 4
640 491 0 0 2 2 4
641 493 0 0 2 1 3
641 493 0 0 2 1 3
642 460 0 0 2 1 3
642 460 0 0 2 1 3
643 472 0 0 2 2 4
643 472 0 0 2 2 4
644 448 0 0 2 3 5
644 448 0 0 2 3 5
645 434 0 0 2 2 4
645 434 0 0 2 2 4
646 448 0 0 2 1 3
646 448 0 0 2 1 3
647 294 0 0 1 2 3
647 294 0 0 1 2 3
648 279 0 0 1 2 3
648 279 0 0 1 2 3
649 285 0 0 1 1 2
649 285 0 0 1 1 2
650 266 0 0 1 2 3
650 266 0 0 1 2 3
651 253 0 0 1 2 3
651 253 0 0 1 2 3
652 224 0 0 1 3 4
652 224 0 0 1 3 4
653 253 0 0 1 3 4
653 253 0 0 1 3 4
654 266 0 0 1 1 2
654 266 0 0 1 1 2
655 271 0 0 1 3 4
655 271 0 0 1 3 4
656 293 0 0 1 2 3
656 293 0 0 1 2 3
657 236 0 0 1 2 3
657 236 0 0 1 2 3
658 272 0 0 1 1 2
658 272 0 0 1 1 2
659 211 0 0 1 2 3
659 211 0 0 1 2 3
660 190 0 0 1 1 2
660 190 0 0 1 1 2
661 202 0 0 1 2 3
661 202 0 0 1 2 3
662 263 0 0 1 1 2
662 263 0 0 1 1 2
663 244 0 0 1 1 2
663 244 0 0 1 1 2
664 253 0 0 1 0 1
664 253 0 0 1 0 1
665 284 0 0 1 1 2
665 284 0 0 1 1 2
666 282 0 0 1 1 2
666 282 0 0 1 1 2
667 245 0 0 1 2 3
667 245 0 0 1 2 3
668 217 0 0 1 3 4
668 217 0 0 1 3 4
669 209 0 0 1 3 4
669 209 0 0 1 3 4
670 265 0 0 1 2 3
670 265 0 0 1 2 3
671 230 0 0 1 2 3
671 230 0 0 1 2 3
672 231 0 0 1 2 3
672 231 0 0 1 2 3
673 231 0 0 1 2 3
673 231 0 0 1 2 3
674 244 0 0 1 1 2
674 244 0 0 1 1 2
675 234 0 0 1 1 2
675 234 0 0 1 1 2
676 236 0 0 1 1 2
676 236 0 0 1 1 2
677 0 0 0 0 2 2
677 0 0 0 0 2 2
678 475 0 0 1 1 2
678 475 0 0 1 1 2
679 330 0 0 1 1 2
679 330 0 0 1 1 2
680 295 0 0 1 1 2
680 295 0 0 1 1 2
681 323 0 0 1 1 2
681 323 0 0 1 1 2
682 316 0 0 1 1 2
682 316 0 0 1 1 2
683 0 0 0 0 2 2
683 0 0 0 0 2 2
684 267 0 0 1 1 2
684 267 0 0 1 1 2
685 293 0 0 1 1 2
685 293 0 0 1 1 2
686 321 0 0 1 1 2
686 321 0 0 1 1 2
687 293 0 0 1 1 2
687 293 0 0 1 1 2
688 277 0 0 1 1 2
688 277 0 0 1 1 2
689 287 0 0 1 1 2
689 287 0 0 1 1 2
690 235 0 0 1 2 3
690 235 0 0 1 2 3
691 265 0 0 1 1 2
691 265 0 0 1 1 2
692 273 0 0 1 1 2
692 273 0 0 1 1 2
693 270 0 0 1 1 2
693 270 0 0 1 1 2
694 271 0 0 1 1 2
694 271 0 0 1 1 2
695 266 0 0 1 1 2
695 266 0 0 1 1 2
696 271 0 0 1 1 2
696 271 0 0 1 1 2
697 270 0 0 1 1 2
697 270 0 0 1 1 2
698 278 0 0 1 1 2
698 278 0 0 1 1 2
699 270 0 0 1 1 2
699 270 0 0 1 1 2
700 294 0 0 1 1 2
700 294 0 0 1 1 2
701 267 0 0 1 1 2
701 267 0 0 1 1 2
702 271 0 0 1 1 2
702 271 0 0 1 1 2
703 289 0 0 1 1 2
703 289 0 0 1 1 2
704 274 0 0 1 1 2
704 274 0 0 1 1 2
705 258 0 0 1 1 2
705 258 0 0 1 1 2
706 255 0 0 1 1 2
706 255 0 0 1 1 2
707 283 0 0 1 1 2
707 283 0 0 1 1 2
708 296 0 0 1 1 2
708 296 0 0 1 1 2
709 238 0 0 1 1 2
709 238 0 0 1 1 2
710 236 0 0 1 1 2
710 236 0 0 1 1 2
711 287 0 0 1 1 2
711 287 0 0 1 1 2
712 269 0 0 1 1 2
712 269 0 0 1 1 2
713 271 0 0 1 2 3
713 271 0 0 1 2 3
714 300 0 0 1 2 3
714 300 0 0 1 2 3
715 333 0 0 1 1 2
715 333 0 0 1 1 2
716 316 0 0 1 1 2
716 316 0 0 1 1 2
717 280 0 0 1 1 2
717 280 0 0 1 1 2
718 237 0 0 1 2 3
718 237 0 0 1 2 3
719 248 0 0 1 2 3
719 248 0 0 1 2 3
720 250 0 0 1 2 3
720 250 0 0 1 2 3
721 232 0 0 1 2 3
721 232 0 0 1 2 3
722 252 0 0 1 2 3
722 252 0 0 1 2 3
723 228 0 0 1 2 3
723 228 0 0 1 2 3
724 252 0 0 1 1 2
724 252 0 0 1 1 2
725 240 0 0 1 1 2
725 240 0 0 1 1 2
726 198 0 0 1 2 3
726 198 0 0 1 2 3
727 220 0 0 1 1 2
727 220 0 0 1 1 2
728 190 0 0 1 1 2
728 190 0 0 1 1 2
729 165 0 0 1 3 4
729 165 0 0 1 3 4
730 172 0 0 1 2 3
730 172 0 0 1 2 3
731 153 0 0 1 3 4
731 153 0 0 1 3 4
732 153 0 0 1 3 4
732 153 0 0 1 3 4
733 166 0 0 1 3 5
733 166 0 0 1 3 5
734 161 0 0 1 3 5
734 161 0 0 1 3 5
735 137 0 0 1 3 5
735 137 0 0 1 3 5
736 144 0 0 1 3 4
736 144 0 0 1 3 4
737 137 0 0 1 3 4
737 137 0 0 1 3 4
738 126 0 0 1 2 3
738 126 0 0 1 2 3
739 129 0 0 1 2 3
739 129 0 0 1 2 3
740 141 0 0 1 2 3
740 141 0 0 1 2 3
741 136 0 0 1 3 4
741 136 0 0 1 3 4
742 137 0 0 1 2 3
742 137 0 0 1 2 3
743 112 0 0 1 1 2
743 112 0 0 1 1 2
744 140 0 0 1 1 2
744 140 0 0 1 1 2
745 104 0 0 1 2 3
745 104 0 0 1 2 3
746 38 0 0 1 3 4
746 38 0 0 1 3 4
747 199 0 0 1 1 2
747 199 0 0 1 1 2
748 195 0 0 1 1 2
748 195 0 0 1 1 2
749 0 0 0 0 1 1
749 0 0 0 0 1 1
750 228 0 0 1 1 2
750 228 0 0 1 1 2
751 236 0 0 1 1 2
751 236 0 0 1 1 2
752 268 0 0 1 1 2
752 268 0 0 1 1 2
753 236 0 0 1 1 2
753 236 0 0 1 1 2
754 0 0 0 0 0 0
754 0 0 0 0 0 0
755 267 0 0 1 1 2
755 267 0 0 1 1 2
756 332 0 0 1 2 3
756 332 0 0 1 2 3
757 307 0 0 1 2 3
757 307 0 0 1 2 3
758 312 0 0 1 1 2
758 312 0 0 1 1 2
759 0 0 0 0 1 1
759 0 0 0 0 1 1
760 0 0 0 0 1 1
760 0 0 0 0 1 1
761 0 0 0 0 2 2
761 0 0 0 0 2 2
762 0 0 0 0 1 1
762 0 0 0 0 1 1
763 0 0 0 0 1 1
763 0 0 0 0 1 1
764 0 0 0 0 1 1
764 0 0 0 0 1 1
765 0 0 0 0 1 1
765 0 0 0 0 1 1
766 0 0 0 0 1 1
766 0 0 0 0 1 1
767 0 0 0 0 1 1
767 0 0 0 0 1 1
768 0 0 0 0 1 1
768 0 0 0 0 1 1
769 0 0 0 0 1 1
769 0 0 0 0 1 1
770 0 0 0 0 1 1
770 0 0 0 0 1 1
771 0 0 0 0 1 1
771 0 0 0 0 1 1
772 0 0 0 0 1 1
772 0 0 0 0 1 1
773 0 0 0 0 1 1
773 0 0 0 0 1 1
774 0 0 0 0 1 1
774 0 0 0 0 1 1
775 95 0 0 1 1 2
775 95 0 0 1 1 2
776 0 0 0 0 1 1
776 0 0 0 0 1 1
777 0 0 0 0 1 1
777 0 0 0 0 1 1
778 0 0 0 0 1 1
778 0 0 0 0 1 1
779 0 0 0 0 1 1
779 0 0 0 0 1 1
780 0 0 0 0 1 1
780 0 0 0 0 1 1
781 163 0 0 1 1 2
781 163 0 0 1 1 2
782 178 0 0 1 1 2
782 178 0 0 1 1 2
783 191 0 0 1 1 2
783 191 0 0 1 1 2
784 152 0 0 1 1 2
784 152 0 0 1 1 2
785 0 0 0 0 1 1
785 0 0 0 0 1 1
786 0 0 0 0 1 1
786 0 0 0 0 1 1
787 0 0 0 0 1 1
787 0 0 0 0 1 1
788 0 0 0 0 1 1
788 0 0 0 0 1 1
789 0 0 0 0 1 1
789 0 0 0 0 1 1
790 55 0 0 1 3 4
790 55 0 0 1 3 4
791 0 0 0 0 2 2
791 0 0 0 0 2 2
792 0 0 0 0 2 2
792 0 0 0 0 2 2
793 0 0 0 0 3 3
793 0 0 0 0 3 3
794 68 0 0 1 2 3
794 68 0 0 1 2 3
795 0 0 0 0 2 2
795 0 0 0 0 2 2
796 0 0 0 0 1 1
796 0 0 0 0 1 1
797 0 0 0 0 1 1
797 0 0 0 0 1 1
798 0 0 0 0 1 1
798 0 0 0 0 1 1
799 0 0 0 0 1 1
799 0 0 0 0 1 1
800 84 0 0 1 1 2
800 84 0 0 1 1 2
801 0 0 0 0 1 1
801 0 0 0 0 1 1
802 0 0 0 0 1 1
802 0 0 0 0 1 1
803 0 0 0 0 1 1
803 0 0 0 0 1 1
804 0 0 0 0 1 1
804 0 0 0 0 1 1
805 0 0 0 0 0 0
805 0 0 0 0 0 0
806 0 0 0 0 1 1
806 0 0 0 0 1 1
807 412 0 0 1 1 2
807 412 0 0 1 1 2
808 0 0 0 0 1 1
808 0 0 0 0 1 1
809 369 0 0 1 1 2
809 369 0 0 1 1 2
810 460 0 0 1 1 2
810 460 0 0 1 1 2
811 0 0 0 0 1 1
811 0 0 0 0 1 1
812 0 0 0 0 1 1
812 0 0 0 0 1 1
813 0 0 0 0 1 1
813 0 0 0 0 1 1
814 0 0 0 0 1 1
814 0 0 0 0 1 1
815 0 0 0 0 1 1
815 0 0 0 0 1 1
816 350 0 0 1 1 2
816 350 0 0 1 1 2
817 0 0 0 0 1 1
817 0 0 0 0 1 1
818 0 0 0 0 2 2
818 0 0 0 0 2 2
819 104 0 0 1 2 3
819 104 0 0 1 2 3
820 97 0 0 1 2 3
820 97 0 0 1 2 3
821 117 0 0 1 2 3
821 117 0 0 1 2 3
822 187 0 0 1 1 2
822 187 0 0 1 1 2
823 129 0 0 1 2 3
823 129 0 0 1 2 3
824 123 0 0 1 2 3
824 123 0 0 1 2 3
825 152 0 0 1 1 2
825 152 0 0 1 1 2
826 138 0 0 1 1 2
826 138 0 0 1 1 2
827 137 0 0 1 2 3
827 137 0 0 1 2 3
828 138 0 0 1 2 3
828 138 0 0 1 2 3
829 143 0 0 1 2 3
829 143 0 0 1 2 3
830 141 0 0 1 2 3
830 141 0 0 1 2 3
831 122 0 0 1 2 3
831 122 0 0 1 2 3
832 142 0 0 1 1 2
832 142 0 0 1 1 2
833 137 0 0 1 1 2
833 137 0 0 1 1 2
834 134 0 0 1 1 2
834 134 0 0 1 1 2
835 172 0 0 2 1 3
835 172 0 0 2 1 3
836 193 0 0 2 1 4
836 193 0 0 2 1 4
837 189 0 0 2 1 4
837 189 0 0 2 1 4
838 229 0 0 2 2 4
838 229 0 0 2 2 4
839 254 0 0 2 1 3
839 254 0 0 2 1 3
840 301 0 0 2 1 3
840 301 0 0 2 1 3
841 312 0 0 2 2 4
841 312 0 0 2 2 4
842 325 0 0 2 2 4
842 325 0 0 2 2 4
843 292 0 0 2 1 3
843 292 0 0 2 1 3
844 348 0 0 2 1 3
844 348 0 0 2 1 3
845 349 0 0 2 1 3
845 349 0 0 2 1 3
846 384 0 0 2 0 2
846 384 0 0 2 0 2
847 491 0 0 2 0 2
847 491 0 0 2 0 2
865 193 0 14 3 0 3
866 145 0 5 2 0 2
866 145 0 0 2 0 2
867 148 0 0 2 0 2
867 148 0 0 2 0 2
868 108 0 0 1 0 1
868 108 0 0 1 0 1
869 97 0 0 1 0 1
869 97 0 0 1 0 1
870 116 0 0 1 0 1
870 116 0 0 1 0 1
871 110 0 0 1 0 1
871 110 0 0 1 0 1
872 99 0 0 1 0 1
872 99 0 0 1 0 1
873 91 0 0 1 0 1
873 91 0 0 1 0 1
874 90 0 0 1 1 2
874 90 0 0 1 1 2
875 88 0 0 1 1 2
875 88 0 0 1 1 2
876 69 0 0 1 1 2
876 69 0 0 1 1 2
877 43 0 0 1 1 2
877 43 0 0 1 1 2
878 55 0 0 1 1 2
878 55 0 0 1 1 2
879 64 0 0 1 0 1
879 64 0 0 1 0 1
880 0 0 0 0 0 0
880 0 0 0 0 0 0
881 0 0 0 0 0 0
881 0 0 0 0 0 0
882 0 0 0 0 0 0
882 0 0 0 0 0 0
883 0 0 0 0 0 0
883 0 0 0 0 0 0
884 0 0 0 0 1 1
884 0 0 0 0 1 1
885 0 0 0 0 1 1
885 0 0 0 0 1 1
886 0 0 0 0 0 0
886 0 0 0 0 0 0
887 0 0 0 0 1 1
887 0 0 0 0 1 1
888 0 0 0 0 1 1
888 0 0 0 0 1 1
889 0 0 0 0 1 1
889 0 0 0 0 1 1
890 0 0 0 0 1 1
890 0 0 0 0 1 1
891 0 0 0 0 1 1
891 0 0 0 0 1 1
892 0 0 0 0 0 0
892 0 0 0 0 0 0
893 0 0 0 0 0 0
893 0 0 0 0 0 0
894 0 0 0 0 1 1
894 0 0 0 0 1 1
895 0 0 0 0 1 1
895 0 0 0 0 1 1
896 0 0 0 0 0 0
896 0 0 0 0 0 0
897 0 0 0 0 0 0
897 0 0 0 0 0 0
898 0 0 0 0 0 0
898 0 0 0 0 0 0
899 0 0 0 0 1 1
899 0 0 0 0 1 1
900 0 0 0 0 1 1
900 0 0 0 0 1 1
901 0 0 0 0 1 1
901 0 0 0 0 1 1
902 0 0 0 0 0 0
902 0 0 0 0 0 0
903 0 0 0 0 0 0
903 0 0 0 0 0 0
904 0 0 0 0 1 1
904 0 0 0 0 1 1
905 0 0 0 0 1 1
905 0 0 0 0 1 1
906 0 0 0 0 1 2
906 0 0 0 0 1 2
907 0 0 0 0 1 1
907 0 0 0 0 1 1
908 122 0 0 1 0 2
908 122 0 0 1 0 2
909 119 0 0 1 1 2
909 119 0 0 1 1 2
910 125 0 0 1 1 2
910 125 0 0 1 1 2
911 0 0 0 0 1 1
911 0 0 0 0 1 1
912 117 0 0 1 1 2
912 117 0 0 1 1 2
913 118 0 0 1 1 2
913 118 0 0 1 1 2
914 139 0 0 1 1 2
914 139 0 0 1 1 2
915 125 0 0 1 1 2
915 125 0 0 1 1 2
916 128 0 0 1 1 2
916 128 0 0 1 1 2
917 137 0 0 1 1 2
917 137 0 0 1 1 2
918 119 0 0 1 1 2
918 119 0 0 1 1 2
919 133 0 0 1 1 2
919 133 0 0 1 1 2
920 143 0 0 1 1 2
920 143 0 0 1 1 2
921 152 0 0 1 1 2
921 152 0 0 1 1 2
922 128 0 0 1 1 2
922 128 0 0 1 1 2
923 140 0 0 1 1 2
923 140 0 0 1 1 2
924 154 0 0 1 1 2
924 154 0 0 1 1 2
925 126 0 0 1 1 2
925 126 0 0 1 1 2
926 139 0 0 1 0 1
926 139 0 0 1 0 1
927 128 0 0 1 0 1
927 128 0 0 1 0 1
928 169 0 0 1 1 2
928 169 0 0 1 1 2
929 170 0 0 1 0 1
929 170 0 0 1 0 1
930 210 0 0 1 1 2
930 210 0 0 1 1 2
931 183 0 0 1 1 2
931 183 0 0 1 1 2
932 212 0 0 1 1 2
932 212 0 0 1 1 2
933 219 0 0 1 1 2
933 219 0 0 1 1 2
934 233 0 0 1 0 1
934 233 0 0 1 0 1
935 217 0 0 1 0 1
935 217 0 0 1 0 1
936 203 0 0 1 0 1
936 203 0 0 1 0 1
937 232 0 0 1 0 1
937 232 0 0 1 0 1
938 215 0 0 1 1 2
938 215 0 0 1 1 2
939 258 0 0 1 1 2
939 258 0 0 1 1 2
940 256 0 0 1 1 2
940 256 0 0 1 1 2
941 245 0 0 1 2 3
941 245 0 0 1 2 3
942 225 0 0 1 2 3
942 225 0 0 1 2 3
943 236 0 0 1 1 2
943 236 0 0 1 1 2
944 246 0 0 1 1 2
944 246 0 0 1 1 2
945 246 0 0 1 1 2
945 246 0 0 1 1 2
946 260 0 0 1 1 2
946 260 0 0 1 1 2
947 237 0 0 1 2 3
947 237 0 0 1 2 3
948 254 0 0 1 2 3
948 254 0 0 1 2 3
949 274 0 0 1 2 3
949 274 0 0 1 2 3
950 273 0 0 1 3 4
950 273 0 0 1 3 4
951 285 0 0 1 3 4
951 285 0 0 1 3 4
952 239 0 0 1 2 3
952 239 0 0 1 2 3
953 210 0 0 1 3 4
953 210 0 0 1 3 4
954 275 0 0 1 2 3
954 275 0 0 1 2 3
955 315 0 0 1 2 3
955 315 0 0 1 2 3
956 312 0 0 1 2 3
956 312 0 0 1 2 3
957 349 0 0 1 2 3
957 349 0 0 1 2 3
958 353 0 0 1 2 3
958 353 0 0 1 2 3
959 366 0 0 1 3 4
959 366 0 0 1 3 4
960 380 0 0 1 3 4
960 380 0 0 1 3 4
961 288 0 0 1 5 6
961 288 0 0 1 5 6
962 355 0 0 1 4 5
962 355 0 0 1 4 5
963 368 0 0 1 3 4
963 368 0 0 1 3 4
964 365 0 0 1 4 6
964 365 0 0 1 4 6
965 323 0 0 1 3 4
965 323 0 0 1 3 4
966 291 0 0 1 4 5
966 291 0 0 1 4 5
967 399 0 0 1 2 3
967 399 0 0 1 2 3
968 320 0 0 1 3 4
968 320 0 0 1 3 4
969 319 0 0 1 3 4
969 319 0 0 1 3 4
970 370 0 0 2 3 5
970 370 0 0 2 3 5
971 367 0 0 2 3 5
971 367 0 0 2 3 5
972 341 0 0 2 3 5
972 341 0 0 2 3 5
973 361 0 0 2 2 4
973 361 0 0 2 2 4
974 405 0 0 2 2 4
974 405 0 0 2 2 4
975 447 0 0 2 1 3
975 447 0 0 2 1 3
976 425 0 0 2 2 4
976 425 0 0 2 2 4
977 394 0 0 2 2 4
977 394 0 0 2 2 4
978 378 0 0 2 2 4
978 378 0 0 2 2 4
979 359 0 0 2 2 4
979 359 0 0 2 2 4
980 341 0 0 2 1 3
980 341 0 0 2 1 3
981 311 0 0 2 1 3
981 311 0 0 2 1 3
982 302 0 0 2 1 3
982 302 0 0 2 1 3
983 269 0 0 2 1 3
983 269 0 0 2 1 3
984 257 0 0 2 1 3
984 257 0 0 2 1 3
985 218 0 0 2 2 4
985 218 0 0 2 2 4
986 198 0 0 2 2 4
986 198 0 0 2 2 4
987 200 0 0 2 2 4
987 200 0 0 2 2 4
988 168 0 0 1 2 3
988 168 0 0 1 2 3
989 163 0 0 1 2 3
989 163 0 0 1 2 3
990 165 0 0 1 2 3
990 165 0 0 1 2 3
991 180 0 0 2 3 5
991 180 0 0 2 3 5
992 171 0 0 2 3 5
992 171 0 0 2 3 5
993 159 0 0 1 2 3
993 159 0 0 1 2 3
994 188 0 0 2 2 4
994 188 0 0 2 2 4
995 152 0 0 1 3 4
995 152 0 0 1 3 4
996 170 0 0 2 4 6
996 170 0 0 2 4 6
997 177 0 0 1 3 4
997 177 0 0 1 3 4
998 200 0 0 2 3 5
998 200 0 0 2 3 5
999 185 0 0 1 3 4
999 185 0 0 1 3 4
1000 177 0 0 1 3 4
1000 177 0 0 1 3 4
1001 185 0 0 1 3 4
1001 185 0 0 1 3 4
1002 170 0 0 1 3 4
1002 170 0 0 1 3 4
1003 167 0 0 1 3 4
1003 167 0 0 1 3 4
1004 170 0 0 1 3 4
1004 170 0 0 1 3 4
1005 162 0 0 1 3 4
1005 162 0 0 1 3 4
1006 169 0 0 2 3 5
1006 169 0 0 2 3 5
1007 149 0 0 1 3 4
1007 149 0 0 1 3 4
1008 126 0 0 1 3 4
1008 126 0 0 1 3 4
1009 121 0 0 1 3 4
1009 121 0 0 1 3 4
1010 145 0 0 1 3 4
1010 145 0 0 1 3 4
1011 153 0 0 1 3 4
1011 153 0 0 1 3 4
1012 168 0 0 1 3 4
1012 168 0 0 1 3 4
1013 169 0 0 1 3 5
1013 169 0 0 1 3 5
1014 153 0 0 1 3 4
1014 153 0 0 1 3 4
1015 97 0 0 1 5 6
1015 97 0 0 1 5 6
1016 148 0 0 1 4 5
1016 148 0 0 1 4 5
1017 126 0 0 1 4 5
1017 126 0 0 1 4 5
1018 128 0 0 1 4 5
1018 128 0 0 1 4 5
1019 122 0 0 1 4 5
1019 122 0 0 1 4 5
1020 135 0 0 1 4 5
1020 135 0 0 1 4 5
