frame_id dynamic_keypoints dynamic_map_points suppressed_map_points dynamic_objects static_objects total_objects
1 274 0 0 2 4 6
1 274 0 0 2 4 6
2 255 0 0 2 4 6
2 255 0 0 2 4 6
3 225 0 0 2 5 7
3 225 0 0 2 5 7
4 260 0 0 2 3 5
4 260 0 0 2 3 5
5 340 0 0 2 2 4
5 340 0 0 2 2 4
6 400 0 0 2 0 2
6 400 0 0 2 0 2
7 381 0 0 2 1 3
7 381 0 0 2 1 3
8 262 0 0 2 4 6
8 262 0 0 2 4 6
9 245 0 0 2 4 6
9 245 0 0 2 4 6
10 252 0 0 2 4 6
10 252 0 0 2 4 6
11 252 0 0 2 3 5
11 252 0 0 2 3 5
12 198 0 0 2 5 7
12 198 0 0 2 5 7
13 266 0 0 2 4 6
13 266 0 0 2 4 6
14 289 0 0 2 3 5
14 289 0 0 2 3 5
15 318 0 0 2 2 4
15 318 0 0 2 2 4
16 302 0 0 2 2 4
16 302 0 0 2 2 4
17 391 0 0 2 1 3
17 391 0 0 2 1 3
18 347 0 0 2 1 3
18 347 0 0 2 1 3
19 387 0 0 2 1 3
19 387 0 0 2 1 3
20 402 0 0 2 1 3
20 402 0 0 2 1 3
21 352 0 0 2 2 4
21 352 0 0 2 2 4
22 350 0 0 2 2 4
22 350 0 0 2 2 4
23 347 0 0 2 3 5
23 347 0 0 2 3 5
24 379 0 0 2 3 5
24 379 0 0 2 3 5
25 508 0 0 2 3 5
25 508 0 0 2 3 5
26 555 0 0 2 3 5
26 555 0 0 2 3 5
27 468 0 0 2 4 6
27 468 0 0 2 4 6
28 458 0 0 2 4 6
28 458 0 0 2 4 6
29 484 0 0 2 4 6
29 484 0 0 2 4 6
30 537 0 0 2 2 4
30 537 0 0 2 2 4
31 504 0 0 2 2 4
31 504 0 0 2 2 4
32 470 0 0 2 2 4
32 470 0 0 2 2 4
33 494 0 0 2 3 5
33 494 0 0 2 3 5
34 482 0 0 2 1 3
34 482 0 0 2 1 3
35 454 0 0 2 3 5
35 454 0 0 2 3 5
36 469 0 0 2 3 5
36 469 0 0 2 3 5
37 496 0 0 2 2 4
37 496 0 0 2 2 4
38 489 0 0 2 1 3
38 489 0 0 2 1 3
39 437 0 0 2 1 3
39 437 0 0 2 1 3
40 462 0 0 2 1 3
40 462 0 0 2 1 3
41 446 0 0 2 1 3
41 446 0 0 2 1 3
42 420 0 0 2 1 4
42 420 0 0 2 1 4
43 417 0 0 2 1 4
43 417 0 0 2 1 4
44 388 0 0 2 1 3
44 388 0 0 2 1 3
45 346 0 0 1 2 3
45 346 0 0 1 2 3
46 335 0 0 1 1 2
46 335 0 0 1 1 2
47 348 0 0 1 2 3
47 348 0 0 1 2 3
48 303 0 0 1 2 3
48 303 0 0 1 2 3
49 283 0 0 1 1 2
49 283 0 0 1 1 2
50 318 0 0 1 1 2
50 318 0 0 1 1 2
51 330 0 0 1 3 4
51 330 0 0 1 3 4
52 293 0 0 1 2 3
52 293 0 0 1 2 3
53 312 0 0 1 3 4
53 312 0 0 1 3 4
54 348 0 0 1 2 3
54 348 0 0 1 2 3
55 368 0 0 2 1 3
55 368 0 0 2 1 3
56 372 0 0 2 2 4
56 372 0 0 2 2 4
57 393 0 0 2 2 4
57 393 0 0 2 2 4
58 441 0 0 2 3 5
58 441 0 0 2 3 5
59 449 0 0 2 2 4
59 449 0 0 2 2 4
60 474 0 0 2 2 4
60 474 0 0 2 2 4
61 519 0 0 2 1 3
61 519 0 0 2 1 3
62 500 0 0 2 1 3
62 500 0 0 2 1 3
63 502 0 0 2 1 3
63 502 0 0 2 1 3
64 547 0 0 2 1 3
64 547 0 0 2 1 3
65 562 0 0 2 1 3
65 562 0 0 2 1 3
66 580 0 0 2 2 4
66 580 0 0 2 2 4
67 585 0 0 2 1 3
67 585 0 0 2 1 3
68 668 0 0 2 1 3
68 668 0 0 2 1 3
69 614 0 0 2 1 3
69 614 0 0 2 1 3
70 624 0 0 2 1 3
70 624 0 0 2 1 3
71 664 0 0 2 1 3
71 664 0 0 2 1 3
72 635 0 0 2 1 3
72 635 0 0 2 1 3
73 666 0 0 2 1 3
73 666 0 0 2 1 3
74 692 0 0 2 1 3
74 692 0 0 2 1 3
75 717 0 0 2 1 3
75 717 0 0 2 1 3
76 705 0 0 2 1 3
76 705 0 0 2 1 3
77 721 0 0 2 1 3
77 721 0 0 2 1 3
78 711 0 0 2 1 3
78 711 0 0 2 1 3
79 715 0 0 2 1 3
79 715 0 0 2 1 3
80 703 0 0 2 1 3
80 703 0 0 2 1 3
81 689 0 0 2 1 3
81 689 0 0 2 1 3
82 669 0 0 2 2 4
82 669 0 0 2 2 4
83 646 0 0 2 2 4
83 646 0 0 2 2 4
84 668 0 0 2 2 4
84 668 0 0 2 2 4
85 640 0 0 2 2 4
85 640 0 0 2 2 4
86 648 0 0 2 2 4
86 648 0 0 2 2 4
87 608 0 0 2 2 4
87 608 0 0 2 2 4
88 568 0 0 2 2 4
88 568 0 0 2 2 4
89 586 0 0 2 1 3
89 586 0 0 2 1 3
90 567 0 0 2 1 3
90 567 0 0 2 1 3
91 532 0 0 2 2 4
91 532 0 0 2 2 4
92 544 0 0 2 0 2
92 544 0 0 2 0 2
93 541 0 0 2 1 3
93 541 0 0 2 1 3
94 484 0 0 2 1 3
94 484 0 0 2 1 3
95 464 0 0 2 1 3
95 464 0 0 2 1 3
96 431 0 0 2 2 4
96 431 0 0 2 2 4
97 456 0 0 2 2 4
97 456 0 0 2 2 4
98 407 0 0 2 2 4
98 407 0 0 2 2 4
99 383 0 0 2 1 3
99 383 0 0 2 1 3
100 379 0 0 2 2 4
100 379 0 0 2 2 4
101 300 0 0 2 2 4
101 300 0 0 2 2 4
102 312 0 0 2 2 4
102 312 0 0 2 2 4
103 294 0 0 2 2 4
103 294 0 0 2 2 4
104 216 0 0 1 3 4
104 216 0 0 1 3 4
105 232 0 0 1 2 3
105 232 0 0 1 2 3
106 228 0 0 1 3 4
106 228 0 0 1 3 4
107 222 0 0 1 3 4
107 222 0 0 1 3 4
108 188 0 0 1 3 4
108 188 0 0 1 3 4
109 193 0 0 1 4 5
109 193 0 0 1 4 5
110 238 0 0 1 4 5
110 238 0 0 1 4 5
111 200 0 0 1 3 4
111 200 0 0 1 3 4
112 234 0 0 1 3 4
112 234 0 0 1 3 4
113 221 0 0 1 2 3
113 221 0 0 1 2 3
114 255 0 0 1 2 3
114 255 0 0 1 2 3
115 294 0 0 1 1 2
115 294 0 0 1 1 2
116 290 0 0 1 2 3
116 290 0 0 1 2 3
117 284 0 0 1 1 2
117 284 0 0 1 1 2
118 269 0 0 1 1 2
118 269 0 0 1 1 2
119 234 0 0 1 3 4
119 234 0 0 1 3 4
120 207 0 0 1 3 4
120 207 0 0 1 3 4
121 220 0 0 1 1 2
121 220 0 0 1 1 2
122 185 0 0 1 1 2
122 185 0 0 1 1 2
123 173 0 0 1 2 4
123 173 0 0 1 2 4
124 132 0 0 1 3 5
124 132 0 0 1 3 5
125 90 0 0 1 4 5
125 90 0 0 1 4 5
126 72 0 0 1 4 5
126 72 0 0 1 4 5
127 69 0 0 1 3 4
127 69 0 0 1 3 4
128 76 0 0 1 2 3
128 76 0 0 1 2 3
129 66 0 0 1 2 3
129 66 0 0 1 2 3
130 53 0 0 1 2 3
130 53 0 0 1 2 3
131 40 0 0 1 2 3
131 40 0 0 1 2 3
132 38 0 0 1 2 3
132 38 0 0 1 2 3
133 26 0 0 1 3 4
133 26 0 0 1 3 4
134 27 0 0 1 4 5
134 27 0 0 1 4 5
135 19 0 0 1 3 4
135 19 0 0 1 3 4
136 0 0 0 0 4 4
136 0 0 0 0 4 4
137 0 0 0 0 4 4
137 0 0 0 0 4 4
138 0 0 0 0 4 4
138 0 0 0 0 4 4
139 0 0 0 0 2 2
139 0 0 0 0 2 2
140 0 0 0 0 2 2
140 0 0 0 0 2 2
141 0 0 0 0 2 2
141 0 0 0 0 2 2
142 0 0 0 0 2 2
142 0 0 0 0 2 2
143 0 0 0 0 2 2
143 0 0 0 0 2 2
144 0 0 0 0 2 2
144 0 0 0 0 2 2
145 0 0 0 0 2 2
145 0 0 0 0 2 2
146 0 0 0 0 2 2
146 0 0 0 0 2 2
147 0 0 0 0 2 2
147 0 0 0 0 2 2
148 0 0 0 0 2 2
148 0 0 0 0 2 2
149 0 0 0 0 2 2
149 0 0 0 0 2 2
150 0 0 0 0 4 4
150 0 0 0 0 4 4
151 0 0 0 0 3 4
151 0 0 0 0 3 4
152 0 0 0 0 3 3
152 0 0 0 0 3 3
153 0 0 0 0 3 3
153 0 0 0 0 3 3
154 0 0 0 0 3 3
154 0 0 0 0 3 3
155 0 0 0 0 2 2
155 0 0 0 0 2 2
156 0 0 0 0 2 2
156 0 0 0 0 2 2
157 0 0 0 0 2 2
157 0 0 0 0 2 2
158 0 0 0 0 2 2
158 0 0 0 0 2 2
159 20 0 0 1 2 3
159 20 0 0 1 2 3
160 36 0 0 1 2 3
160 36 0 0 1 2 3
161 43 0 0 1 2 3
161 43 0 0 1 2 3
162 53 0 0 1 2 3
162 53 0 0 1 2 3
163 50 0 0 1 2 3
163 50 0 0 1 2 3
164 70 0 0 1 2 3
164 70 0 0 1 2 3
165 81 0 0 1 2 3
165 81 0 0 1 2 3
166 66 0 0 1 2 3
166 66 0 0 1 2 3
167 73 0 0 1 2 4
167 73 0 0 1 2 4
168 94 0 0 1 2 3
168 94 0 0 1 2 3
169 111 0 0 1 2 3
169 111 0 0 1 2 3
170 116 0 0 1 3 5
170 116 0 0 1 3 5
171 139 0 0 1 2 3
171 139 0 0 1 2 3
172 73 0 0 1 3 4
172 73 0 0 1 3 4
173 72 0 0 1 3 4
173 72 0 0 1 3 4
174 69 0 0 1 2 3
174 69 0 0 1 2 3
175 56 0 0 1 3 4
175 56 0 0 1 3 4
176 85 0 0 2 3 5
176 85 0 0 2 3 5
177 103 0 0 1 3 4
177 103 0 0 1 3 4
178 70 0 0 1 3 5
178 70 0 0 1 3 5
179 113 0 0 2 2 4
179 113 0 0 2 2 4
180 90 0 0 1 3 5
180 90 0 0 1 3 5
181 73 0 0 1 3 5
181 73 0 0 1 3 5
182 73 0 0 2 3 5
182 73 0 0 2 3 5
183 47 0 0 1 3 4
183 47 0 0 1 3 4
184 35 0 0 1 3 4
184 35 0 0 1 3 4
185 28 0 0 1 3 4
185 28 0 0 1 3 4
186 31 0 0 1 4 5
186 31 0 0 1 4 5
187 44 0 0 1 3 4
187 44 0 0 1 3 4
188 43 0 0 1 2 4
188 43 0 0 1 2 4
189 35 0 0 1 2 3
189 35 0 0 1 2 3
190 31 0 0 1 2 3
190 31 0 0 1 2 3
191 40 0 0 1 3 4
191 40 0 0 1 3 4
192 32 0 0 1 2 3
192 32 0 0 1 2 3
193 21 0 0 1 2 3
193 21 0 0 1 2 3
194 22 0 0 1 2 3
194 22 0 0 1 2 3
195 16 0 0 1 2 4
195 16 0 0 1 2 4
196 19 0 0 1 3 4
196 19 0 0 1 3 4
197 0 0 0 0 4 4
197 0 0 0 0 4 4
198 0 0 0 0 4 4
198 0 0 0 0 4 4
199 0 0 0 0 2 3
199 0 0 0 0 2 3
200 0 0 0 0 2 2
200 0 0 0 0 2 2
201 0 0 0 0 3 4
201 0 0 0 0 3 4
202 0 0 0 0 2 2
202 0 0 0 0 2 2
203 0 0 0 0 3 3
203 0 0 0 0 3 3
204 0 0 0 0 3 3
204 0 0 0 0 3 3
205 0 0 0 0 2 2
205 0 0 0 0 2 2
206 0 0 0 0 2 2
206 0 0 0 0 2 2
207 0 0 0 0 2 2
207 0 0 0 0 2 2
208 5 0 0 1 2 3
208 5 0 0 1 2 3
209 0 0 0 0 2 2
209 0 0 0 0 2 2
210 0 0 0 0 2 2
210 0 0 0 0 2 2
211 0 0 0 0 2 2
211 0 0 0 0 2 2
212 0 0 0 0 2 2
212 0 0 0 0 2 2
213 0 0 0 0 2 2
213 0 0 0 0 2 2
214 0 0 0 0 2 2
214 0 0 0 0 2 2
215 0 0 0 0 3 3
215 0 0 0 0 3 3
216 0 0 0 0 3 3
216 0 0 0 0 3 3
217 0 0 0 0 3 3
217 0 0 0 0 3 3
218 51 0 0 1 3 4
218 51 0 0 1 3 4
219 70 0 0 1 3 4
219 70 0 0 1 3 4
220 153 0 0 2 3 5
220 153 0 0 2 3 5
221 204 0 0 1 2 3
221 204 0 0 1 2 3
222 269 0 0 1 2 3
222 269 0 0 1 2 3
223 458 0 0 1 2 3
223 458 0 0 1 2 3
224 388 0 0 1 2 3
224 388 0 0 1 2 3
225 449 0 0 1 2 3
225 449 0 0 1 2 3
226 512 0 0 1 3 4
226 512 0 0 1 3 4
227 501 0 0 1 2 3
227 501 0 0 1 2 3
228 515 0 0 1 2 3
228 515 0 0 1 2 3
229 491 0 0 1 3 4
229 491 0 0 1 3 4
230 515 0 0 2 2 4
230 515 0 0 2 2 4
231 478 0 0 2 2 4
231 478 0 0 2 2 4
232 503 0 0 2 2 4
232 503 0 0 2 2 4
233 521 0 0 1 2 3
233 521 0 0 1 2 3
234 503 0 0 2 1 3
234 503 0 0 2 1 3
235 496 0 0 2 2 4
235 496 0 0 2 2 4
236 475 0 0 1 2 3
236 475 0 0 1 2 3
237 474 0 0 1 1 2
237 474 0 0 1 1 2
238 487 0 0 1 1 2
238 487 0 0 1 1 2
239 483 0 0 1 1 2
239 483 0 0 1 1 2
240 470 0 0 1 1 2
240 470 0 0 1 1 2
241 500 0 0 1 1 2
241 500 0 0 1 1 2
242 478 0 0 1 1 2
242 478 0 0 1 1 2
243 298 0 0 1 2 3
243 298 0 0 1 2 3
244 357 0 0 1 1 2
244 357 0 0 1 1 2
245 361 0 0 1 1 2
245 361 0 0 1 1 2
246 312 0 0 1 1 2
246 312 0 0 1 1 2
247 259 0 0 1 1 4
247 259 0 0 1 1 4
248 290 0 0 1 1 3
248 290 0 0 1 1 3
249 285 0 0 1 1 2
249 285 0 0 1 1 2
250 251 0 0 1 1 2
250 251 0 0 1 1 2
251 245 0 0 1 1 2
251 245 0 0 1 1 2
252 275 0 0 1 1 2
252 275 0 0 1 1 2
253 278 0 0 1 1 3
253 278 0 0 1 1 3
254 229 0 0 1 3 7
254 229 0 0 1 3 7
255 225 0 0 1 3 5
255 225 0 0 1 3 5
256 188 0 0 1 2 5
256 188 0 0 1 2 5
257 177 0 0 1 3 6
257 177 0 0 1 3 6
258 190 0 0 1 4 6
258 190 0 0 1 4 6
259 158 0 0 1 3 6
259 158 0 0 1 3 6
260 203 0 0 1 2 4
260 203 0 0 1 2 4
261 210 0 0 1 2 4
261 210 0 0 1 2 4
262 219 0 0 1 2 3
262 219 0 0 1 2 3
263 227 0 0 1 2 3
263 227 0 0 1 2 3
264 216 0 0 1 2 4
264 216 0 0 1 2 4
265 231 0 0 1 2 3
265 231 0 0 1 2 3
266 246 0 0 1 2 5
266 246 0 0 1 2 5
267 236 0 0 1 2 4
267 236 0 0 1 2 4
268 229 0 0 1 2 4
268 229 0 0 1 2 4
269 262 0 0 1 2 4
269 262 0 0 1 2 4
270 239 0 0 1 2 3
270 239 0 0 1 2 3
271 232 0 0 1 2 3
271 232 0 0 1 2 3
272 207 0 0 1 2 4
272 207 0 0 1 2 4
273 210 0 0 1 2 4
273 210 0 0 1 2 4
274 206 0 0 1 2 4
274 206 0 0 1 2 4
275 195 0 0 1 2 3
275 195 0 0 1 2 3
276 183 0 0 1 2 3
276 183 0 0 1 2 3
277 189 0 0 1 2 4
277 189 0 0 1 2 4
278 182 0 0 1 2 4
278 182 0 0 1 2 4
279 192 0 0 1 2 4
279 192 0 0 1 2 4
280 177 0 0 1 2 5
280 177 0 0 1 2 5
281 185 0 0 1 2 4
281 185 0 0 1 2 4
282 182 0 0 1 2 3
282 182 0 0 1 2 3
283 172 0 0 1 2 4
283 172 0 0 1 2 4
284 172 0 0 1 2 5
284 172 0 0 1 2 5
285 176 0 0 1 2 4
285 176 0 0 1 2 4
286 195 0 0 1 2 5
286 195 0 0 1 2 5
287 179 0 0 1 2 5
287 179 0 0 1 2 5
288 174 0 0 1 3 7
288 174 0 0 1 3 7
289 163 0 0 1 3 6
289 163 0 0 1 3 6
290 183 0 0 1 3 6
290 183 0 0 1 3 6
291 164 0 0 1 4 7
291 164 0 0 1 4 7
292 173 0 0 1 4 7
292 173 0 0 1 4 7
293 171 0 0 1 3 6
293 171 0 0 1 3 6
294 164 0 0 1 4 7
294 164 0 0 1 4 7
295 140 0 0 1 4 6
295 140 0 0 1 4 6
296 144 0 0 1 4 6
296 144 0 0 1 4 6
297 150 0 0 1 4 7
297 150 0 0 1 4 7
298 181 0 0 1 4 7
298 181 0 0 1 4 7
299 197 0 0 1 4 7
299 197 0 0 1 4 7
300 233 0 0 1 3 6
300 233 0 0 1 3 6
301 233 0 0 1 4 7
301 233 0 0 1 4 7
302 220 0 0 1 3 6
302 220 0 0 1 3 6
303 225 0 0 1 3 6
303 225 0 0 1 3 6
304 223 0 0 1 4 6
304 223 0 0 1 4 6
305 232 0 0 1 4 7
305 232 0 0 1 4 7
306 228 0 0 1 4 6
306 228 0 0 1 4 6
307 237 0 0 1 4 6
307 237 0 0 1 4 6
308 207 0 0 1 4 7
308 207 0 0 1 4 7
309 193 0 0 1 4 7
309 193 0 0 1 4 7
310 196 0 0 1 4 5
310 196 0 0 1 4 5
311 232 0 0 1 2 3
311 232 0 0 1 2 3
312 211 0 0 1 4 6
312 211 0 0 1 4 6
313 254 0 0 1 3 5
313 254 0 0 1 3 5
314 237 0 0 1 4 7
314 237 0 0 1 4 7
315 252 0 0 1 4 7
315 252 0 0 1 4 7
316 240 0 0 1 4 6
316 240 0 0 1 4 6
317 275 0 0 1 3 4
317 275 0 0 1 3 4
318 258 0 0 1 3 5
318 258 0 0 1 3 5
319 250 0 0 1 3 4
319 250 0 0 1 3 4
320 233 0 0 1 3 4
320 233 0 0 1 3 4
321 191 0 0 1 3 4
321 191 0 0 1 3 4
322 194 0 0 1 3 4
322 194 0 0 1 3 4
323 186 0 0 1 4 5
323 186 0 0 1 4 5
324 159 0 0 1 4 6
324 159 0 0 1 4 6
325 164 0 0 1 4 5
325 164 0 0 1 4 5
326 138 0 0 1 3 4
326 138 0 0 1 3 4
327 137 0 0 1 3 4
327 137 0 0 1 3 4
328 123 0 0 1 3 4
328 123 0 0 1 3 4
329 136 0 0 1 3 4
329 136 0 0 1 3 4
330 149 0 0 1 3 5
330 149 0 0 1 3 5
331 113 0 0 1 4 6
331 113 0 0 1 4 6
332 111 0 0 1 3 4
332 111 0 0 1 3 4
333 90 0 0 1 3 4
333 90 0 0 1 3 4
334 62 0 0 1 3 4
334 62 0 0 1 3 4
335 66 0 0 1 4 5
335 66 0 0 1 4 5
336 60 0 0 1 4 5
336 60 0 0 1 4 5
337 45 0 0 1 5 6
337 45 0 0 1 5 6
338 60 0 0 1 3 4
338 60 0 0 1 3 4
339 41 0 0 1 3 4
339 41 0 0 1 3 4
340 39 0 0 1 4 5
340 39 0 0 1 4 5
341 49 0 0 1 3 4
341 49 0 0 1 3 4
342 61 0 0 1 3 4
342 61 0 0 1 3 4
343 27 0 0 1 4 5
343 27 0 0 1 4 5
344 92 0 0 1 3 4
344 92 0 0 1 3 4
345 98 0 0 1 5 6
345 98 0 0 1 5 6
346 71 0 0 1 3 4
346 71 0 0 1 3 4
347 119 0 0 1 3 5
347 119 0 0 1 3 5
348 65 0 0 1 3 4
348 65 0 0 1 3 4
349 54 0 0 1 3 4
349 54 0 0 1 3 4
350 74 0 0 1 3 4
350 74 0 0 1 3 4
351 29 0 0 1 4 6
351 29 0 0 1 4 6
352 28 0 0 1 4 5
352 28 0 0 1 4 5
353 30 0 0 1 4 5
353 30 0 0 1 4 5
354 31 0 0 1 5 6
354 31 0 0 1 5 6
355 29 0 0 1 5 6
355 29 0 0 1 5 6
356 41 0 0 1 6 7
356 41 0 0 1 6 7
357 38 0 0 1 4 5
357 38 0 0 1 4 5
358 37 0 0 1 5 6
358 37 0 0 1 5 6
359 43 0 0 1 5 6
359 43 0 0 1 5 6
360 0 0 0 0 5 5
360 0 0 0 0 5 5
361 0 0 0 0 5 5
361 0 0 0 0 5 5
362 0 0 0 0 5 5
362 0 0 0 0 5 5
363 0 0 0 0 5 5
363 0 0 0 0 5 5
364 0 0 0 0 5 5
364 0 0 0 0 5 5
365 0 0 0 0 5 5
365 0 0 0 0 5 5
366 0 0 0 0 4 4
366 0 0 0 0 4 4
367 0 0 0 0 5 5
367 0 0 0 0 5 5
368 10 0 0 1 5 6
368 10 0 0 1 5 6
369 12 0 0 1 4 5
369 12 0 0 1 4 5
370 9 0 0 1 4 5
370 9 0 0 1 4 5
371 4 0 0 1 4 5
371 4 0 0 1 4 5
372 0 0 0 0 4 4
372 0 0 0 0 4 4
373 0 0 0 0 5 5
373 0 0 0 0 5 5
374 4 0 0 1 5 6
374 4 0 0 1 5 6
375 4 0 0 1 4 5
375 4 0 0 1 4 5
376 0 0 0 0 4 4
376 0 0 0 0 4 4
377 0 0 0 1 4 5
377 0 0 0 1 4 5
378 0 0 0 1 4 5
378 0 0 0 1 4 5
379 0 0 0 1 5 6
379 0 0 0 1 5 6
380 0 0 0 0 4 5
380 0 0 0 0 4 5
381 0 0 0 0 4 4
381 0 0 0 0 4 4
382 0 0 0 0 4 5
382 0 0 0 0 4 5
383 6 0 0 1 4 6
383 6 0 0 1 4 6
384 0 0 0 0 5 5
384 0 0 0 0 5 5
385 0 0 0 0 5 5
385 0 0 0 0 5 5
386 0 0 0 0 4 4
386 0 0 0 0 4 4
387 0 0 0 0 4 4
387 0 0 0 0 4 4
388 0 0 0 0 5 5
388 0 0 0 0 5 5
389 0 0 0 0 5 5
389 0 0 0 0 5 5
390 0 0 0 0 5 5
390 0 0 0 0 5 5
391 0 0 0 0 5 5
391 0 0 0 0 5 5
392 0 0 0 0 5 5
392 0 0 0 0 5 5
393 0 0 0 0 5 5
393 0 0 0 0 5 5
394 0 0 0 0 5 5
394 0 0 0 0 5 5
395 0 0 0 0 5 5
395 0 0 0 0 5 5
396 0 0 0 0 5 5
396 0 0 0 0 5 5
397 0 0 0 0 4 4
397 0 0 0 0 4 4
398 0 0 0 0 5 5
398 0 0 0 0 5 5
399 0 0 0 0 5 5
399 0 0 0 0 5 5
400 0 0 0 0 5 5
400 0 0 0 0 5 5
401 0 0 0 0 5 5
401 0 0 0 0 5 5
402 0 0 0 0 5 6
402 0 0 0 0 5 6
403 0 0 0 0 5 5
403 0 0 0 0 5 5
404 0 0 0 0 5 5
404 0 0 0 0 5 5
405 0 0 0 0 5 5
405 0 0 0 0 5 5
406 0 0 0 0 5 5
406 0 0 0 0 5 5
407 0 0 0 0 5 5
407 0 0 0 0 5 5
408 0 0 0 0 5 5
408 0 0 0 0 5 5
409 0 0 0 0 5 5
409 0 0 0 0 5 5
410 0 0 0 0 5 5
410 0 0 0 0 5 5
411 0 0 0 0 5 5
411 0 0 0 0 5 5
412 0 0 0 0 5 5
412 0 0 0 0 5 5
413 0 0 0 0 5 5
413 0 0 0 0 5 5
414 0 0 0 0 5 5
414 0 0 0 0 5 5
415 0 0 0 0 5 5
415 0 0 0 0 5 5
416 0 0 0 0 5 5
416 0 0 0 0 5 5
417 0 0 0 0 4 4
417 0 0 0 0 4 4
418 0 0 0 0 4 4
418 0 0 0 0 4 4
419 323 0 0 1 4 5
419 323 0 0 1 4 5
420 319 0 0 1 4 5
420 319 0 0 1 4 5
421 345 0 0 1 3 4
421 345 0 0 1 3 4
422 359 0 0 1 3 4
422 359 0 0 1 3 4
423 388 0 0 1 3 4
423 388 0 0 1 3 4
424 379 0 0 1 3 4
424 379 0 0 1 3 4
425 385 0 0 1 3 4
425 385 0 0 1 3 4
426 387 0 0 1 3 4
426 387 0 0 1 3 4
427 386 0 0 1 3 4
427 386 0 0 1 3 4
428 387 0 0 1 3 4
428 387 0 0 1 3 4
429 368 0 0 1 3 4
429 368 0 0 1 3 4
430 375 0 0 1 3 4
430 375 0 0 1 3 4
431 283 0 0 1 4 5
431 283 0 0 1 4 5
432 351 0 0 1 4 5
432 351 0 0 1 4 5
433 366 0 0 1 4 5
433 366 0 0 1 4 5
434 357 0 0 1 4 5
434 357 0 0 1 4 5
435 332 0 0 1 3 4
435 332 0 0 1 3 4
436 384 0 0 1 3 4
436 384 0 0 1 3 4
437 427 0 0 1 3 4
437 427 0 0 1 3 4
438 380 0 0 1 3 4
438 380 0 0 1 3 4
439 345 0 0 1 3 4
439 345 0 0 1 3 4
440 365 0 0 1 3 4
440 365 0 0 1 3 4
441 319 0 0 1 3 4
441 319 0 0 1 3 4
442 304 0 0 1 2 3
442 304 0 0 1 2 3
443 320 0 0 1 2 3
443 320 0 0 1 2 3
444 323 0 0 1 3 4
444 323 0 0 1 3 4
445 313 0 0 1 3 4
445 313 0 0 1 3 4
446 414 0 0 1 1 2
446 414 0 0 1 1 2
447 461 0 0 1 1 2
447 461 0 0 1 1 2
448 503 0 0 1 1 2
448 503 0 0 1 1 2
449 592 0 0 1 2 3
449 592 0 0 1 2 3
450 556 0 0 1 3 4
450 556 0 0 1 3 4
451 564 0 0 1 2 3
451 564 0 0 1 2 3
452 580 0 0 1 3 4
452 580 0 0 1 3 4
453 584 0 0 1 3 4
453 584 0 0 1 3 4
454 577 0 0 1 2 4
454 577 0 0 1 2 4
455 572 0 0 1 2 4
455 572 0 0 1 2 4
456 604 0 0 1 2 4
456 604 0 0 1 2 4
457 562 0 0 1 2 4
457 562 0 0 1 2 4
458 571 0 0 1 2 4
458 571 0 0 1 2 4
459 551 0 0 1 2 4
459 551 0 0 1 2 4
460 513 0 0 1 2 4
460 513 0 0 1 2 4
461 521 0 0 1 2 4
461 521 0 0 1 2 4
462 542 0 0 1 2 3
462 542 0 0 1 2 3
463 502 0 0 1 2 3
463 502 0 0 1 2 3
464 493 0 0 1 2 3
464 493 0 0 1 2 3
465 488 0 0 1 2 4
465 488 0 0 1 2 4
466 489 0 0 1 2 4
466 489 0 0 1 2 4
467 501 0 0 1 2 6
467 501 0 0 1 2 6
468 485 0 0 1 2 5
468 485 0 0 1 2 5
469 515 0 0 1 2 5
469 515 0 0 1 2 5
470 515 0 0 1 2 5
470 515 0 0 1 2 5
471 526 0 0 1 2 5
471 526 0 0 1 2 5
472 523 0 0 1 2 4
472 523 0 0 1 2 4
473 543 0 0 1 2 4
473 543 0 0 1 2 4
474 525 0 0 1 2 3
474 525 0 0 1 2 3
475 562 0 0 1 2 3
475 562 0 0 1 2 3
476 475 0 0 1 2 3
476 475 0 0 1 2 3
477 488 0 0 1 2 5
477 488 0 0 1 2 5
478 499 0 0 1 2 4
478 499 0 0 1 2 4
479 501 0 0 1 2 4
479 501 0 0 1 2 4
480 432 0 0 1 3 5
480 432 0 0 1 3 5
481 410 0 0 1 3 5
481 410 0 0 1 3 5
482 363 0 0 1 3 5
482 363 0 0 1 3 5
483 363 0 0 1 3 5
483 363 0 0 1 3 5
484 348 0 0 1 3 5
484 348 0 0 1 3 5
485 341 0 0 1 3 5
485 341 0 0 1 3 5
486 346 0 0 1 3 5
486 346 0 0 1 3 5
487 340 0 0 1 3 5
487 340 0 0 1 3 5
488 352 0 0 1 3 5
488 352 0 0 1 3 5
489 342 0 0 1 3 5
489 342 0 0 1 3 5
490 381 0 0 1 3 5
490 381 0 0 1 3 5
491 430 0 0 1 2 4
491 430 0 0 1 2 4
492 377 0 0 1 3 5
492 377 0 0 1 3 5
493 410 0 0 1 3 5
493 410 0 0 1 3 5
494 402 0 0 1 3 5
494 402 0 0 1 3 5
495 409 0 0 1 3 5
495 409 0 0 1 3 5
496 432 0 0 1 3 5
496 432 0 0 1 3 5
497 427 0 0 1 3 5
497 427 0 0 1 3 5
498 398 0 0 1 3 4
498 398 0 0 1 3 4
499 382 0 0 1 3 5
499 382 0 0 1 3 5
500 442 0 0 1 3 5
500 442 0 0 1 3 5
501 386 0 0 1 3 5
501 386 0 0 1 3 5
502 405 0 0 1 3 5
502 405 0 0 1 3 5
503 420 0 0 1 3 5
503 420 0 0 1 3 5
504 458 0 0 1 3 6
504 458 0 0 1 3 6
505 428 0 0 1 3 6
505 428 0 0 1 3 6
506 371 0 0 1 3 5
506 371 0 0 1 3 5
507 344 0 0 1 3 5
507 344 0 0 1 3 5
508 395 0 0 1 3 5
508 395 0 0 1 3 5
509 358 0 0 1 3 5
509 358 0 0 1 3 5
510 338 0 0 1 3 5
510 338 0 0 1 3 5
511 338 0 0 2 3 6
511 338 0 0 2 3 6
512 339 0 0 1 3 4
512 339 0 0 1 3 4
513 309 0 0 1 3 5
513 309 0 0 1 3 5
514 309 0 0 1 3 4
514 309 0 0 1 3 4
515 195 0 0 1 4 5
515 195 0 0 1 4 5
516 157 0 0 1 4 6
516 157 0 0 1 4 6
517 261 0 0 1 3 5
517 261 0 0 1 3 5
518 230 0 0 1 3 4
518 230 0 0 1 3 4
519 239 0 0 1 3 4
519 239 0 0 1 3 4
520 266 0 0 1 3 4
520 266 0 0 1 3 4
521 260 0 0 1 3 5
521 260 0 0 1 3 5
522 237 0 0 1 3 4
522 237 0 0 1 3 4
523 247 0 0 1 3 4
523 247 0 0 1 3 4
524 274 0 0 1 3 4
524 274 0 0 1 3 4
525 251 0 0 1 3 4
525 251 0 0 1 3 4
526 247 0 0 1 3 4
526 247 0 0 1 3 4
527 259 0 0 1 3 4
527 259 0 0 1 3 4
528 282 0 0 1 3 4
528 282 0 0 1 3 4
529 327 0 0 1 3 5
529 327 0 0 1 3 5
530 428 0 0 1 2 3
530 428 0 0 1 2 3
531 452 0 0 1 4 6
531 452 0 0 1 4 6
532 535 0 0 1 4 5
532 535 0 0 1 4 5
533 555 0 0 1 3 5
533 555 0 0 1 3 5
534 574 0 0 1 3 4
534 574 0 0 1 3 4
535 580 0 0 1 3 4
535 580 0 0 1 3 4
536 551 0 0 1 3 4
536 551 0 0 1 3 4
537 636 0 0 2 3 5
537 636 0 0 2 3 5
538 671 0 0 2 2 5
538 671 0 0 2 2 5
539 657 0 0 2 2 4
539 657 0 0 2 2 4
712 269 0 7 1 1 2
721 234 0 2 1 2 3
726 193 0 0 1 2 3
769 0 0 0 0 1 1
772 0 0 0 0 1 1
774 0 0 0 0 1 1
775 96 0 0 1 1 2
775 96 0 0 1 1 2
776 0 0 0 0 1 1
776 0 0 0 0 1 1
777 0 0 0 0 1 1
777 0 0 0 0 1 1
778 0 0 0 0 1 1
778 0 0 0 0 1 1
779 0 0 0 0 1 1
779 0 0 0 0 1 1
780 0 0 0 0 1 1
780 0 0 0 0 1 1
781 165 0 0 1 1 2
781 165 0 0 1 1 2
782 176 0 0 1 1 2
782 176 0 0 1 1 2
783 191 0 0 1 1 2
783 191 0 0 1 1 2
784 153 0 0 1 1 2
784 153 0 0 1 1 2
785 0 0 0 0 1 1
785 0 0 0 0 1 1
786 0 0 0 0 1 1
786 0 0 0 0 1 1
787 0 0 0 0 1 1
787 0 0 0 0 1 1
788 0 0 0 0 1 1
788 0 0 0 0 1 1
789 0 0 0 0 1 1
789 0 0 0 0 1 1
790 55 0 0 1 3 4
790 55 0 0 1 3 4
791 0 0 0 0 2 2
791 0 0 0 0 2 2
792 0 0 0 0 2 2
792 0 0 0 0 2 2
793 0 0 0 0 3 3
793 0 0 0 0 3 3
794 68 0 0 1 2 3
794 68 0 0 1 2 3
795 0 0 0 0 2 2
795 0 0 0 0 2 2
796 0 0 0 0 1 1
796 0 0 0 0 1 1
797 0 0 0 0 1 1
797 0 0 0 0 1 1
798 0 0 0 0 1 1
798 0 0 0 0 1 1
799 0 0 0 0 1 1
799 0 0 0 0 1 1
800 84 0 0 1 1 2
800 84 0 0 1 1 2
801 0 0 0 0 1 1
801 0 0 0 0 1 1
802 0 0 0 0 1 1
802 0 0 0 0 1 1
803 0 0 0 0 1 1
803 0 0 0 0 1 1
804 0 0 0 0 1 1
804 0 0 0 0 1 1
805 0 0 0 0 0 0
805 0 0 0 0 0 0
806 0 0 0 0 1 1
806 0 0 0 0 1 1
807 414 0 0 1 1 2
807 414 0 0 1 1 2
808 0 0 0 0 1 1
808 0 0 0 0 1 1
809 368 0 0 1 1 2
809 368 0 0 1 1 2
810 460 0 0 1 1 2
810 460 0 0 1 1 2
811 0 0 0 0 1 1
811 0 0 0 0 1 1
812 0 0 0 0 1 1
812 0 0 0 0 1 1
813 0 0 0 0 1 1
813 0 0 0 0 1 1
814 0 0 0 0 1 1
814 0 0 0 0 1 1
815 0 0 0 0 1 1
815 0 0 0 0 1 1
816 350 0 0 1 1 2
816 350 0 0 1 1 2
817 0 0 0 0 1 1
817 0 0 0 0 1 1
818 0 0 0 0 2 2
818 0 0 0 0 2 2
819 107 0 0 1 2 3
819 107 0 0 1 2 3
820 97 0 0 1 2 3
820 97 0 0 1 2 3
821 117 0 0 1 2 3
821 117 0 0 1 2 3
822 186 0 0 1 1 2
822 186 0 0 1 1 2
823 129 0 0 1 2 3
823 129 0 0 1 2 3
824 123 0 0 1 2 3
824 123 0 0 1 2 3
825 152 0 0 1 1 2
825 152 0 0 1 1 2
826 138 0 0 1 1 2
826 138 0 0 1 1 2
827 139 0 0 1 2 3
827 139 0 0 1 2 3
828 138 0 0 1 2 3
828 138 0 0 1 2 3
829 143 0 0 1 2 3
829 143 0 0 1 2 3
830 141 0 0 1 2 3
830 141 0 0 1 2 3
831 122 0 0 1 2 3
831 122 0 0 1 2 3
832 142 0 0 1 1 2
832 142 0 0 1 1 2
833 137 0 0 1 1 2
833 137 0 0 1 1 2
834 134 0 0 1 1 2
834 134 0 0 1 1 2
835 172 0 0 2 1 3
835 172 0 0 2 1 3
836 193 0 0 2 1 4
836 193 0 0 2 1 4
837 192 0 0 2 1 4
837 192 0 0 2 1 4
838 227 0 0 2 2 4
838 227 0 0 2 2 4
839 255 0 0 2 1 3
839 255 0 0 2 1 3
840 301 0 0 2 1 3
840 301 0 0 2 1 3
841 311 0 0 2 2 4
841 311 0 0 2 2 4
842 324 0 0 2 2 4
842 324 0 0 2 2 4
843 292 0 0 2 1 3
843 292 0 0 2 1 3
844 348 0 0 2 1 3
844 348 0 0 2 1 3
845 346 0 0 2 1 3
845 346 0 0 2 1 3
846 385 0 0 2 0 2
846 385 0 0 2 0 2
847 491 0 0 2 0 2
847 491 0 0 2 0 2
890 0 0 0 0 1 1
891 0 0 0 0 1 1
891 0 0 0 0 1 1
892 0 0 0 0 0 0
892 0 0 0 0 0 0
893 0 0 0 0 0 0
893 0 0 0 0 0 0
894 0 0 0 0 1 1
894 0 0 0 0 1 1
895 0 0 0 0 1 1
895 0 0 0 0 1 1
896 0 0 0 0 0 0
896 0 0 0 0 0 0
897 0 0 0 0 0 0
897 0 0 0 0 0 0
898 0 0 0 0 0 0
898 0 0 0 0 0 0
899 0 0 0 0 1 1
899 0 0 0 0 1 1
900 0 0 0 0 1 1
900 0 0 0 0 1 1
901 0 0 0 0 1 1
901 0 0 0 0 1 1
902 0 0 0 0 0 0
902 0 0 0 0 0 0
903 0 0 0 0 0 0
903 0 0 0 0 0 0
904 0 0 0 0 1 1
904 0 0 0 0 1 1
905 0 0 0 0 1 1
905 0 0 0 0 1 1
906 0 0 0 0 1 2
906 0 0 0 0 1 2
907 0 0 0 0 1 1
907 0 0 0 0 1 1
908 122 0 0 1 0 2
908 122 0 0 1 0 2
909 119 0 0 1 1 2
909 119 0 0 1 1 2
910 128 0 0 1 1 2
910 128 0 0 1 1 2
911 0 0 0 0 1 1
911 0 0 0 0 1 1
912 117 0 0 1 1 2
912 117 0 0 1 1 2
913 116 0 0 1 1 2
913 116 0 0 1 1 2
914 139 0 0 1 1 2
914 139 0 0 1 1 2
915 125 0 0 1 1 2
915 125 0 0 1 1 2
916 127 0 0 1 1 2
916 127 0 0 1 1 2
917 138 0 0 1 1 2
917 138 0 0 1 1 2
918 118 0 0 1 1 2
918 118 0 0 1 1 2
919 131 0 0 1 1 2
919 131 0 0 1 1 2
920 143 0 0 1 1 2
920 143 0 0 1 1 2
921 152 0 0 1 1 2
921 152 0 0 1 1 2
922 126 0 0 1 1 2
922 126 0 0 1 1 2
923 140 0 0 1 1 2
923 140 0 0 1 1 2
924 151 0 0 1 1 2
924 151 0 0 1 1 2
925 125 0 0 1 1 2
925 125 0 0 1 1 2
926 141 0 0 1 0 1
926 141 0 0 1 0 1
927 127 0 0 1 0 1
927 127 0 0 1 0 1
928 166 0 0 1 1 2
928 166 0 0 1 1 2
929 170 0 0 1 0 1
929 170 0 0 1 0 1
930 210 0 0 1 1 2
930 210 0 0 1 1 2
931 185 0 0 1 1 2
931 185 0 0 1 1 2
932 209 0 0 1 1 2
932 209 0 0 1 1 2
933 219 0 0 1 1 2
933 219 0 0 1 1 2
934 236 0 0 1 0 1
934 236 0 0 1 0 1
935 214 0 0 1 0 1
935 214 0 0 1 0 1
936 203 0 0 1 0 1
936 203 0 0 1 0 1
937 230 0 0 1 0 1
937 230 0 0 1 0 1
938 216 0 0 1 1 2
938 216 0 0 1 1 2
939 259 0 0 1 1 2
939 259 0 0 1 1 2
940 253 0 0 1 1 2
940 253 0 0 1 1 2
941 246 0 0 1 2 3
941 246 0 0 1 2 3
942 225 0 0 1 2 3
942 225 0 0 1 2 3
943 236 0 0 1 1 2
943 236 0 0 1 1 2
944 245 0 0 1 1 2
944 245 0 0 1 1 2
945 246 0 0 1 1 2
945 246 0 0 1 1 2
946 260 0 0 1 1 2
946 260 0 0 1 1 2
947 234 0 0 1 2 3
947 234 0 0 1 2 3
948 251 0 0 1 2 3
948 251 0 0 1 2 3
949 277 0 0 1 2 3
949 277 0 0 1 2 3
950 271 0 0 1 3 4
950 271 0 0 1 3 4
951 285 0 0 1 3 4
951 285 0 0 1 3 4
952 241 0 0 1 2 3
952 241 0 0 1 2 3
953 211 0 0 1 3 4
953 211 0 0 1 3 4
954 277 0 0 1 2 3
954 277 0 0 1 2 3
955 315 0 0 1 2 3
955 315 0 0 1 2 3
956 315 0 0 1 2 3
956 315 0 0 1 2 3
957 345 0 0 1 2 3
957 345 0 0 1 2 3
958 351 0 0 1 2 3
958 351 0 0 1 2 3
959 366 0 0 1 3 4
959 366 0 0 1 3 4
960 384 0 0 1 3 4
960 384 0 0 1 3 4
961 287 0 0 1 5 6
961 287 0 0 1 5 6
962 357 0 0 1 4 5
962 357 0 0 1 4 5
963 368 0 0 1 3 4
963 368 0 0 1 3 4
964 365 0 0 1 4 6
964 365 0 0 1 4 6
965 322 0 0 1 3 4
965 322 0 0 1 3 4
966 297 0 0 1 4 5
966 297 0 0 1 4 5
967 399 0 0 1 2 3
967 399 0 0 1 2 3
968 320 0 0 1 3 4
968 320 0 0 1 3 4
969 319 0 0 1 3 4
969 319 0 0 1 3 4
970 370 0 0 2 3 5
970 370 0 0 2 3 5
971 367 0 0 2 3 5
971 367 0 0 2 3 5
972 341 0 0 2 3 5
972 341 0 0 2 3 5
973 359 0 0 2 2 4
973 359 0 0 2 2 4
974 403 0 0 2 2 4
974 403 0 0 2 2 4
975 447 0 0 2 1 3
975 447 0 0 2 1 3
976 426 0 0 2 2 4
976 426 0 0 2 2 4
977 393 0 0 2 2 4
977 393 0 0 2 2 4
978 385 0 0 2 2 4
978 385 0 0 2 2 4
979 359 0 0 2 2 4
979 359 0 0 2 2 4
980 340 0 0 2 1 3
980 340 0 0 2 1 3
981 309 0 0 2 1 3
981 309 0 0 2 1 3
982 300 0 0 2 1 3
982 300 0 0 2 1 3
983 269 0 0 2 1 3
983 269 0 0 2 1 3
984 260 0 0 2 1 3
984 260 0 0 2 1 3
985 218 0 0 2 2 4
985 218 0 0 2 2 4
986 199 0 0 2 2 4
986 199 0 0 2 2 4
987 198 0 0 2 2 4
987 198 0 0 2 2 4
988 169 0 0 1 2 3
988 169 0 0 1 2 3
989 163 0 0 1 2 3
989 163 0 0 1 2 3
990 165 0 0 1 2 3
990 165 0 0 1 2 3
991 179 0 0 2 3 5
991 179 0 0 2 3 5
992 175 0 0 2 3 5
992 175 0 0 2 3 5
993 159 0 0 1 2 3
993 159 0 0 1 2 3
994 186 0 0 2 2 4
994 186 0 0 2 2 4
995 151 0 0 1 3 4
995 151 0 0 1 3 4
996 171 0 0 2 4 6
996 171 0 0 2 4 6
997 180 0 0 1 3 4
997 180 0 0 1 3 4
998 198 0 0 2 3 5
998 198 0 0 2 3 5
999 182 0 0 1 3 4
999 182 0 0 1 3 4
1000 179 0 0 1 3 4
1000 179 0 0 1 3 4
1001 185 0 0 1 3 4
1001 185 0 0 1 3 4
1002 170 0 0 1 3 4
1002 170 0 0 1 3 4
1003 167 0 0 1 3 4
1003 167 0 0 1 3 4
1004 174 0 0 1 3 4
1004 174 0 0 1 3 4
1005 159 0 0 1 3 4
1005 159 0 0 1 3 4
1006 169 0 0 2 3 5
1006 169 0 0 2 3 5
1007 150 0 0 1 3 4
1007 150 0 0 1 3 4
1008 126 0 0 1 3 4
1008 126 0 0 1 3 4
1009 122 0 0 1 3 4
1009 122 0 0 1 3 4
1010 144 0 0 1 3 4
1010 144 0 0 1 3 4
1011 153 0 0 1 3 4
1011 153 0 0 1 3 4
1012 167 0 0 1 3 4
1012 167 0 0 1 3 4
1013 167 0 0 1 3 5
1013 167 0 0 1 3 5
1014 153 0 0 1 3 4
1014 153 0 0 1 3 4
1015 97 0 0 1 5 6
1015 97 0 0 1 5 6
1016 149 0 0 1 4 5
1016 149 0 0 1 4 5
1017 127 0 0 1 4 5
1017 127 0 0 1 4 5
1018 131 0 0 1 4 5
1018 131 0 0 1 4 5
1019 120 0 0 1 4 5
1019 120 0 0 1 4 5
1020 137 0 0 1 4 5
1020 137 0 0 1 4 5
