frame_id dynamic_keypoints dynamic_map_points suppressed_map_points dynamic_objects static_objects total_objects
1 455 0 0 2 5 7
1 455 0 0 2 5 7
2 441 0 0 2 4 6
2 441 0 0 2 4 6
3 438 0 0 2 4 6
3 438 0 0 2 4 6
4 422 0 0 2 4 6
4 422 0 0 2 4 6
5 455 0 0 2 4 6
5 455 0 0 2 4 6
6 436 0 0 2 4 6
6 436 0 0 2 4 6
7 447 0 0 2 4 6
7 447 0 0 2 4 6
8 441 0 0 2 5 7
8 441 0 0 2 5 7
9 426 0 0 2 5 7
9 426 0 0 2 5 7
10 426 0 0 2 5 7
10 426 0 0 2 5 7
11 418 0 0 2 4 6
11 418 0 0 2 4 6
12 442 0 0 2 5 7
12 442 0 0 2 5 7
13 447 0 0 2 4 6
13 447 0 0 2 4 6
14 454 0 0 2 4 6
14 454 0 0 2 4 6
15 489 0 0 2 4 6
15 489 0 0 2 4 6
16 575 0 0 2 3 5
16 575 0 0 2 3 5
17 553 0 0 2 3 5
17 553 0 0 2 3 5
18 548 0 0 2 3 5
18 548 0 0 2 3 5
19 555 0 0 2 3 5
19 555 0 0 2 3 5
20 573 0 0 2 3 5
20 573 0 0 2 3 5
21 556 0 0 2 3 5
21 556 0 0 2 3 5
22 572 0 0 2 3 5
22 572 0 0 2 3 5
23 572 0 0 2 3 5
23 572 0 0 2 3 5
24 564 0 0 2 3 5
24 564 0 0 2 3 5
25 528 0 0 2 3 5
25 528 0 0 2 3 5
26 549 0 0 2 3 5
26 549 0 0 2 3 5
27 558 0 0 2 3 5
27 558 0 0 2 3 5
28 566 0 0 2 3 5
28 566 0 0 2 3 5
29 591 0 0 2 3 5
29 591 0 0 2 3 5
30 593 0 0 2 3 5
30 593 0 0 2 3 5
31 580 0 0 2 4 6
31 580 0 0 2 4 6
32 605 0 0 2 4 6
32 605 0 0 2 4 6
33 608 0 0 2 3 5
33 608 0 0 2 3 5
34 611 0 0 2 3 5
34 611 0 0 2 3 5
35 578 0 0 2 5 7
35 578 0 0 2 5 7
36 577 0 0 2 3 5
36 577 0 0 2 3 5
37 582 0 0 2 3 5
37 582 0 0 2 3 5
38 593 0 0 2 4 7
38 593 0 0 2 4 7
39 582 0 0 2 3 5
39 582 0 0 2 3 5
40 613 0 0 2 3 5
40 613 0 0 2 3 5
41 561 0 0 3 3 6
41 561 0 0 3 3 6
42 606 0 0 2 2 4
42 606 0 0 2 2 4
43 608 0 0 2 2 4
43 608 0 0 2 2 4
44 597 0 0 2 2 4
44 597 0 0 2 2 4
45 609 0 0 2 2 4
45 609 0 0 2 2 4
46 616 0 0 2 2 4
46 616 0 0 2 2 4
47 605 0 0 2 2 4
47 605 0 0 2 2 4
48 597 0 0 2 2 4
48 597 0 0 2 2 4
49 580 0 0 2 3 5
49 580 0 0 2 3 5
50 661 0 0 2 2 4
50 661 0 0 2 2 4
51 646 0 0 2 2 4
51 646 0 0 2 2 4
52 669 0 0 2 2 4
52 669 0 0 2 2 4
53 647 0 0 2 2 4
53 647 0 0 2 2 4
54 614 0 0 2 2 4
54 614 0 0 2 2 4
55 589 0 0 2 3 5
55 589 0 0 2 3 5
56 617 0 0 2 2 4
56 617 0 0 2 2 4
57 612 0 0 2 2 4
57 612 0 0 2 2 4
58 610 0 0 2 2 4
58 610 0 0 2 2 4
59 604 0 0 2 2 4
59 604 0 0 2 2 4
60 622 0 0 2 2 4
60 622 0 0 2 2 4
61 622 0 0 2 2 4
61 622 0 0 2 2 4
62 589 0 0 2 2 4
62 589 0 0 2 2 4
63 578 0 0 2 2 4
63 578 0 0 2 2 4
64 562 0 0 2 2 4
64 562 0 0 2 2 4
65 603 0 0 2 2 4
65 603 0 0 2 2 4
66 583 0 0 2 2 4
66 583 0 0 2 2 4
67 587 0 0 2 2 4
67 587 0 0 2 2 4
68 586 0 0 2 2 5
68 586 0 0 2 2 5
69 575 0 0 2 2 4
69 575 0 0 2 2 4
70 560 0 0 2 2 4
70 560 0 0 2 2 4
71 537 0 0 2 2 4
71 537 0 0 2 2 4
72 498 0 0 2 2 4
72 498 0 0 2 2 4
73 496 0 0 2 2 4
73 496 0 0 2 2 4
74 494 0 0 2 2 4
74 494 0 0 2 2 4
75 495 0 0 2 2 4
75 495 0 0 2 2 4
76 473 0 0 2 2 4
76 473 0 0 2 2 4
77 475 0 0 2 2 4
77 475 0 0 2 2 4
78 475 0 0 2 2 4
78 475 0 0 2 2 4
79 483 0 0 2 2 4
79 483 0 0 2 2 4
80 488 0 0 2 2 4
80 488 0 0 2 2 4
81 522 0 0 2 2 4
81 522 0 0 2 2 4
82 508 0 0 2 2 4
82 508 0 0 2 2 4
83 485 0 0 2 2 4
83 485 0 0 2 2 4
84 525 0 0 2 2 4
84 525 0 0 2 2 4
85 552 0 0 2 2 4
85 552 0 0 2 2 4
86 507 0 0 2 2 4
86 507 0 0 2 2 4
87 522 0 0 2 2 4
87 522 0 0 2 2 4
88 549 0 0 2 2 4
88 549 0 0 2 2 4
89 541 0 0 2 2 4
89 541 0 0 2 2 4
90 528 0 0 2 2 4
90 528 0 0 2 2 4
91 509 0 0 2 2 4
91 509 0 0 2 2 4
92 475 0 0 2 2 4
92 475 0 0 2 2 4
93 463 0 0 2 2 4
93 463 0 0 2 2 4
94 465 0 0 2 2 4
94 465 0 0 2 2 4
95 380 0 0 2 3 5
95 380 0 0 2 3 5
96 369 0 0 2 3 5
96 369 0 0 2 3 5
97 355 0 0 2 3 5
97 355 0 0 2 3 5
98 355 0 0 2 3 5
98 355 0 0 2 3 5
99 338 0 0 2 3 5
99 338 0 0 2 3 5
100 291 0 0 2 3 5
100 291 0 0 2 3 5
101 268 0 0 2 3 5
101 268 0 0 2 3 5
102 257 0 0 2 3 5
102 257 0 0 2 3 5
103 268 0 0 2 2 4
103 268 0 0 2 2 4
104 262 0 0 2 3 5
104 262 0 0 2 3 5
105 260 0 0 2 3 5
105 260 0 0 2 3 5
106 259 0 0 2 1 3
106 259 0 0 2 1 3
107 248 0 0 2 1 3
107 248 0 0 2 1 3
108 266 0 0 2 2 4
108 266 0 0 2 2 4
109 286 0 0 2 2 4
109 286 0 0 2 2 4
110 298 0 0 2 2 4
110 298 0 0 2 2 4
111 333 0 0 2 2 4
111 333 0 0 2 2 4
112 332 0 0 2 2 4
112 332 0 0 2 2 4
113 340 0 0 2 2 4
113 340 0 0 2 2 4
114 337 0 0 2 2 4
114 337 0 0 2 2 4
115 346 0 0 2 2 4
115 346 0 0 2 2 4
116 341 0 0 2 2 4
116 341 0 0 2 2 4
117 329 0 0 2 2 4
117 329 0 0 2 2 4
118 330 0 0 2 2 4
118 330 0 0 2 2 4
119 316 0 0 2 2 4
119 316 0 0 2 2 4
120 309 0 0 2 2 4
120 309 0 0 2 2 4
121 323 0 0 2 2 4
121 323 0 0 2 2 4
122 303 0 0 2 2 4
122 303 0 0 2 2 4
123 310 0 0 2 2 4
123 310 0 0 2 2 4
124 283 0 0 1 2 3
124 283 0 0 1 2 3
125 324 0 0 2 2 4
125 324 0 0 2 2 4
126 279 0 0 1 2 3
126 279 0 0 1 2 3
127 304 0 0 2 2 4
127 304 0 0 2 2 4
128 302 0 0 2 2 4
128 302 0 0 2 2 4
129 358 0 0 2 2 4
129 358 0 0 2 2 4
130 331 0 0 2 2 4
130 331 0 0 2 2 4
131 347 0 0 2 2 4
131 347 0 0 2 2 4
132 344 0 0 2 2 4
132 344 0 0 2 2 4
133 351 0 0 2 2 4
133 351 0 0 2 2 4
134 331 0 0 2 3 5
134 331 0 0 2 3 5
135 366 0 0 2 2 4
135 366 0 0 2 2 4
136 326 0 0 2 3 5
136 326 0 0 2 3 5
137 264 0 0 2 4 6
137 264 0 0 2 4 6
138 281 0 0 2 3 5
138 281 0 0 2 3 5
139 261 0 0 2 3 6
139 261 0 0 2 3 6
140 267 0 0 2 3 5
140 267 0 0 2 3 5
141 211 0 0 1 3 4
141 211 0 0 1 3 4
142 193 0 0 1 3 4
142 193 0 0 1 3 4
143 239 0 0 1 2 4
143 239 0 0 1 2 4
144 231 0 0 1 3 5
144 231 0 0 1 3 5
145 204 0 0 1 3 4
145 204 0 0 1 3 4
146 215 0 0 1 4 5
146 215 0 0 1 4 5
147 228 0 0 1 4 5
147 228 0 0 1 4 5
148 242 0 0 1 4 5
148 242 0 0 1 4 5
149 244 0 0 1 3 4
149 244 0 0 1 3 4
150 271 0 0 1 3 4
150 271 0 0 1 3 4
151 253 0 0 1 3 4
151 253 0 0 1 3 4
152 287 0 0 1 3 4
152 287 0 0 1 3 4
153 320 0 0 1 3 4
153 320 0 0 1 3 4
154 273 0 0 1 3 4
154 273 0 0 1 3 4
155 284 0 0 1 3 4
155 284 0 0 1 3 4
156 283 0 0 1 2 3
156 283 0 0 1 2 3
157 335 0 0 1 2 3
157 335 0 0 1 2 3
158 335 0 0 1 2 3
158 335 0 0 1 2 3
159 336 0 0 1 1 2
159 336 0 0 1 1 2
160 336 0 0 1 1 2
160 336 0 0 1 1 2
161 334 0 0 1 1 2
161 334 0 0 1 1 2
162 345 0 0 1 1 2
162 345 0 0 1 1 2
163 310 0 0 1 1 2
163 310 0 0 1 1 2
164 301 0 0 1 1 2
164 301 0 0 1 1 2
165 288 0 0 1 1 2
165 288 0 0 1 1 2
166 263 0 0 1 1 2
166 263 0 0 1 1 2
167 259 0 0 1 1 2
167 259 0 0 1 1 2
168 270 0 0 1 1 2
168 270 0 0 1 1 2
169 293 0 0 1 2 3
169 293 0 0 1 2 3
170 346 0 0 1 1 2
170 346 0 0 1 1 2
171 377 0 0 1 1 2
171 377 0 0 1 1 2
172 392 0 0 1 1 2
172 392 0 0 1 1 2
173 389 0 0 1 1 2
173 389 0 0 1 1 2
174 375 0 0 1 0 1
174 375 0 0 1 0 1
175 355 0 0 1 0 1
175 355 0 0 1 0 1
176 333 0 0 1 1 2
176 333 0 0 1 1 2
177 293 0 0 1 1 2
177 293 0 0 1 1 2
178 272 0 0 1 2 3
178 272 0 0 1 2 3
179 205 0 0 1 2 3
179 205 0 0 1 2 3
180 150 0 0 1 1 2
180 150 0 0 1 1 2
181 106 0 0 1 1 2
181 106 0 0 1 1 2
182 85 0 0 1 3 4
182 85 0 0 1 3 4
183 0 0 0 0 3 3
183 0 0 0 0 3 3
184 0 0 0 0 3 3
184 0 0 0 0 3 3
185 0 0 0 0 4 4
185 0 0 0 0 4 4
186 0 0 0 0 4 4
186 0 0 0 0 4 4
187 0 0 0 0 4 4
187 0 0 0 0 4 4
188 0 0 0 0 4 4
188 0 0 0 0 4 4
189 0 0 0 0 4 4
189 0 0 0 0 4 4
190 0 0 0 0 2 2
190 0 0 0 0 2 2
191 0 0 0 0 2 2
191 0 0 0 0 2 2
192 0 0 0 0 2 2
192 0 0 0 0 2 2
193 0 0 0 0 3 3
193 0 0 0 0 3 3
194 0 0 0 0 3 3
194 0 0 0 0 3 3
195 0 0 0 0 3 3
195 0 0 0 0 3 3
196 0 0 0 0 2 2
196 0 0 0 0 2 2
197 0 0 0 0 3 3
197 0 0 0 0 3 3
198 56 0 0 1 2 3
198 56 0 0 1 2 3
199 143 0 0 1 1 2
199 143 0 0 1 1 2
200 129 0 0 1 3 4
200 129 0 0 1 3 4
201 144 0 0 1 2 3
201 144 0 0 1 2 3
202 138 0 0 1 1 2
202 138 0 0 1 1 2
203 129 0 0 1 1 2
203 129 0 0 1 1 2
204 163 0 0 1 1 2
204 163 0 0 1 1 2
205 217 0 0 1 0 1
205 217 0 0 1 0 1
206 278 0 0 1 1 2
206 278 0 0 1 1 2
207 236 0 0 1 0 1
207 236 0 0 1 0 1
208 185 0 0 1 1 2
208 185 0 0 1 1 2
209 187 0 0 1 1 2
209 187 0 0 1 1 2
210 213 0 0 1 1 2
210 213 0 0 1 1 2
211 186 0 0 1 2 3
211 186 0 0 1 2 3
212 174 0 0 1 1 2
212 174 0 0 1 1 2
213 175 0 0 1 0 1
213 175 0 0 1 0 1
214 155 0 0 1 1 2
214 155 0 0 1 1 2
215 169 0 0 1 1 2
215 169 0 0 1 1 2
216 219 0 0 1 1 2
216 219 0 0 1 1 2
217 200 0 0 1 1 2
217 200 0 0 1 1 2
218 204 0 0 1 1 2
218 204 0 0 1 1 2
219 185 0 0 1 1 2
219 185 0 0 1 1 2
220 205 0 0 1 1 2
220 205 0 0 1 1 2
221 230 0 0 1 1 2
221 230 0 0 1 1 2
222 216 0 0 1 1 2
222 216 0 0 1 1 2
223 239 0 0 1 1 2
223 239 0 0 1 1 2
224 211 0 0 1 2 3
224 211 0 0 1 2 3
225 207 0 0 1 2 3
225 207 0 0 1 2 3
226 185 0 0 1 2 3
226 185 0 0 1 2 3
227 202 0 0 1 2 3
227 202 0 0 1 2 3
228 204 0 0 1 2 3
228 204 0 0 1 2 3
229 190 0 0 1 2 3
229 190 0 0 1 2 3
230 220 0 0 1 2 3
230 220 0 0 1 2 3
231 225 0 0 1 3 4
231 225 0 0 1 3 4
232 204 0 0 1 2 3
232 204 0 0 1 2 3
233 236 0 0 1 3 4
233 236 0 0 1 3 4
234 235 0 0 1 2 3
234 235 0 0 1 2 3
235 218 0 0 1 2 3
235 218 0 0 1 2 3
236 185 0 0 1 2 3
236 185 0 0 1 2 3
237 173 0 0 1 2 3
237 173 0 0 1 2 3
238 147 0 0 1 2 3
238 147 0 0 1 2 3
239 135 0 0 1 2 3
239 135 0 0 1 2 3
240 135 0 0 1 3 4
240 135 0 0 1 3 4
241 126 0 0 1 2 3
241 126 0 0 1 2 3
242 95 0 0 1 3 4
242 95 0 0 1 3 4
243 88 0 0 1 3 4
243 88 0 0 1 3 4
244 77 0 0 1 3 4
244 77 0 0 1 3 4
245 80 0 0 1 4 5
245 80 0 0 1 4 5
246 56 0 0 1 3 4
246 56 0 0 1 3 4
247 54 0 0 1 3 4
247 54 0 0 1 3 4
248 24 0 0 1 4 5
248 24 0 0 1 4 5
249 17 0 0 1 4 5
249 17 0 0 1 4 5
250 0 0 0 0 4 4
250 0 0 0 0 4 4
251 0 0 0 0 4 4
251 0 0 0 0 4 4
252 0 0 0 0 5 5
252 0 0 0 0 5 5
253 0 0 0 0 5 5
253 0 0 0 0 5 5
254 0 0 0 0 5 5
254 0 0 0 0 5 5
255 0 0 0 0 5 5
255 0 0 0 0 5 5
256 0 0 0 0 4 4
256 0 0 0 0 4 4
257 0 0 0 0 5 5
257 0 0 0 0 5 5
258 0 0 0 0 4 4
258 0 0 0 0 4 4
259 0 0 0 0 4 4
259 0 0 0 0 4 4
260 0 0 0 0 4 4
260 0 0 0 0 4 4
261 0 0 0 0 4 4
261 0 0 0 0 4 4
262 0 0 0 0 4 4
262 0 0 0 0 4 4
263 0 0 0 0 5 5
263 0 0 0 0 5 5
264 0 0 0 0 3 3
264 0 0 0 0 3 3
265 0 0 0 0 3 3
265 0 0 0 0 3 3
266 0 0 0 0 2 2
266 0 0 0 0 2 2
267 0 0 0 0 2 2
267 0 0 0 0 2 2
268 0 0 0 0 2 2
268 0 0 0 0 2 2
269 0 0 0 0 2 2
269 0 0 0 0 2 2
270 0 0 0 0 2 2
270 0 0 0 0 2 2
271 0 0 0 0 2 2
271 0 0 0 0 2 2
272 0 0 0 0 2 2
272 0 0 0 0 2 2
273 0 0 0 0 2 2
273 0 0 0 0 2 2
274 0 0 0 0 2 2
274 0 0 0 0 2 2
275 0 0 0 0 2 2
275 0 0 0 0 2 2
276 0 0 0 0 1 1
276 0 0 0 0 1 1
277 0 0 0 0 2 2
277 0 0 0 0 2 2
278 0 0 0 0 2 2
278 0 0 0 0 2 2
279 0 0 0 0 2 2
279 0 0 0 0 2 2
280 0 0 0 0 2 2
280 0 0 0 0 2 2
281 0 0 0 0 2 2
281 0 0 0 0 2 2
282 0 0 0 0 2 2
282 0 0 0 0 2 2
283 0 0 0 0 2 2
283 0 0 0 0 2 2
284 0 0 0 0 1 1
284 0 0 0 0 1 1
285 0 0 0 0 1 1
285 0 0 0 0 1 1
286 0 0 0 0 1 1
286 0 0 0 0 1 1
287 0 0 0 0 1 1
287 0 0 0 0 1 1
288 0 0 0 0 2 2
288 0 0 0 0 2 2
289 0 0 0 0 2 2
289 0 0 0 0 2 2
290 0 0 0 0 2 3
290 0 0 0 0 2 3
291 0 0 0 0 1 1
291 0 0 0 0 1 1
292 0 0 0 0 1 1
292 0 0 0 0 1 1
293 0 0 0 0 2 2
293 0 0 0 0 2 2
294 0 0 0 0 1 1
294 0 0 0 0 1 1
295 0 0 0 0 1 1
295 0 0 0 0 1 1
296 0 0 0 0 1 1
296 0 0 0 0 1 1
297 0 0 0 0 2 2
297 0 0 0 0 2 2
298 0 0 0 0 1 1
298 0 0 0 0 1 1
299 0 0 0 0 2 2
299 0 0 0 0 2 2
300 0 0 0 0 2 2
300 0 0 0 0 2 2
301 0 0 0 0 2 2
301 0 0 0 0 2 2
302 0 0 0 0 2 2
302 0 0 0 0 2 2
303 0 0 0 0 1 1
303 0 0 0 0 1 1
304 0 0 0 0 1 1
304 0 0 0 0 1 1
305 0 0 0 0 1 1
305 0 0 0 0 1 1
306 0 0 0 0 0 0
306 0 0 0 0 0 0
307 0 0 0 0 1 1
307 0 0 0 0 1 1
308 0 0 0 0 0 0
308 0 0 0 0 0 0
309 0 0 0 0 0 0
309 0 0 0 0 0 0
310 0 0 0 0 0 0
310 0 0 0 0 0 0
311 0 0 0 0 0 0
311 0 0 0 0 0 0
312 0 0 0 0 0 0
312 0 0 0 0 0 0
313 0 0 0 0 0 0
313 0 0 0 0 0 0
314 0 0 0 0 0 0
314 0 0 0 0 0 0
315 0 0 0 0 0 0
315 0 0 0 0 0 0
316 0 0 0 0 1 1
316 0 0 0 0 1 1
317 0 0 0 0 1 1
317 0 0 0 0 1 1
318 0 0 0 0 0 0
318 0 0 0 0 0 0
319 0 0 0 0 1 1
319 0 0 0 0 1 1
320 0 0 0 0 0 0
320 0 0 0 0 0 0
321 0 0 0 0 1 1
321 0 0 0 0 1 1
322 0 0 0 0 2 2
322 0 0 0 0 2 2
323 0 0 0 0 2 2
323 0 0 0 0 2 2
324 0 0 0 0 2 2
324 0 0 0 0 2 2
325 0 0 0 0 2 2
325 0 0 0 0 2 2
326 0 0 0 0 2 2
326 0 0 0 0 2 2
327 0 0 0 0 2 2
327 0 0 0 0 2 2
328 0 0 0 0 2 2
328 0 0 0 0 2 2
329 0 0 0 0 3 3
329 0 0 0 0 3 3
330 0 0 0 0 3 3
330 0 0 0 0 3 3
331 0 0 0 0 3 3
331 0 0 0 0 3 3
332 0 0 0 0 2 2
332 0 0 0 0 2 2
333 0 0 0 0 2 2
333 0 0 0 0 2 2
334 0 0 0 0 3 3
334 0 0 0 0 3 3
335 0 0 0 0 2 2
335 0 0 0 0 2 2
336 0 0 0 0 2 2
336 0 0 0 0 2 2
337 0 0 0 0 3 3
337 0 0 0 0 3 3
338 0 0 0 0 3 3
338 0 0 0 0 3 3
339 0 0 0 0 3 3
339 0 0 0 0 3 3
340 0 0 0 0 3 3
340 0 0 0 0 3 3
341 0 0 0 0 2 2
341 0 0 0 0 2 2
342 0 0 0 0 3 3
342 0 0 0 0 3 3
343 0 0 0 0 4 4
343 0 0 0 0 4 4
344 0 0 0 0 4 4
344 0 0 0 0 4 4
345 0 0 0 0 3 3
345 0 0 0 0 3 3
346 0 0 0 0 2 2
346 0 0 0 0 2 2
347 0 0 0 0 4 4
347 0 0 0 0 4 4
348 0 0 0 0 4 4
348 0 0 0 0 4 4
349 0 0 0 0 4 4
349 0 0 0 0 4 4
350 0 0 0 0 3 3
350 0 0 0 0 3 3
351 0 0 0 0 3 3
351 0 0 0 0 3 3
352 0 0 0 0 2 2
352 0 0 0 0 2 2
353 0 0 0 0 3 3
353 0 0 0 0 3 3
354 0 0 0 0 4 4
354 0 0 0 0 4 4
355 33 0 0 1 3 4
355 33 0 0 1 3 4
356 0 0 0 0 4 4
356 0 0 0 0 4 4
357 20 0 0 1 3 4
357 20 0 0 1 3 4
358 26 0 0 1 2 3
358 26 0 0 1 2 3
359 19 0 0 1 3 4
359 19 0 0 1 3 4
360 21 0 0 1 3 4
360 21 0 0 1 3 4
361 0 0 0 0 3 3
361 0 0 0 0 3 3
362 0 0 0 0 3 3
362 0 0 0 0 3 3
363 0 0 0 0 3 3
363 0 0 0 0 3 3
364 0 0 0 0 2 2
364 0 0 0 0 2 2
365 0 0 0 0 3 3
365 0 0 0 0 3 3
366 0 0 0 0 3 3
366 0 0 0 0 3 3
367 0 0 0 0 4 4
367 0 0 0 0 4 4
368 0 0 0 0 3 3
368 0 0 0 0 3 3
369 0 0 0 0 4 4
369 0 0 0 0 4 4
370 0 0 0 1 4 5
370 0 0 0 1 4 5
371 0 0 0 0 4 4
371 0 0 0 0 4 4
372 0 0 0 0 4 4
372 0 0 0 0 4 4
373 0 0 0 0 4 4
373 0 0 0 0 4 4
374 0 0 0 0 4 4
374 0 0 0 0 4 4
375 0 0 0 0 4 4
375 0 0 0 0 4 4
376 0 0 0 0 4 4
376 0 0 0 0 4 4
377 0 0 0 0 4 4
377 0 0 0 0 4 4
378 0 0 0 0 4 4
378 0 0 0 0 4 4
379 0 0 0 0 4 4
379 0 0 0 0 4 4
380 0 0 0 0 4 4
380 0 0 0 0 4 4
381 0 0 0 0 4 4
381 0 0 0 0 4 4
382 0 0 0 0 3 3
382 0 0 0 0 3 3
383 0 0 0 0 4 4
383 0 0 0 0 4 4
384 0 0 0 0 3 3
384 0 0 0 0 3 3
385 0 0 0 0 4 4
385 0 0 0 0 4 4
386 0 0 0 0 4 4
386 0 0 0 0 4 4
387 0 0 0 0 4 4
387 0 0 0 0 4 4
388 0 0 0 0 3 3
388 0 0 0 0 3 3
389 80 0 0 1 4 5
389 80 0 0 1 4 5
390 69 0 0 1 3 4
390 69 0 0 1 3 4
391 139 0 0 1 3 4
391 139 0 0 1 3 4
392 86 0 0 1 4 5
392 86 0 0 1 4 5
393 0 0 0 0 3 3
393 0 0 0 0 3 3
394 117 0 0 1 3 4
394 117 0 0 1 3 4
395 107 0 0 1 4 5
395 107 0 0 1 4 5
396 184 0 0 1 3 4
396 184 0 0 1 3 4
397 196 0 0 1 3 4
397 196 0 0 1 3 4
398 224 0 0 1 3 4
398 224 0 0 1 3 4
399 251 0 0 1 3 4
399 251 0 0 1 3 4
400 247 0 0 1 3 4
400 247 0 0 1 3 4
401 258 0 0 1 3 4
401 258 0 0 1 3 4
402 245 0 0 1 4 5
402 245 0 0 1 4 5
403 266 0 0 1 4 5
403 266 0 0 1 4 5
404 264 0 0 1 3 4
404 264 0 0 1 3 4
405 266 0 0 1 3 4
405 266 0 0 1 3 4
406 254 0 0 1 3 4
406 254 0 0 1 3 4
407 241 0 0 1 3 4
407 241 0 0 1 3 4
408 234 0 0 1 2 3
408 234 0 0 1 2 3
409 236 0 0 1 2 4
409 236 0 0 1 2 4
410 207 0 0 1 2 3
410 207 0 0 1 2 3
411 227 0 0 1 2 3
411 227 0 0 1 2 3
412 242 0 0 1 2 3
412 242 0 0 1 2 3
413 254 0 0 1 2 3
413 254 0 0 1 2 3
414 294 0 0 1 2 3
414 294 0 0 1 2 3
415 337 0 0 1 2 3
415 337 0 0 1 2 3
416 305 0 0 1 3 4
416 305 0 0 1 3 4
417 299 0 0 1 3 4
417 299 0 0 1 3 4
418 349 0 0 1 2 3
418 349 0 0 1 2 3
419 372 0 0 1 3 4
419 372 0 0 1 3 4
420 389 0 0 1 2 3
420 389 0 0 1 2 3
421 290 0 0 1 4 5
421 290 0 0 1 4 5
422 260 0 0 1 4 5
422 260 0 0 1 4 5
423 264 0 0 1 4 5
423 264 0 0 1 4 5
424 266 0 0 1 4 5
424 266 0 0 1 4 5
425 239 0 0 1 4 5
425 239 0 0 1 4 5
426 271 0 0 1 4 5
426 271 0 0 1 4 5
427 260 0 0 1 3 4
427 260 0 0 1 3 4
428 252 0 0 1 3 4
428 252 0 0 1 3 4
429 249 0 0 1 3 4
429 249 0 0 1 3 4
430 204 0 0 1 3 4
430 204 0 0 1 3 4
431 214 0 0 1 3 4
431 214 0 0 1 3 4
432 231 0 0 1 3 4
432 231 0 0 1 3 4
433 256 0 0 1 2 3
433 256 0 0 1 2 3
434 315 0 0 1 2 3
434 315 0 0 1 2 3
435 339 0 0 1 2 3
435 339 0 0 1 2 3
436 403 0 0 1 2 3
436 403 0 0 1 2 3
437 460 0 0 1 2 3
437 460 0 0 1 2 3
438 488 0 0 1 2 3
438 488 0 0 1 2 3
439 440 0 0 1 3 4
439 440 0 0 1 3 4
440 448 0 0 1 3 4
440 448 0 0 1 3 4
441 462 0 0 1 3 4
441 462 0 0 1 3 4
442 432 0 0 1 3 4
442 432 0 0 1 3 4
443 376 0 0 1 4 5
443 376 0 0 1 4 5
444 259 0 0 1 4 5
444 259 0 0 1 4 5
445 252 0 0 1 4 5
445 252 0 0 1 4 5
446 265 0 0 1 4 5
446 265 0 0 1 4 5
447 285 0 0 1 4 5
447 285 0 0 1 4 5
448 244 0 0 1 4 5
448 244 0 0 1 4 5
449 308 0 0 2 4 6
449 308 0 0 2 4 6
450 302 0 0 2 4 6
450 302 0 0 2 4 6
451 183 0 0 1 4 5
451 183 0 0 1 4 5
452 221 0 0 2 4 6
452 221 0 0 2 4 6
453 226 0 0 2 4 6
453 226 0 0 2 4 6
454 212 0 0 2 4 6
454 212 0 0 2 4 6
455 209 0 0 2 4 6
455 209 0 0 2 4 6
456 188 0 0 2 4 6
456 188 0 0 2 4 6
457 177 0 0 2 4 6
457 177 0 0 2 4 6
458 173 0 0 2 4 6
458 173 0 0 2 4 6
459 183 0 0 2 3 5
459 183 0 0 2 3 5
460 162 0 0 2 3 5
460 162 0 0 2 3 5
461 152 0 0 2 4 6
461 152 0 0 2 4 6
462 55 0 0 1 4 5
462 55 0 0 1 4 5
463 53 0 0 1 4 5
463 53 0 0 1 4 5
464 96 0 0 2 4 6
464 96 0 0 2 4 6
465 55 0 0 1 4 5
465 55 0 0 1 4 5
466 56 0 0 1 4 5
466 56 0 0 1 4 5
467 66 0 0 1 4 5
467 66 0 0 1 4 5
468 62 0 0 1 4 5
468 62 0 0 1 4 5
469 79 0 0 1 4 5
469 79 0 0 1 4 5
470 64 0 0 1 4 5
470 64 0 0 1 4 5
471 68 0 0 1 4 5
471 68 0 0 1 4 5
472 73 0 0 1 4 5
472 73 0 0 1 4 5
473 54 0 0 1 5 6
473 54 0 0 1 5 6
474 46 0 0 1 5 6
474 46 0 0 1 5 6
475 68 0 0 1 5 6
475 68 0 0 1 5 6
476 69 0 0 1 4 5
476 69 0 0 1 4 5
477 69 0 0 1 4 5
477 69 0 0 1 4 5
478 72 0 0 1 5 6
478 72 0 0 1 5 6
479 75 0 0 1 5 6
479 75 0 0 1 5 6
480 74 0 0 1 4 5
480 74 0 0 1 4 5
481 73 0 0 1 4 5
481 73 0 0 1 4 5
482 67 0 0 1 4 5
482 67 0 0 1 4 5
483 65 0 0 1 4 5
483 65 0 0 1 4 5
484 60 0 0 1 4 5
484 60 0 0 1 4 5
485 45 0 0 1 4 5
485 45 0 0 1 4 5
486 50 0 0 1 4 5
486 50 0 0 1 4 5
487 56 0 0 1 4 5
487 56 0 0 1 4 5
488 54 0 0 1 4 5
488 54 0 0 1 4 5
489 41 0 0 1 4 5
489 41 0 0 1 4 5
490 39 0 0 1 4 5
490 39 0 0 1 4 5
491 48 0 0 1 4 5
491 48 0 0 1 4 5
492 51 0 0 1 4 5
492 51 0 0 1 4 5
493 60 0 0 1 4 5
493 60 0 0 1 4 5
494 50 0 0 1 4 5
494 50 0 0 1 4 5
495 33 0 0 1 4 5
495 33 0 0 1 4 5
496 36 0 0 1 5 6
496 36 0 0 1 5 6
497 37 0 0 1 5 6
497 37 0 0 1 5 6
498 36 0 0 1 5 6
498 36 0 0 1 5 6
499 19 0 0 1 4 5
499 19 0 0 1 4 5
500 9 0 0 1 5 6
500 9 0 0 1 5 6
501 0 0 0 0 4 4
501 0 0 0 0 4 4
502 0 0 0 0 4 4
502 0 0 0 0 4 4
503 0 0 0 0 4 4
503 0 0 0 0 4 4
504 8 0 0 1 4 5
504 8 0 0 1 4 5
505 8 0 0 1 4 5
505 8 0 0 1 4 5
506 4 0 0 1 3 4
506 4 0 0 1 3 4
507 9 0 0 1 3 4
507 9 0 0 1 3 4
508 11 0 0 1 3 4
508 11 0 0 1 3 4
509 11 0 0 1 3 4
509 11 0 0 1 3 4
510 32 0 0 1 4 5
510 32 0 0 1 4 5
511 42 0 0 1 5 6
511 42 0 0 1 5 6
512 40 0 0 1 4 5
512 40 0 0 1 4 5
513 62 0 0 1 4 5
513 62 0 0 1 4 5
514 86 0 0 1 3 4
514 86 0 0 1 3 4
515 102 0 0 1 4 5
515 102 0 0 1 4 5
516 107 0 0 1 4 5
516 107 0 0 1 4 5
517 127 0 0 1 4 5
517 127 0 0 1 4 5
518 145 0 0 1 5 6
518 145 0 0 1 5 6
519 165 0 0 1 5 6
519 165 0 0 1 5 6
520 180 0 0 1 5 6
520 180 0 0 1 5 6
521 225 0 0 1 5 6
521 225 0 0 1 5 6
522 279 0 0 1 4 5
522 279 0 0 1 4 5
523 323 0 0 1 4 5
523 323 0 0 1 4 5
524 317 0 0 1 4 5
524 317 0 0 1 4 5
525 307 0 0 1 3 4
525 307 0 0 1 3 4
526 288 0 0 1 3 4
526 288 0 0 1 3 4
527 289 0 0 1 4 5
527 289 0 0 1 4 5
528 266 0 0 1 4 5
528 266 0 0 1 4 5
529 268 0 0 1 4 5
529 268 0 0 1 4 5
530 240 0 0 1 4 5
530 240 0 0 1 4 5
531 228 0 0 1 4 5
531 228 0 0 1 4 5
532 222 0 0 1 4 5
532 222 0 0 1 4 5
533 224 0 0 1 4 5
533 224 0 0 1 4 5
534 204 0 0 1 4 5
534 204 0 0 1 4 5
535 197 0 0 1 5 6
535 197 0 0 1 5 6
536 103 0 0 1 4 5
536 103 0 0 1 4 5
537 75 0 0 1 4 5
537 75 0 0 1 4 5
538 71 0 0 1 4 5
538 71 0 0 1 4 5
539 85 0 0 1 4 5
539 85 0 0 1 4 5
540 86 0 0 1 5 6
540 86 0 0 1 5 6
541 111 0 0 1 5 6
541 111 0 0 1 5 6
542 116 0 0 1 4 5
542 116 0 0 1 4 5
543 115 0 0 1 5 6
543 115 0 0 1 5 6
544 107 0 0 1 5 6
544 107 0 0 1 5 6
545 97 0 0 1 5 6
545 97 0 0 1 5 6
546 105 0 0 1 4 5
546 105 0 0 1 4 5
547 102 0 0 1 4 5
547 102 0 0 1 4 5
548 97 0 0 1 4 5
548 97 0 0 1 4 5
549 97 0 0 1 4 5
549 97 0 0 1 4 5
550 83 0 0 1 5 6
550 83 0 0 1 5 6
551 113 0 0 1 4 5
551 113 0 0 1 4 5
552 113 0 0 1 4 5
552 113 0 0 1 4 5
553 107 0 0 1 4 5
553 107 0 0 1 4 5
554 108 0 0 1 5 6
554 108 0 0 1 5 6
555 143 0 0 1 4 5
555 143 0 0 1 4 5
556 128 0 0 1 4 5
556 128 0 0 1 4 5
557 161 0 0 1 4 5
557 161 0 0 1 4 5
558 167 0 0 1 4 5
558 167 0 0 1 4 5
559 173 0 0 1 3 4
559 173 0 0 1 3 4
560 176 0 0 1 4 5
560 176 0 0 1 4 5
561 185 0 0 1 4 5
561 185 0 0 1 4 5
562 196 0 0 1 4 5
562 196 0 0 1 4 5
563 219 0 0 1 2 3
563 219 0 0 1 2 3
564 255 0 0 1 3 4
564 255 0 0 1 3 4
565 271 0 0 1 3 4
565 271 0 0 1 3 4
566 293 0 0 1 3 4
566 293 0 0 1 3 4
567 317 0 0 1 3 4
567 317 0 0 1 3 4
568 331 0 0 1 3 4
568 331 0 0 1 3 4
569 329 0 0 1 3 4
569 329 0 0 1 3 4
570 341 0 0 1 3 4
570 341 0 0 1 3 4
571 355 0 0 1 2 3
571 355 0 0 1 2 3
572 386 0 0 1 2 3
572 386 0 0 1 2 3
573 399 0 0 1 2 3
573 399 0 0 1 2 3
574 354 0 0 1 4 5
574 354 0 0 1 4 5
575 410 0 0 1 2 3
575 410 0 0 1 2 3
576 382 0 0 1 3 4
576 382 0 0 1 3 4
577 394 0 0 1 3 4
577 394 0 0 1 3 4
578 414 0 0 1 3 4
578 414 0 0 1 3 4
579 406 0 0 1 3 4
579 406 0 0 1 3 4
580 407 0 0 1 3 4
580 407 0 0 1 3 4
581 421 0 0 1 2 3
581 421 0 0 1 2 3
582 412 0 0 1 2 3
582 412 0 0 1 2 3
583 425 0 0 1 2 3
583 425 0 0 1 2 3
584 416 0 0 1 1 2
584 416 0 0 1 1 2
585 410 0 0 1 1 2
585 410 0 0 1 1 2
586 410 0 0 1 2 3
586 410 0 0 1 2 3
587 372 0 0 1 3 4
587 372 0 0 1 3 4
588 365 0 0 1 3 4
588 365 0 0 1 3 4
589 372 0 0 1 4 5
589 372 0 0 1 4 5
590 354 0 0 1 3 4
590 354 0 0 1 3 4
591 350 0 0 1 3 4
591 350 0 0 1 3 4
592 370 0 0 1 3 4
592 370 0 0 1 3 4
593 394 0 0 1 2 4
593 394 0 0 1 2 4
594 390 0 0 1 3 4
594 390 0 0 1 3 4
595 412 0 0 1 5 6
595 412 0 0 1 5 6
596 421 0 0 1 3 4
596 421 0 0 1 3 4
597 427 0 0 1 3 4
597 427 0 0 1 3 4
598 433 0 0 1 3 4
598 433 0 0 1 3 4
599 447 0 0 1 3 4
599 447 0 0 1 3 4
600 421 0 0 1 3 4
600 421 0 0 1 3 4
601 437 0 0 1 4 5
601 437 0 0 1 4 5
602 440 0 0 1 3 4
602 440 0 0 1 3 4
603 449 0 0 1 5 6
603 449 0 0 1 5 6
604 461 0 0 1 4 5
604 461 0 0 1 4 5
605 452 0 0 1 4 5
605 452 0 0 1 4 5
606 470 0 0 1 3 5
606 470 0 0 1 3 5
607 454 0 0 1 3 4
607 454 0 0 1 3 4
608 448 0 0 1 3 4
608 448 0 0 1 3 4
609 433 0 0 1 3 4
609 433 0 0 1 3 4
610 455 0 0 1 2 3
610 455 0 0 1 2 3
611 455 0 0 1 2 3
611 455 0 0 1 2 3
612 433 0 0 1 2 3
612 433 0 0 1 2 3
613 433 0 0 1 2 3
613 433 0 0 1 2 3
614 425 0 0 1 3 4
614 425 0 0 1 3 4
615 417 0 0 1 2 3
615 417 0 0 1 2 3
616 420 0 0 1 2 3
616 420 0 0 1 2 3
617 448 0 0 1 2 3
617 448 0 0 1 2 3
618 424 0 0 1 3 4
618 424 0 0 1 3 4
619 459 0 0 1 3 4
619 459 0 0 1 3 4
620 486 0 0 1 4 5
620 486 0 0 1 4 5
621 494 0 0 1 2 3
621 494 0 0 1 2 3
622 490 0 0 1 4 5
622 490 0 0 1 4 5
623 492 0 0 1 3 4
623 492 0 0 1 3 4
624 493 0 0 1 3 4
624 493 0 0 1 3 4
625 495 0 0 1 4 5
625 495 0 0 1 4 5
626 508 0 0 1 3 4
626 508 0 0 1 3 4
627 530 0 0 1 3 4
627 530 0 0 1 3 4
628 513 0 0 1 2 3
628 513 0 0 1 2 3
629 490 0 0 1 3 4
629 490 0 0 1 3 4
630 499 0 0 1 3 4
630 499 0 0 1 3 4
631 482 0 0 1 3 4
631 482 0 0 1 3 4
632 463 0 0 1 3 4
632 463 0 0 1 3 4
633 496 0 0 1 2 3
633 496 0 0 1 2 3
634 472 0 0 1 3 4
634 472 0 0 1 3 4
635 456 0 0 1 3 4
635 456 0 0 1 3 4
636 454 0 0 1 3 4
636 454 0 0 1 3 4
637 440 0 0 1 3 4
637 440 0 0 1 3 4
638 440 0 0 1 3 4
638 440 0 0 1 3 4
639 392 0 0 1 3 4
639 392 0 0 1 3 4
640 412 0 0 1 3 4
640 412 0 0 1 3 4
641 393 0 0 1 3 4
641 393 0 0 1 3 4
642 344 0 0 1 3 4
642 344 0 0 1 3 4
643 374 0 0 1 3 4
643 374 0 0 1 3 4
644 329 0 0 1 3 4
644 329 0 0 1 3 4
645 335 0 0 1 3 4
645 335 0 0 1 3 4
646 295 0 0 1 3 4
646 295 0 0 1 3 4
647 330 0 0 1 2 3
647 330 0 0 1 2 3
648 292 0 0 1 2 3
648 292 0 0 1 2 3
649 292 0 0 1 3 4
649 292 0 0 1 3 4
650 259 0 0 1 3 4
650 259 0 0 1 3 4
651 215 0 0 1 4 5
651 215 0 0 1 4 5
652 200 0 0 1 3 4
652 200 0 0 1 3 4
653 191 0 0 1 4 5
653 191 0 0 1 4 5
654 166 0 0 1 3 4
654 166 0 0 1 3 4
655 154 0 0 1 4 5
655 154 0 0 1 4 5
656 159 0 0 2 2 4
656 159 0 0 2 2 4
657 138 0 0 1 2 3
657 138 0 0 1 2 3
658 144 0 0 1 2 3
658 144 0 0 1 2 3
659 152 0 0 1 2 3
659 152 0 0 1 2 3
660 171 0 0 1 2 3
660 171 0 0 1 2 3
661 159 0 0 1 2 3
661 159 0 0 1 2 3
662 203 0 0 1 2 3
662 203 0 0 1 2 3
663 113 0 0 1 3 4
663 113 0 0 1 3 4
664 106 0 0 1 4 5
664 106 0 0 1 4 5
665 113 0 0 1 3 4
665 113 0 0 1 3 4
666 258 0 0 2 3 5
666 258 0 0 2 3 5
667 261 0 0 2 3 5
667 261 0 0 2 3 5
668 248 0 0 2 3 5
668 248 0 0 2 3 5
669 250 0 0 2 3 5
669 250 0 0 2 3 5
670 236 0 0 2 3 5
670 236 0 0 2 3 5
671 240 0 0 2 3 5
671 240 0 0 2 3 5
672 266 0 0 2 3 5
672 266 0 0 2 3 5
673 276 0 0 2 4 6
673 276 0 0 2 4 6
674 293 0 0 2 3 5
674 293 0 0 2 3 5
675 274 0 0 2 3 5
675 274 0 0 2 3 5
676 280 0 0 2 3 5
676 280 0 0 2 3 5
677 280 0 0 1 2 3
677 280 0 0 1 2 3
678 261 0 0 1 2 3
678 261 0 0 1 2 3
679 256 0 0 1 3 4
679 256 0 0 1 3 4
680 228 0 0 1 3 4
680 228 0 0 1 3 4
681 289 0 0 1 3 4
681 289 0 0 1 3 4
682 258 0 0 1 3 4
682 258 0 0 1 3 4
683 277 0 0 1 3 4
683 277 0 0 1 3 4
684 324 0 0 2 2 4
684 324 0 0 2 2 4
685 378 0 0 2 3 5
685 378 0 0 2 3 5
686 291 0 0 2 4 6
686 291 0 0 2 4 6
687 362 0 0 2 3 5
687 362 0 0 2 3 5
688 359 0 0 2 2 4
688 359 0 0 2 2 4
689 354 0 0 2 2 4
689 354 0 0 2 2 4
690 371 0 0 2 2 4
690 371 0 0 2 2 4
691 360 0 0 2 3 5
691 360 0 0 2 3 5
692 352 0 0 2 3 5
692 352 0 0 2 3 5
693 389 0 0 2 1 3
693 389 0 0 2 1 3
694 337 0 0 2 2 4
694 337 0 0 2 2 4
695 378 0 0 2 2 4
695 378 0 0 2 2 4
696 410 0 0 2 1 3
696 410 0 0 2 1 3
697 427 0 0 2 1 3
697 427 0 0 2 1 3
698 420 0 0 2 1 3
698 420 0 0 2 1 3
699 411 0 0 2 1 3
699 411 0 0 2 1 3
700 398 0 0 2 1 3
700 398 0 0 2 1 3
701 445 0 0 2 1 3
701 445 0 0 2 1 3
702 411 0 0 2 1 3
702 411 0 0 2 1 3
703 406 0 0 2 2 4
703 406 0 0 2 2 4
704 384 0 0 3 2 5
704 384 0 0 3 2 5
705 399 0 0 2 2 4
705 399 0 0 2 2 4
706 375 0 0 2 3 5
706 375 0 0 2 3 5
707 382 0 0 2 2 4
707 382 0 0 2 2 4
708 391 0 0 2 1 3
708 391 0 0 2 1 3
709 381 0 0 2 2 4
709 381 0 0 2 2 4
710 381 0 0 2 2 4
710 381 0 0 2 2 4
711 363 0 0 2 3 5
711 363 0 0 2 3 5
712 365 0 0 2 2 4
712 365 0 0 2 2 4
713 392 0 0 2 2 4
713 392 0 0 2 2 4
714 415 0 0 2 2 4
714 415 0 0 2 2 4
715 387 0 0 3 3 6
715 387 0 0 3 3 6
716 407 0 0 2 2 4
716 407 0 0 2 2 4
717 407 0 0 2 2 4
717 407 0 0 2 2 4
718 407 0 0 2 2 4
718 407 0 0 2 2 4
719 402 0 0 2 2 4
719 402 0 0 2 2 4
720 401 0 0 2 2 4
720 401 0 0 2 2 4
721 381 0 0 2 2 4
721 381 0 0 2 2 4
722 404 0 0 2 2 4
722 404 0 0 2 2 4
723 412 0 0 2 2 4
723 412 0 0 2 2 4
724 406 0 0 2 2 4
724 406 0 0 2 2 4
725 422 0 0 2 2 4
725 422 0 0 2 2 4
726 422 0 0 2 2 4
726 422 0 0 2 2 4
727 436 0 0 2 2 4
727 436 0 0 2 2 4
728 452 0 0 2 3 5
728 452 0 0 2 3 5
729 444 0 0 2 2 4
729 444 0 0 2 2 4
730 394 0 0 2 2 4
730 394 0 0 2 2 4
731 408 0 0 2 2 4
731 408 0 0 2 2 4
732 404 0 0 2 2 4
732 404 0 0 2 2 4
733 398 0 0 2 2 4
733 398 0 0 2 2 4
734 409 0 0 2 2 4
734 409 0 0 2 2 4
735 398 0 0 2 3 5
735 398 0 0 2 3 5
736 409 0 0 2 3 5
736 409 0 0 2 3 5
737 403 0 0 2 3 5
737 403 0 0 2 3 5
738 413 0 0 2 3 5
738 413 0 0 2 3 5
739 382 0 0 2 3 5
739 382 0 0 2 3 5
740 389 0 0 2 3 5
740 389 0 0 2 3 5
741 370 0 0 2 3 5
741 370 0 0 2 3 5
742 377 0 0 2 3 5
742 377 0 0 2 3 5
743 413 0 0 2 3 5
743 413 0 0 2 3 5
744 408 0 0 2 3 5
744 408 0 0 2 3 5
745 440 0 0 2 3 5
745 440 0 0 2 3 5
746 439 0 0 2 3 5
746 439 0 0 2 3 5
747 453 0 0 2 3 5
747 453 0 0 2 3 5
748 466 0 0 2 2 4
748 466 0 0 2 2 4
749 469 0 0 2 2 4
749 469 0 0 2 2 4
750 476 0 0 2 2 4
750 476 0 0 2 2 4
751 495 0 0 2 2 4
751 495 0 0 2 2 4
752 522 0 0 2 2 4
752 522 0 0 2 2 4
753 506 0 0 2 2 4
753 506 0 0 2 2 4
754 523 0 0 2 2 4
754 523 0 0 2 2 4
755 541 0 0 2 2 4
755 541 0 0 2 2 4
756 542 0 0 2 2 4
756 542 0 0 2 2 4
757 546 0 0 2 2 5
757 546 0 0 2 2 5
758 540 0 0 2 2 4
758 540 0 0 2 2 4
759 503 0 0 2 2 5
759 503 0 0 2 2 5
760 489 0 0 2 2 4
760 489 0 0 2 2 4
761 440 0 0 2 2 4
761 440 0 0 2 2 4
762 414 0 0 2 2 4
762 414 0 0 2 2 4
763 429 0 0 2 2 4
763 429 0 0 2 2 4
764 435 0 0 2 2 4
764 435 0 0 2 2 4
765 400 0 0 2 2 4
765 400 0 0 2 2 4
766 390 0 0 2 2 4
766 390 0 0 2 2 4
767 364 0 0 2 3 5
767 364 0 0 2 3 5
768 359 0 0 2 3 5
768 359 0 0 2 3 5
769 386 0 0 2 3 5
769 386 0 0 2 3 5
770 473 0 0 2 2 4
770 473 0 0 2 2 4
771 430 0 0 2 3 5
771 430 0 0 2 3 5
772 436 0 0 2 3 6
772 436 0 0 2 3 6
773 463 0 0 2 3 5
773 463 0 0 2 3 5
774 495 0 0 2 3 5
774 495 0 0 2 3 5
775 490 0 0 2 3 5
775 490 0 0 2 3 5
776 445 0 0 2 3 5
776 445 0 0 2 3 5
777 432 0 0 2 3 5
777 432 0 0 2 3 5
778 427 0 0 2 3 5
778 427 0 0 2 3 5
779 388 0 0 2 3 5
779 388 0 0 2 3 5
780 367 0 0 2 3 5
780 367 0 0 2 3 5
781 364 0 0 2 3 5
781 364 0 0 2 3 5
782 375 0 0 2 3 5
782 375 0 0 2 3 5
783 352 0 0 2 3 5
783 352 0 0 2 3 5
784 341 0 0 2 3 5
784 341 0 0 2 3 5
785 316 0 0 2 3 5
785 316 0 0 2 3 5
786 322 0 0 2 3 5
786 322 0 0 2 3 5
787 309 0 0 2 3 5
787 309 0 0 2 3 5
788 333 0 0 2 3 5
788 333 0 0 2 3 5
789 307 0 0 2 4 6
789 307 0 0 2 4 6
790 408 0 0 2 3 5
790 408 0 0 2 3 5
791 241 0 0 2 4 6
791 241 0 0 2 4 6
792 311 0 0 2 4 6
792 311 0 0 2 4 6
793 333 0 0 2 4 6
793 333 0 0 2 4 6
794 454 0 0 2 3 5
794 454 0 0 2 3 5
795 404 0 0 2 3 5
795 404 0 0 2 3 5
796 415 0 0 2 3 5
796 415 0 0 2 3 5
797 419 0 0 2 3 5
797 419 0 0 2 3 5
798 444 0 0 2 3 5
798 444 0 0 2 3 5
799 446 0 0 2 3 5
799 446 0 0 2 3 5
800 426 0 0 2 3 5
800 426 0 0 2 3 5
801 424 0 0 2 3 5
801 424 0 0 2 3 5
802 432 0 0 2 4 6
802 432 0 0 2 4 6
803 428 0 0 2 4 6
803 428 0 0 2 4 6
804 426 0 0 2 4 6
804 426 0 0 2 4 6
805 434 0 0 2 4 6
805 434 0 0 2 4 6
806 415 0 0 2 4 6
806 415 0 0 2 4 6
807 417 0 0 2 4 6
807 417 0 0 2 4 6
808 417 0 0 2 4 6
808 417 0 0 2 4 6
809 381 0 0 2 5 7
809 381 0 0 2 5 7
810 374 0 0 2 4 6
810 374 0 0 2 4 6
811 378 0 0 2 4 6
811 378 0 0 2 4 6
812 373 0 0 2 4 6
812 373 0 0 2 4 6
813 392 0 0 2 4 6
813 392 0 0 2 4 6
814 419 0 0 2 4 6
814 419 0 0 2 4 6
815 454 0 0 2 4 6
815 454 0 0 2 4 6
816 459 0 0 2 3 5
816 459 0 0 2 3 5
817 480 0 0 2 3 5
817 480 0 0 2 3 5
818 529 0 0 2 3 5
818 529 0 0 2 3 5
819 528 0 0 2 3 5
819 528 0 0 2 3 5
820 508 0 0 2 3 5
820 508 0 0 2 3 5
821 530 0 0 2 4 6
821 530 0 0 2 4 6
822 531 0 0 2 4 6
822 531 0 0 2 4 6
823 535 0 0 2 3 5
823 535 0 0 2 3 5
824 532 0 0 2 3 5
824 532 0 0 2 3 5
825 500 0 0 2 4 6
825 500 0 0 2 4 6
826 495 0 0 2 3 5
826 495 0 0 2 3 5
