frame_id dynamic_keypoints dynamic_map_points suppressed_map_points dynamic_objects static_objects total_objects
1 274 0 0 2 4 6
1 274 0 0 2 4 6
2 255 0 0 2 4 6
2 255 0 0 2 4 6
3 225 0 0 2 5 7
3 225 0 0 2 5 7
4 262 0 0 2 3 5
4 262 0 0 2 3 5
5 338 0 0 2 2 4
5 338 0 0 2 2 4
6 400 0 0 2 0 2
6 400 0 0 2 0 2
7 385 0 0 2 1 3
7 385 0 0 2 1 3
8 261 0 0 2 4 6
8 261 0 0 2 4 6
9 245 0 0 2 4 6
9 245 0 0 2 4 6
10 252 0 0 2 4 6
10 252 0 0 2 4 6
11 252 0 0 2 3 5
11 252 0 0 2 3 5
12 198 0 0 2 5 7
12 198 0 0 2 5 7
13 266 0 0 2 4 6
13 266 0 0 2 4 6
14 289 0 0 2 3 5
14 289 0 0 2 3 5
15 320 0 0 2 2 4
15 320 0 0 2 2 4
16 303 0 0 2 2 4
16 303 0 0 2 2 4
17 394 0 0 2 1 3
17 394 0 0 2 1 3
18 350 0 0 2 1 3
18 350 0 0 2 1 3
19 388 0 0 2 1 3
19 388 0 0 2 1 3
20 406 0 0 2 1 3
20 406 0 0 2 1 3
21 352 0 0 2 2 4
21 352 0 0 2 2 4
22 350 0 0 2 2 4
22 350 0 0 2 2 4
23 353 0 0 2 3 5
23 353 0 0 2 3 5
24 384 0 0 2 3 5
24 384 0 0 2 3 5
25 507 0 0 2 3 5
25 507 0 0 2 3 5
26 555 0 0 2 3 5
26 555 0 0 2 3 5
27 468 0 0 2 4 6
27 468 0 0 2 4 6
28 460 0 0 2 4 6
28 460 0 0 2 4 6
29 486 0 0 2 4 6
29 486 0 0 2 4 6
30 537 0 0 2 2 4
30 537 0 0 2 2 4
31 504 0 0 2 2 4
31 504 0 0 2 2 4
32 470 0 0 2 2 4
32 470 0 0 2 2 4
33 495 0 0 2 3 5
33 495 0 0 2 3 5
34 482 0 0 2 1 3
34 482 0 0 2 1 3
35 453 0 0 2 3 5
35 453 0 0 2 3 5
36 460 0 0 2 3 5
36 460 0 0 2 3 5
37 500 0 0 2 2 4
37 500 0 0 2 2 4
38 489 0 0 2 1 3
38 489 0 0 2 1 3
39 437 0 0 2 1 3
39 437 0 0 2 1 3
40 462 0 0 2 1 3
40 462 0 0 2 1 3
41 446 0 0 2 1 3
41 446 0 0 2 1 3
42 417 0 0 2 1 4
42 417 0 0 2 1 4
43 420 0 0 2 1 4
43 420 0 0 2 1 4
44 389 0 0 2 1 3
44 389 0 0 2 1 3
45 343 0 0 1 2 3
45 343 0 0 1 2 3
46 339 0 0 1 1 2
46 339 0 0 1 1 2
47 346 0 0 1 2 3
47 346 0 0 1 2 3
48 301 0 0 1 2 3
48 301 0 0 1 2 3
49 283 0 0 1 1 2
49 283 0 0 1 1 2
50 316 0 0 1 1 2
50 316 0 0 1 1 2
51 325 0 0 1 3 4
51 325 0 0 1 3 4
52 292 0 0 1 2 3
52 292 0 0 1 2 3
53 309 0 0 1 3 4
53 309 0 0 1 3 4
54 347 0 0 1 2 3
54 347 0 0 1 2 3
55 368 0 0 2 1 3
55 368 0 0 2 1 3
56 366 0 0 2 2 4
56 366 0 0 2 2 4
57 394 0 0 2 2 4
57 394 0 0 2 2 4
58 443 0 0 2 3 5
58 443 0 0 2 3 5
59 447 0 0 2 2 4
59 447 0 0 2 2 4
60 473 0 0 2 2 4
60 473 0 0 2 2 4
61 519 0 0 2 1 3
61 519 0 0 2 1 3
62 500 0 0 2 1 3
62 500 0 0 2 1 3
63 496 0 0 2 1 3
63 496 0 0 2 1 3
64 547 0 0 2 1 3
64 547 0 0 2 1 3
65 560 0 0 2 1 3
65 560 0 0 2 1 3
66 587 0 0 2 2 4
66 587 0 0 2 2 4
67 585 0 0 2 1 3
67 585 0 0 2 1 3
68 669 0 0 2 1 3
68 669 0 0 2 1 3
69 607 0 0 2 1 3
69 607 0 0 2 1 3
70 625 0 0 2 1 3
70 625 0 0 2 1 3
71 662 0 0 2 1 3
71 662 0 0 2 1 3
72 635 0 0 2 1 3
72 635 0 0 2 1 3
73 668 0 0 2 1 3
73 668 0 0 2 1 3
74 692 0 0 2 1 3
74 692 0 0 2 1 3
75 717 0 0 2 1 3
75 717 0 0 2 1 3
76 704 0 0 2 1 3
76 704 0 0 2 1 3
77 721 0 0 2 1 3
77 721 0 0 2 1 3
78 708 0 0 2 1 3
78 708 0 0 2 1 3
79 715 0 0 2 1 3
79 715 0 0 2 1 3
80 701 0 0 2 1 3
80 701 0 0 2 1 3
81 690 0 0 2 1 3
81 690 0 0 2 1 3
82 670 0 0 2 2 4
82 670 0 0 2 2 4
83 644 0 0 2 2 4
83 644 0 0 2 2 4
84 669 0 0 2 2 4
84 669 0 0 2 2 4
85 637 0 0 2 2 4
85 637 0 0 2 2 4
86 648 0 0 2 2 4
86 648 0 0 2 2 4
87 610 0 0 2 2 4
87 610 0 0 2 2 4
88 568 0 0 2 2 4
88 568 0 0 2 2 4
89 584 0 0 2 1 3
89 584 0 0 2 1 3
90 567 0 0 2 1 3
90 567 0 0 2 1 3
91 532 0 0 2 2 4
91 532 0 0 2 2 4
92 546 0 0 2 0 2
92 546 0 0 2 0 2
93 545 0 0 2 1 3
93 545 0 0 2 1 3
94 487 0 0 2 1 3
94 487 0 0 2 1 3
95 464 0 0 2 1 3
95 464 0 0 2 1 3
96 430 0 0 2 2 4
96 430 0 0 2 2 4
97 456 0 0 2 2 4
97 456 0 0 2 2 4
98 408 0 0 2 2 4
98 408 0 0 2 2 4
99 382 0 0 2 1 3
99 382 0 0 2 1 3
100 379 0 0 2 2 4
100 379 0 0 2 2 4
101 305 0 0 2 2 4
101 305 0 0 2 2 4
102 312 0 0 2 2 4
102 312 0 0 2 2 4
103 294 0 0 2 2 4
103 294 0 0 2 2 4
104 217 0 0 1 3 4
104 217 0 0 1 3 4
105 225 0 0 1 2 3
105 225 0 0 1 2 3
106 227 0 0 1 3 4
106 227 0 0 1 3 4
107 222 0 0 1 3 4
107 222 0 0 1 3 4
108 191 0 0 1 3 4
108 191 0 0 1 3 4
109 193 0 0 1 4 5
109 193 0 0 1 4 5
110 238 0 0 1 4 5
110 238 0 0 1 4 5
111 202 0 0 1 3 4
111 202 0 0 1 3 4
112 235 0 0 1 3 4
112 235 0 0 1 3 4
113 221 0 0 1 2 3
113 221 0 0 1 2 3
114 261 0 0 1 2 3
114 261 0 0 1 2 3
115 300 0 0 1 1 2
115 300 0 0 1 1 2
116 290 0 0 1 2 3
116 290 0 0 1 2 3
117 284 0 0 1 1 2
117 284 0 0 1 1 2
118 273 0 0 1 1 2
118 273 0 0 1 1 2
119 234 0 0 1 3 4
119 234 0 0 1 3 4
120 208 0 0 1 3 4
120 208 0 0 1 3 4
121 223 0 0 1 1 2
121 223 0 0 1 1 2
122 186 0 0 1 1 2
122 186 0 0 1 1 2
123 172 0 0 1 2 4
123 172 0 0 1 2 4
124 129 0 0 1 3 5
124 129 0 0 1 3 5
125 90 0 0 1 4 5
125 90 0 0 1 4 5
126 72 0 0 1 4 5
126 72 0 0 1 4 5
127 70 0 0 1 3 4
127 70 0 0 1 3 4
128 79 0 0 1 2 3
128 79 0 0 1 2 3
129 66 0 0 1 2 3
129 66 0 0 1 2 3
130 53 0 0 1 2 3
130 53 0 0 1 2 3
131 41 0 0 1 2 3
131 41 0 0 1 2 3
132 38 0 0 1 2 3
132 38 0 0 1 2 3
133 26 0 0 1 3 4
133 26 0 0 1 3 4
134 27 0 0 1 4 5
134 27 0 0 1 4 5
135 19 0 0 1 3 4
135 19 0 0 1 3 4
136 0 0 0 0 4 4
136 0 0 0 0 4 4
137 0 0 0 0 4 4
137 0 0 0 0 4 4
138 0 0 0 0 4 4
138 0 0 0 0 4 4
139 0 0 0 0 2 2
139 0 0 0 0 2 2
140 0 0 0 0 2 2
140 0 0 0 0 2 2
141 0 0 0 0 2 2
141 0 0 0 0 2 2
142 0 0 0 0 2 2
142 0 0 0 0 2 2
143 0 0 0 0 2 2
143 0 0 0 0 2 2
144 0 0 0 0 2 2
144 0 0 0 0 2 2
145 0 0 0 0 2 2
145 0 0 0 0 2 2
146 0 0 0 0 2 2
146 0 0 0 0 2 2
147 0 0 0 0 2 2
147 0 0 0 0 2 2
148 0 0 0 0 2 2
148 0 0 0 0 2 2
149 0 0 0 0 2 2
149 0 0 0 0 2 2
150 0 0 0 0 4 4
150 0 0 0 0 4 4
151 0 0 0 0 3 4
151 0 0 0 0 3 4
152 0 0 0 0 3 3
152 0 0 0 0 3 3
153 0 0 0 0 3 3
153 0 0 0 0 3 3
154 0 0 0 0 3 3
154 0 0 0 0 3 3
155 0 0 0 0 2 2
155 0 0 0 0 2 2
156 0 0 0 0 2 2
156 0 0 0 0 2 2
157 0 0 0 0 2 2
157 0 0 0 0 2 2
158 0 0 0 0 2 2
158 0 0 0 0 2 2
159 20 0 0 1 2 3
159 20 0 0 1 2 3
160 36 0 0 1 2 3
160 36 0 0 1 2 3
161 43 0 0 1 2 3
161 43 0 0 1 2 3
162 53 0 0 1 2 3
162 53 0 0 1 2 3
163 50 0 0 1 2 3
163 50 0 0 1 2 3
164 70 0 0 1 2 3
164 70 0 0 1 2 3
165 81 0 0 1 2 3
165 81 0 0 1 2 3
166 66 0 0 1 2 3
166 66 0 0 1 2 3
167 73 0 0 1 2 4
167 73 0 0 1 2 4
168 94 0 0 1 2 3
168 94 0 0 1 2 3
169 111 0 0 1 2 3
169 111 0 0 1 2 3
170 116 0 0 1 3 5
170 116 0 0 1 3 5
171 141 0 0 1 2 3
171 141 0 0 1 2 3
172 73 0 0 1 3 4
172 73 0 0 1 3 4
173 69 0 0 1 3 4
173 69 0 0 1 3 4
174 68 0 0 1 2 3
174 68 0 0 1 2 3
175 58 0 0 1 3 4
175 58 0 0 1 3 4
176 85 0 0 2 3 5
176 85 0 0 2 3 5
177 103 0 0 1 3 4
177 103 0 0 1 3 4
178 70 0 0 1 3 5
178 70 0 0 1 3 5
179 115 0 0 2 2 4
179 115 0 0 2 2 4
180 90 0 0 1 3 5
180 90 0 0 1 3 5
181 75 0 0 1 3 5
181 75 0 0 1 3 5
182 73 0 0 2 3 5
182 73 0 0 2 3 5
183 47 0 0 1 3 4
183 47 0 0 1 3 4
184 33 0 0 1 3 4
184 33 0 0 1 3 4
185 28 0 0 1 3 4
185 28 0 0 1 3 4
186 31 0 0 1 4 5
186 31 0 0 1 4 5
187 44 0 0 1 3 4
187 44 0 0 1 3 4
188 43 0 0 1 2 4
188 43 0 0 1 2 4
189 35 0 0 1 2 3
189 35 0 0 1 2 3
190 31 0 0 1 2 3
190 31 0 0 1 2 3
191 40 0 0 1 3 4
191 40 0 0 1 3 4
192 32 0 0 1 2 3
192 32 0 0 1 2 3
193 22 0 0 1 2 3
193 22 0 0 1 2 3
194 22 0 0 1 2 3
194 22 0 0 1 2 3
195 16 0 0 1 2 4
195 16 0 0 1 2 4
196 19 0 0 1 3 4
196 19 0 0 1 3 4
197 0 0 0 0 4 4
197 0 0 0 0 4 4
198 0 0 0 0 4 4
198 0 0 0 0 4 4
199 0 0 0 0 2 3
199 0 0 0 0 2 3
200 0 0 0 0 2 2
200 0 0 0 0 2 2
201 0 0 0 0 3 4
201 0 0 0 0 3 4
202 0 0 0 0 2 2
202 0 0 0 0 2 2
203 0 0 0 0 3 3
203 0 0 0 0 3 3
204 0 0 0 0 3 3
204 0 0 0 0 3 3
205 0 0 0 0 2 2
205 0 0 0 0 2 2
206 0 0 0 0 2 2
206 0 0 0 0 2 2
207 0 0 0 0 2 2
207 0 0 0 0 2 2
208 5 0 0 1 2 3
208 5 0 0 1 2 3
209 0 0 0 0 2 2
209 0 0 0 0 2 2
210 0 0 0 0 2 2
210 0 0 0 0 2 2
211 0 0 0 0 2 2
211 0 0 0 0 2 2
212 0 0 0 0 2 2
212 0 0 0 0 2 2
213 0 0 0 0 2 2
213 0 0 0 0 2 2
214 0 0 0 0 2 2
214 0 0 0 0 2 2
215 0 0 0 0 3 3
215 0 0 0 0 3 3
216 0 0 0 0 3 3
216 0 0 0 0 3 3
217 0 0 0 0 3 3
217 0 0 0 0 3 3
218 51 0 0 1 3 4
218 51 0 0 1 3 4
219 70 0 0 1 3 4
219 70 0 0 1 3 4
220 153 0 0 2 3 5
220 153 0 0 2 3 5
292 171 0 5 1 4 7
294 163 0 1 1 4 7
295 140 0 1 1 4 6
295 140 0 0 1 4 6
296 144 0 0 1 4 6
296 144 0 0 1 4 6
297 150 0 0 1 4 7
297 150 0 0 1 4 7
298 181 0 0 1 4 7
298 181 0 0 1 4 7
299 201 0 0 1 4 7
299 201 0 0 1 4 7
300 235 0 0 1 3 6
300 235 0 0 1 3 6
301 232 0 0 1 4 7
301 232 0 0 1 4 7
302 216 0 0 1 3 6
302 216 0 0 1 3 6
303 223 0 0 1 3 6
303 223 0 0 1 3 6
304 223 0 0 1 4 6
304 223 0 0 1 4 6
305 227 0 0 1 4 7
305 227 0 0 1 4 7
306 228 0 0 1 4 6
306 228 0 0 1 4 6
307 240 0 0 1 4 6
307 240 0 0 1 4 6
308 207 0 0 1 4 7
308 207 0 0 1 4 7
309 192 0 0 1 4 7
309 192 0 0 1 4 7
310 195 0 0 1 4 5
310 195 0 0 1 4 5
311 231 0 0 1 2 3
311 231 0 0 1 2 3
312 212 0 0 1 4 6
312 212 0 0 1 4 6
313 257 0 0 1 3 5
313 257 0 0 1 3 5
314 237 0 0 1 4 7
314 237 0 0 1 4 7
315 251 0 0 1 4 7
315 251 0 0 1 4 7
316 234 0 0 1 4 6
316 234 0 0 1 4 6
317 274 0 0 1 3 4
317 274 0 0 1 3 4
318 255 0 0 1 3 5
318 255 0 0 1 3 5
319 248 0 0 1 3 4
319 248 0 0 1 3 4
320 233 0 0 1 3 4
320 233 0 0 1 3 4
321 192 0 0 1 3 4
321 192 0 0 1 3 4
322 191 0 0 1 3 4
322 191 0 0 1 3 4
323 185 0 0 1 4 5
323 185 0 0 1 4 5
324 159 0 0 1 4 6
324 159 0 0 1 4 6
325 163 0 0 1 4 5
325 163 0 0 1 4 5
326 141 0 0 1 3 4
326 141 0 0 1 3 4
327 137 0 0 1 3 4
327 137 0 0 1 3 4
328 123 0 0 1 3 4
328 123 0 0 1 3 4
329 138 0 0 1 3 4
329 138 0 0 1 3 4
330 148 0 0 1 3 5
330 148 0 0 1 3 5
331 113 0 0 1 4 6
331 113 0 0 1 4 6
332 111 0 0 1 3 4
332 111 0 0 1 3 4
333 91 0 0 1 3 4
333 91 0 0 1 3 4
334 65 0 0 1 3 4
334 65 0 0 1 3 4
335 66 0 0 1 4 5
335 66 0 0 1 4 5
336 60 0 0 1 4 5
336 60 0 0 1 4 5
337 45 0 0 1 5 6
337 45 0 0 1 5 6
338 55 0 0 1 3 4
338 55 0 0 1 3 4
339 41 0 0 1 3 4
339 41 0 0 1 3 4
340 39 0 0 1 4 5
340 39 0 0 1 4 5
341 49 0 0 1 3 4
341 49 0 0 1 3 4
342 62 0 0 1 3 4
342 62 0 0 1 3 4
343 28 0 0 1 4 5
343 28 0 0 1 4 5
344 90 0 0 1 3 4
344 90 0 0 1 3 4
345 98 0 0 1 5 6
345 98 0 0 1 5 6
346 71 0 0 1 3 4
346 71 0 0 1 3 4
347 124 0 0 1 3 5
347 124 0 0 1 3 5
348 65 0 0 1 3 4
348 65 0 0 1 3 4
349 54 0 0 1 3 4
349 54 0 0 1 3 4
350 76 0 0 1 3 4
350 76 0 0 1 3 4
351 30 0 0 1 4 6
351 30 0 0 1 4 6
352 28 0 0 1 4 5
352 28 0 0 1 4 5
353 30 0 0 1 4 5
353 30 0 0 1 4 5
354 31 0 0 1 5 6
354 31 0 0 1 5 6
355 30 0 0 1 5 6
355 30 0 0 1 5 6
356 41 0 0 1 6 7
356 41 0 0 1 6 7
357 39 0 0 1 4 5
357 39 0 0 1 4 5
358 37 0 0 1 5 6
358 37 0 0 1 5 6
359 43 0 0 1 5 6
359 43 0 0 1 5 6
360 0 0 0 0 5 5
360 0 0 0 0 5 5
361 0 0 0 0 5 5
361 0 0 0 0 5 5
362 0 0 0 0 5 5
362 0 0 0 0 5 5
363 0 0 0 0 5 5
363 0 0 0 0 5 5
364 0 0 0 0 5 5
364 0 0 0 0 5 5
365 0 0 0 0 5 5
365 0 0 0 0 5 5
366 0 0 0 0 4 4
366 0 0 0 0 4 4
367 0 0 0 0 5 5
367 0 0 0 0 5 5
368 10 0 0 1 5 6
368 10 0 0 1 5 6
369 10 0 0 1 4 5
369 10 0 0 1 4 5
370 9 0 0 1 4 5
370 9 0 0 1 4 5
371 4 0 0 1 4 5
371 4 0 0 1 4 5
372 0 0 0 0 4 4
372 0 0 0 0 4 4
373 0 0 0 0 5 5
373 0 0 0 0 5 5
374 4 0 0 1 5 6
374 4 0 0 1 5 6
375 4 0 0 1 4 5
375 4 0 0 1 4 5
376 0 0 0 0 4 4
376 0 0 0 0 4 4
377 0 0 0 1 4 5
377 0 0 0 1 4 5
378 0 0 0 1 4 5
378 0 0 0 1 4 5
379 0 0 0 1 5 6
379 0 0 0 1 5 6
380 0 0 0 0 4 5
380 0 0 0 0 4 5
381 0 0 0 0 4 4
381 0 0 0 0 4 4
382 0 0 0 0 4 5
382 0 0 0 0 4 5
383 6 0 0 1 4 6
383 6 0 0 1 4 6
384 0 0 0 0 5 5
384 0 0 0 0 5 5
385 0 0 0 0 5 5
385 0 0 0 0 5 5
386 0 0 0 0 4 4
386 0 0 0 0 4 4
387 0 0 0 0 4 4
387 0 0 0 0 4 4
388 0 0 0 0 5 5
388 0 0 0 0 5 5
389 0 0 0 0 5 5
389 0 0 0 0 5 5
390 0 0 0 0 5 5
390 0 0 0 0 5 5
391 0 0 0 0 5 5
391 0 0 0 0 5 5
392 0 0 0 0 5 5
392 0 0 0 0 5 5
393 0 0 0 0 5 5
393 0 0 0 0 5 5
394 0 0 0 0 5 5
394 0 0 0 0 5 5
395 0 0 0 0 5 5
395 0 0 0 0 5 5
396 0 0 0 0 5 5
396 0 0 0 0 5 5
397 0 0 0 0 4 4
397 0 0 0 0 4 4
398 0 0 0 0 5 5
398 0 0 0 0 5 5
399 0 0 0 0 5 5
399 0 0 0 0 5 5
400 0 0 0 0 5 5
400 0 0 0 0 5 5
401 0 0 0 0 5 5
401 0 0 0 0 5 5
402 0 0 0 0 5 6
402 0 0 0 0 5 6
403 0 0 0 0 5 5
403 0 0 0 0 5 5
404 0 0 0 0 5 5
404 0 0 0 0 5 5
405 0 0 0 0 5 5
405 0 0 0 0 5 5
406 0 0 0 0 5 5
406 0 0 0 0 5 5
407 0 0 0 0 5 5
407 0 0 0 0 5 5
408 0 0 0 0 5 5
408 0 0 0 0 5 5
409 0 0 0 0 5 5
409 0 0 0 0 5 5
410 0 0 0 0 5 5
410 0 0 0 0 5 5
411 0 0 0 0 5 5
411 0 0 0 0 5 5
412 0 0 0 0 5 5
412 0 0 0 0 5 5
413 0 0 0 0 5 5
413 0 0 0 0 5 5
414 0 0 0 0 5 5
414 0 0 0 0 5 5
415 0 0 0 0 5 5
415 0 0 0 0 5 5
416 0 0 0 0 5 5
416 0 0 0 0 5 5
417 0 0 0 0 4 4
417 0 0 0 0 4 4
418 0 0 0 0 4 4
418 0 0 0 0 4 4
419 324 0 0 1 4 5
419 324 0 0 1 4 5
420 316 0 0 1 4 5
420 316 0 0 1 4 5
421 344 0 0 1 3 4
421 344 0 0 1 3 4
422 358 0 0 1 3 4
422 358 0 0 1 3 4
423 391 0 0 1 3 4
423 391 0 0 1 3 4
424 379 0 0 1 3 4
424 379 0 0 1 3 4
425 390 0 0 1 3 4
425 390 0 0 1 3 4
426 389 0 0 1 3 4
426 389 0 0 1 3 4
427 389 0 0 1 3 4
427 389 0 0 1 3 4
428 386 0 0 1 3 4
428 386 0 0 1 3 4
429 362 0 0 1 3 4
429 362 0 0 1 3 4
430 371 0 0 1 3 4
430 371 0 0 1 3 4
431 282 0 0 1 4 5
431 282 0 0 1 4 5
432 353 0 0 1 4 5
432 353 0 0 1 4 5
433 367 0 0 1 4 5
433 367 0 0 1 4 5
434 354 0 0 1 4 5
434 354 0 0 1 4 5
435 330 0 0 1 3 4
435 330 0 0 1 3 4
436 384 0 0 1 3 4
436 384 0 0 1 3 4
437 428 0 0 1 3 4
437 428 0 0 1 3 4
438 380 0 0 1 3 4
438 380 0 0 1 3 4
439 348 0 0 1 3 4
439 348 0 0 1 3 4
440 359 0 0 1 3 4
440 359 0 0 1 3 4
441 314 0 0 1 3 4
441 314 0 0 1 3 4
442 300 0 0 1 2 3
442 300 0 0 1 2 3
443 320 0 0 1 2 3
443 320 0 0 1 2 3
444 322 0 0 1 3 4
444 322 0 0 1 3 4
445 315 0 0 1 3 4
445 315 0 0 1 3 4
446 415 0 0 1 1 2
446 415 0 0 1 1 2
447 461 0 0 1 1 2
447 461 0 0 1 1 2
448 502 0 0 1 1 2
448 502 0 0 1 1 2
449 593 0 0 1 2 3
449 593 0 0 1 2 3
450 558 0 0 1 3 4
450 558 0 0 1 3 4
451 560 0 0 1 2 3
451 560 0 0 1 2 3
452 576 0 0 1 3 4
452 576 0 0 1 3 4
453 587 0 0 1 3 4
453 587 0 0 1 3 4
454 582 0 0 1 2 4
454 582 0 0 1 2 4
455 575 0 0 1 2 4
455 575 0 0 1 2 4
456 602 0 0 1 2 4
456 602 0 0 1 2 4
457 563 0 0 1 2 4
457 563 0 0 1 2 4
458 571 0 0 1 2 4
458 571 0 0 1 2 4
459 561 0 0 1 2 4
459 561 0 0 1 2 4
460 510 0 0 1 2 4
460 510 0 0 1 2 4
461 522 0 0 1 2 4
461 522 0 0 1 2 4
462 545 0 0 1 2 3
462 545 0 0 1 2 3
463 497 0 0 1 2 3
463 497 0 0 1 2 3
464 491 0 0 1 2 3
464 491 0 0 1 2 3
465 483 0 0 1 2 4
465 483 0 0 1 2 4
466 494 0 0 1 2 4
466 494 0 0 1 2 4
467 503 0 0 1 2 6
467 503 0 0 1 2 6
468 483 0 0 1 2 5
468 483 0 0 1 2 5
469 515 0 0 1 2 5
469 515 0 0 1 2 5
470 516 0 0 1 2 5
470 516 0 0 1 2 5
471 528 0 0 1 2 5
471 528 0 0 1 2 5
472 520 0 0 1 2 4
472 520 0 0 1 2 4
473 543 0 0 1 2 4
473 543 0 0 1 2 4
474 523 0 0 1 2 3
474 523 0 0 1 2 3
475 561 0 0 1 2 3
475 561 0 0 1 2 3
476 477 0 0 1 2 3
476 477 0 0 1 2 3
477 493 0 0 1 2 5
477 493 0 0 1 2 5
478 503 0 0 1 2 4
478 503 0 0 1 2 4
479 505 0 0 1 2 4
479 505 0 0 1 2 4
480 431 0 0 1 3 5
480 431 0 0 1 3 5
481 410 0 0 1 3 5
481 410 0 0 1 3 5
482 367 0 0 1 3 5
482 367 0 0 1 3 5
483 367 0 0 1 3 5
483 367 0 0 1 3 5
484 350 0 0 1 3 5
484 350 0 0 1 3 5
485 341 0 0 1 3 5
485 341 0 0 1 3 5
486 348 0 0 1 3 5
486 348 0 0 1 3 5
487 335 0 0 1 3 5
487 335 0 0 1 3 5
488 352 0 0 1 3 5
488 352 0 0 1 3 5
489 342 0 0 1 3 5
489 342 0 0 1 3 5
490 377 0 0 1 3 5
490 377 0 0 1 3 5
491 430 0 0 1 2 4
491 430 0 0 1 2 4
492 376 0 0 1 3 5
492 376 0 0 1 3 5
493 413 0 0 1 3 5
493 413 0 0 1 3 5
494 401 0 0 1 3 5
494 401 0 0 1 3 5
495 414 0 0 1 3 5
495 414 0 0 1 3 5
496 433 0 0 1 3 5
496 433 0 0 1 3 5
497 427 0 0 1 3 5
497 427 0 0 1 3 5
498 400 0 0 1 3 4
498 400 0 0 1 3 4
499 380 0 0 1 3 5
499 380 0 0 1 3 5
500 442 0 0 1 3 5
500 442 0 0 1 3 5
501 385 0 0 1 3 5
501 385 0 0 1 3 5
502 403 0 0 1 3 5
502 403 0 0 1 3 5
503 422 0 0 1 3 5
503 422 0 0 1 3 5
504 455 0 0 1 3 6
504 455 0 0 1 3 6
505 430 0 0 1 3 6
505 430 0 0 1 3 6
506 371 0 0 1 3 5
506 371 0 0 1 3 5
507 347 0 0 1 3 5
507 347 0 0 1 3 5
508 395 0 0 1 3 5
508 395 0 0 1 3 5
509 365 0 0 1 3 5
509 365 0 0 1 3 5
510 338 0 0 1 3 5
510 338 0 0 1 3 5
511 334 0 0 2 3 6
511 334 0 0 2 3 6
512 339 0 0 1 3 4
512 339 0 0 1 3 4
513 306 0 0 1 3 5
513 306 0 0 1 3 5
514 309 0 0 1 3 4
514 309 0 0 1 3 4
515 195 0 0 1 4 5
515 195 0 0 1 4 5
516 158 0 0 1 4 6
516 158 0 0 1 4 6
517 259 0 0 1 3 5
517 259 0 0 1 3 5
518 227 0 0 1 3 4
518 227 0 0 1 3 4
519 239 0 0 1 3 4
519 239 0 0 1 3 4
520 267 0 0 1 3 4
520 267 0 0 1 3 4
521 259 0 0 1 3 5
521 259 0 0 1 3 5
522 237 0 0 1 3 4
522 237 0 0 1 3 4
523 247 0 0 1 3 4
523 247 0 0 1 3 4
524 277 0 0 1 3 4
524 277 0 0 1 3 4
525 251 0 0 1 3 4
525 251 0 0 1 3 4
526 244 0 0 1 3 4
526 244 0 0 1 3 4
527 263 0 0 1 3 4
527 263 0 0 1 3 4
528 281 0 0 1 3 4
528 281 0 0 1 3 4
529 327 0 0 1 3 5
529 327 0 0 1 3 5
530 425 0 0 1 2 3
530 425 0 0 1 2 3
531 453 0 0 1 4 6
531 453 0 0 1 4 6
532 539 0 0 1 4 5
532 539 0 0 1 4 5
533 553 0 0 1 3 5
533 553 0 0 1 3 5
534 570 0 0 1 3 4
534 570 0 0 1 3 4
535 578 0 0 1 3 4
535 578 0 0 1 3 4
536 552 0 0 1 3 4
536 552 0 0 1 3 4
537 636 0 0 2 3 5
537 636 0 0 2 3 5
538 671 0 0 2 2 5
538 671 0 0 2 2 5
539 656 0 0 2 2 4
539 656 0 0 2 2 4
540 673 0 0 2 1 3
540 673 0 0 2 1 3
541 603 0 0 2 2 5
541 603 0 0 2 2 5
542 583 0 0 2 2 4
542 583 0 0 2 2 4
543 574 0 0 2 2 4
543 574 0 0 2 2 4
544 556 0 0 2 2 5
544 556 0 0 2 2 5
545 491 0 0 2 2 4
545 491 0 0 2 2 4
546 597 0 0 2 0 2
546 597 0 0 2 0 2
547 518 0 0 2 2 4
547 518 0 0 2 2 4
548 435 0 0 2 3 5
548 435 0 0 2 3 5
549 507 0 0 2 1 3
549 507 0 0 2 1 3
550 560 0 0 2 1 3
550 560 0 0 2 1 3
551 560 0 0 2 1 3
551 560 0 0 2 1 3
552 616 0 0 2 0 2
552 616 0 0 2 0 2
553 589 0 0 2 1 3
553 589 0 0 2 1 3
554 578 0 0 2 1 3
554 578 0 0 2 1 3
555 571 0 0 2 1 3
555 571 0 0 2 1 3
556 549 0 0 2 0 2
556 549 0 0 2 0 2
557 546 0 0 2 0 2
557 546 0 0 2 0 2
558 534 0 0 2 1 3
558 534 0 0 2 1 3
559 484 0 0 2 1 3
559 484 0 0 2 1 3
560 417 0 0 2 1 3
560 417 0 0 2 1 3
561 409 0 0 2 1 3
561 409 0 0 2 1 3
562 370 0 0 2 2 4
562 370 0 0 2 2 4
563 342 0 0 2 2 4
563 342 0 0 2 2 4
564 378 0 0 2 1 3
564 378 0 0 2 1 3
565 354 0 0 2 1 3
565 354 0 0 2 1 3
566 337 0 0 2 1 3
566 337 0 0 2 1 3
567 377 0 0 2 1 3
567 377 0 0 2 1 3
568 372 0 0 2 1 3
568 372 0 0 2 1 3
569 362 0 0 2 1 3
569 362 0 0 2 1 3
570 350 0 0 2 1 3
570 350 0 0 2 1 3
571 332 0 0 2 1 3
571 332 0 0 2 1 3
572 312 0 0 2 1 3
572 312 0 0 2 1 3
573 299 0 0 2 1 3
573 299 0 0 2 1 3
574 291 0 0 2 1 3
574 291 0 0 2 1 3
575 292 0 0 2 2 4
575 292 0 0 2 2 4
576 288 0 0 2 2 4
576 288 0 0 2 2 4
577 280 0 0 2 2 4
577 280 0 0 2 2 4
578 301 0 0 2 2 4
578 301 0 0 2 2 4
579 273 0 0 2 3 5
579 273 0 0 2 3 5
580 281 0 0 2 3 5
580 281 0 0 2 3 5
581 272 0 0 2 3 5
581 272 0 0 2 3 5
582 274 0 0 2 4 6
582 274 0 0 2 4 6
583 273 0 0 2 4 6
583 273 0 0 2 4 6
584 272 0 0 2 3 5
584 272 0 0 2 3 5
585 279 0 0 2 3 5
585 279 0 0 2 3 5
586 283 0 0 2 3 5
586 283 0 0 2 3 5
587 305 0 0 2 4 6
587 305 0 0 2 4 6
588 283 0 0 2 4 6
588 283 0 0 2 4 6
589 253 0 0 2 4 6
589 253 0 0 2 4 6
590 269 0 0 2 3 5
590 269 0 0 2 3 5
591 252 0 0 2 4 7
591 252 0 0 2 4 7
592 252 0 0 2 3 6
592 252 0 0 2 3 6
593 261 0 0 2 2 5
593 261 0 0 2 2 5
594 269 0 0 2 2 5
594 269 0 0 2 2 5
595 253 0 0 2 4 7
595 253 0 0 2 4 7
596 222 0 0 2 3 5
596 222 0 0 2 3 5
597 208 0 0 2 3 5
597 208 0 0 2 3 5
598 171 0 0 2 3 5
598 171 0 0 2 3 5
599 183 0 0 2 2 4
599 183 0 0 2 2 4
600 205 0 0 2 1 3
600 205 0 0 2 1 3
601 202 0 0 2 1 3
601 202 0 0 2 1 3
602 219 0 0 2 2 4
602 219 0 0 2 2 4
603 230 0 0 2 1 3
603 230 0 0 2 1 3
604 243 0 0 2 1 3
604 243 0 0 2 1 3
605 244 0 0 2 1 3
605 244 0 0 2 1 3
606 252 0 0 2 1 3
606 252 0 0 2 1 3
607 275 0 0 2 1 3
607 275 0 0 2 1 3
608 306 0 0 2 1 3
608 306 0 0 2 1 3
609 320 0 0 2 1 3
609 320 0 0 2 1 3
610 305 0 0 2 2 4
610 305 0 0 2 2 4
611 314 0 0 2 2 4
611 314 0 0 2 2 4
612 347 0 0 2 2 4
612 347 0 0 2 2 4
613 344 0 0 2 3 5
613 344 0 0 2 3 5
614 374 0 0 2 4 6
614 374 0 0 2 4 6
615 391 0 0 2 3 5
615 391 0 0 2 3 5
616 406 0 0 2 4 6
616 406 0 0 2 4 6
617 424 0 0 2 4 6
617 424 0 0 2 4 6
618 479 0 0 2 3 5
618 479 0 0 2 3 5
619 475 0 0 2 2 4
619 475 0 0 2 2 4
620 495 0 0 2 2 4
620 495 0 0 2 2 4
621 519 0 0 2 2 4
621 519 0 0 2 2 4
622 533 0 0 2 2 4
622 533 0 0 2 2 4
623 518 0 0 2 2 4
623 518 0 0 2 2 4
624 516 0 0 2 2 4
624 516 0 0 2 2 4
625 485 0 0 2 2 4
625 485 0 0 2 2 4
626 546 0 0 2 1 3
626 546 0 0 2 1 3
627 548 0 0 2 1 3
627 548 0 0 2 1 3
628 554 0 0 2 1 3
628 554 0 0 2 1 3
629 549 0 0 2 1 3
629 549 0 0 2 1 3
630 529 0 0 2 1 3
630 529 0 0 2 1 3
631 525 0 0 2 2 4
631 525 0 0 2 2 4
632 508 0 0 2 1 3
632 508 0 0 2 1 3
633 552 0 0 2 1 3
633 552 0 0 2 1 3
634 556 0 0 2 0 2
634 556 0 0 2 0 2
635 534 0 0 2 1 3
635 534 0 0 2 1 3
636 557 0 0 2 1 3
636 557 0 0 2 1 3
637 553 0 0 2 0 2
637 553 0 0 2 0 2
638 545 0 0 2 1 3
638 545 0 0 2 1 3
639 505 0 0 2 1 3
639 505 0 0 2 1 3
640 494 0 0 2 2 4
640 494 0 0 2 2 4
641 493 0 0 2 1 3
641 493 0 0 2 1 3
642 461 0 0 2 1 3
642 461 0 0 2 1 3
643 469 0 0 2 2 4
643 469 0 0 2 2 4
644 447 0 0 2 3 5
644 447 0 0 2 3 5
645 432 0 0 2 2 4
645 432 0 0 2 2 4
646 448 0 0 2 1 3
646 448 0 0 2 1 3
647 297 0 0 1 2 3
647 297 0 0 1 2 3
648 275 0 0 1 2 3
648 275 0 0 1 2 3
649 285 0 0 1 1 2
649 285 0 0 1 1 2
650 269 0 0 1 2 3
650 269 0 0 1 2 3
651 256 0 0 1 2 3
651 256 0 0 1 2 3
652 224 0 0 1 3 4
652 224 0 0 1 3 4
653 253 0 0 1 3 4
653 253 0 0 1 3 4
654 265 0 0 1 1 2
654 265 0 0 1 1 2
655 269 0 0 1 3 4
655 269 0 0 1 3 4
656 292 0 0 1 2 3
656 292 0 0 1 2 3
657 237 0 0 1 2 3
657 237 0 0 1 2 3
658 272 0 0 1 1 2
658 272 0 0 1 1 2
659 211 0 0 1 2 3
659 211 0 0 1 2 3
660 188 0 0 1 1 2
660 188 0 0 1 1 2
661 200 0 0 1 2 3
661 200 0 0 1 2 3
662 258 0 0 1 1 2
662 258 0 0 1 1 2
663 242 0 0 1 1 2
663 242 0 0 1 1 2
664 253 0 0 1 0 1
664 253 0 0 1 0 1
665 284 0 0 1 1 2
665 284 0 0 1 1 2
666 282 0 0 1 1 2
666 282 0 0 1 1 2
667 248 0 0 1 2 3
667 248 0 0 1 2 3
668 217 0 0 1 3 4
668 217 0 0 1 3 4
669 209 0 0 1 3 4
669 209 0 0 1 3 4
670 265 0 0 1 2 3
670 265 0 0 1 2 3
671 233 0 0 1 2 3
671 233 0 0 1 2 3
672 229 0 0 1 2 3
672 229 0 0 1 2 3
673 228 0 0 1 2 3
673 228 0 0 1 2 3
674 244 0 0 1 1 2
674 244 0 0 1 1 2
675 237 0 0 1 1 2
675 237 0 0 1 1 2
676 236 0 0 1 1 2
676 236 0 0 1 1 2
677 0 0 0 0 2 2
677 0 0 0 0 2 2
678 475 0 0 1 1 2
678 475 0 0 1 1 2
679 326 0 0 1 1 2
679 326 0 0 1 1 2
680 298 0 0 1 1 2
680 298 0 0 1 1 2
681 320 0 0 1 1 2
681 320 0 0 1 1 2
682 316 0 0 1 1 2
682 316 0 0 1 1 2
683 0 0 0 0 2 2
683 0 0 0 0 2 2
684 266 0 0 1 1 2
684 266 0 0 1 1 2
685 290 0 0 1 1 2
685 290 0 0 1 1 2
686 321 0 0 1 1 2
686 321 0 0 1 1 2
687 287 0 0 1 1 2
687 287 0 0 1 1 2
688 277 0 0 1 1 2
688 277 0 0 1 1 2
689 286 0 0 1 1 2
689 286 0 0 1 1 2
690 235 0 0 1 2 3
690 235 0 0 1 2 3
691 265 0 0 1 1 2
691 265 0 0 1 1 2
692 268 0 0 1 1 2
692 268 0 0 1 1 2
693 270 0 0 1 1 2
693 270 0 0 1 1 2
694 270 0 0 1 1 2
694 270 0 0 1 1 2
695 266 0 0 1 1 2
695 266 0 0 1 1 2
696 269 0 0 1 1 2
696 269 0 0 1 1 2
697 271 0 0 1 1 2
697 271 0 0 1 1 2
698 277 0 0 1 1 2
698 277 0 0 1 1 2
699 265 0 0 1 1 2
699 265 0 0 1 1 2
700 290 0 0 1 1 2
700 290 0 0 1 1 2
701 269 0 0 1 1 2
701 269 0 0 1 1 2
702 277 0 0 1 1 2
702 277 0 0 1 1 2
703 289 0 0 1 1 2
703 289 0 0 1 1 2
704 274 0 0 1 1 2
704 274 0 0 1 1 2
705 258 0 0 1 1 2
705 258 0 0 1 1 2
706 252 0 0 1 1 2
706 252 0 0 1 1 2
707 278 0 0 1 1 2
707 278 0 0 1 1 2
708 296 0 0 1 1 2
708 296 0 0 1 1 2
709 239 0 0 1 1 2
709 239 0 0 1 1 2
710 238 0 0 1 1 2
710 238 0 0 1 1 2
711 288 0 0 1 1 2
711 288 0 0 1 1 2
712 272 0 0 1 1 2
712 272 0 0 1 1 2
713 274 0 0 1 2 3
713 274 0 0 1 2 3
714 300 0 0 1 2 3
714 300 0 0 1 2 3
715 332 0 0 1 1 2
715 332 0 0 1 1 2
716 313 0 0 1 1 2
716 313 0 0 1 1 2
717 280 0 0 1 1 2
717 280 0 0 1 1 2
718 233 0 0 1 2 3
718 233 0 0 1 2 3
719 249 0 0 1 2 3
719 249 0 0 1 2 3
720 246 0 0 1 2 3
720 246 0 0 1 2 3
721 233 0 0 1 2 3
721 233 0 0 1 2 3
722 251 0 0 1 2 3
722 251 0 0 1 2 3
723 225 0 0 1 2 3
723 225 0 0 1 2 3
724 253 0 0 1 1 2
724 253 0 0 1 1 2
725 241 0 0 1 1 2
725 241 0 0 1 1 2
726 199 0 0 1 2 3
726 199 0 0 1 2 3
727 218 0 0 1 1 2
727 218 0 0 1 1 2
728 191 0 0 1 1 2
728 191 0 0 1 1 2
729 165 0 0 1 3 4
729 165 0 0 1 3 4
730 170 0 0 1 2 3
730 170 0 0 1 2 3
731 155 0 0 1 3 4
731 155 0 0 1 3 4
732 155 0 0 1 3 4
732 155 0 0 1 3 4
733 166 0 0 1 3 5
733 166 0 0 1 3 5
734 160 0 0 1 3 5
734 160 0 0 1 3 5
735 137 0 0 1 3 5
735 137 0 0 1 3 5
736 144 0 0 1 3 4
736 144 0 0 1 3 4
737 137 0 0 1 3 4
737 137 0 0 1 3 4
738 126 0 0 1 2 3
738 126 0 0 1 2 3
739 127 0 0 1 2 3
739 127 0 0 1 2 3
740 144 0 0 1 2 3
740 144 0 0 1 2 3
741 136 0 0 1 3 4
741 136 0 0 1 3 4
742 134 0 0 1 2 3
742 134 0 0 1 2 3
743 111 0 0 1 1 2
743 111 0 0 1 1 2
744 140 0 0 1 1 2
744 140 0 0 1 1 2
745 105 0 0 1 2 3
745 105 0 0 1 2 3
746 39 0 0 1 3 4
746 39 0 0 1 3 4
747 200 0 0 1 1 2
747 200 0 0 1 1 2
748 195 0 0 1 1 2
748 195 0 0 1 1 2
749 0 0 0 0 1 1
749 0 0 0 0 1 1
750 234 0 0 1 1 2
750 234 0 0 1 1 2
751 234 0 0 1 1 2
751 234 0 0 1 1 2
752 270 0 0 1 1 2
752 270 0 0 1 1 2
753 236 0 0 1 1 2
753 236 0 0 1 1 2
754 0 0 0 0 0 0
754 0 0 0 0 0 0
755 265 0 0 1 1 2
755 265 0 0 1 1 2
756 335 0 0 1 2 3
756 335 0 0 1 2 3
757 310 0 0 1 2 3
757 310 0 0 1 2 3
758 314 0 0 1 1 2
758 314 0 0 1 1 2
759 0 0 0 0 1 1
759 0 0 0 0 1 1
760 0 0 0 0 1 1
760 0 0 0 0 1 1
761 0 0 0 0 2 2
761 0 0 0 0 2 2
762 0 0 0 0 1 1
762 0 0 0 0 1 1
763 0 0 0 0 1 1
763 0 0 0 0 1 1
764 0 0 0 0 1 1
764 0 0 0 0 1 1
765 0 0 0 0 1 1
765 0 0 0 0 1 1
766 0 0 0 0 1 1
766 0 0 0 0 1 1
767 0 0 0 0 1 1
767 0 0 0 0 1 1
768 0 0 0 0 1 1
768 0 0 0 0 1 1
769 0 0 0 0 1 1
769 0 0 0 0 1 1
770 0 0 0 0 1 1
770 0 0 0 0 1 1
771 0 0 0 0 1 1
771 0 0 0 0 1 1
772 0 0 0 0 1 1
772 0 0 0 0 1 1
773 0 0 0 0 1 1
773 0 0 0 0 1 1
774 0 0 0 0 1 1
774 0 0 0 0 1 1
775 95 0 0 1 1 2
775 95 0 0 1 1 2
776 0 0 0 0 1 1
776 0 0 0 0 1 1
777 0 0 0 0 1 1
777 0 0 0 0 1 1
778 0 0 0 0 1 1
778 0 0 0 0 1 1
779 0 0 0 0 1 1
779 0 0 0 0 1 1
780 0 0 0 0 1 1
780 0 0 0 0 1 1
781 163 0 0 1 1 2
781 163 0 0 1 1 2
782 176 0 0 1 1 2
782 176 0 0 1 1 2
783 188 0 0 1 1 2
783 188 0 0 1 1 2
784 151 0 0 1 1 2
784 151 0 0 1 1 2
785 0 0 0 0 1 1
785 0 0 0 0 1 1
786 0 0 0 0 1 1
786 0 0 0 0 1 1
787 0 0 0 0 1 1
787 0 0 0 0 1 1
788 0 0 0 0 1 1
788 0 0 0 0 1 1
789 0 0 0 0 1 1
789 0 0 0 0 1 1
790 55 0 0 1 3 4
790 55 0 0 1 3 4
791 0 0 0 0 2 2
791 0 0 0 0 2 2
792 0 0 0 0 2 2
792 0 0 0 0 2 2
793 0 0 0 0 3 3
793 0 0 0 0 3 3
794 68 0 0 1 2 3
794 68 0 0 1 2 3
795 0 0 0 0 2 2
795 0 0 0 0 2 2
796 0 0 0 0 1 1
796 0 0 0 0 1 1
797 0 0 0 0 1 1
797 0 0 0 0 1 1
798 0 0 0 0 1 1
798 0 0 0 0 1 1
799 0 0 0 0 1 1
799 0 0 0 0 1 1
800 84 0 0 1 1 2
800 84 0 0 1 1 2
801 0 0 0 0 1 1
801 0 0 0 0 1 1
802 0 0 0 0 1 1
802 0 0 0 0 1 1
803 0 0 0 0 1 1
803 0 0 0 0 1 1
804 0 0 0 0 1 1
804 0 0 0 0 1 1
805 0 0 0 0 0 0
805 0 0 0 0 0 0
806 0 0 0 0 1 1
806 0 0 0 0 1 1
807 412 0 0 1 1 2
807 412 0 0 1 1 2
808 0 0 0 0 1 1
808 0 0 0 0 1 1
809 365 0 0 1 1 2
809 365 0 0 1 1 2
810 462 0 0 1 1 2
810 462 0 0 1 1 2
811 0 0 0 0 1 1
811 0 0 0 0 1 1
812 0 0 0 0 1 1
812 0 0 0 0 1 1
813 0 0 0 0 1 1
813 0 0 0 0 1 1
814 0 0 0 0 1 1
814 0 0 0 0 1 1
815 0 0 0 0 1 1
815 0 0 0 0 1 1
816 350 0 0 1 1 2
816 350 0 0 1 1 2
817 0 0 0 0 1 1
817 0 0 0 0 1 1
818 0 0 0 0 2 2
818 0 0 0 0 2 2
819 106 0 0 1 2 3
819 106 0 0 1 2 3
820 99 0 0 1 2 3
820 99 0 0 1 2 3
821 117 0 0 1 2 3
821 117 0 0 1 2 3
822 186 0 0 1 1 2
822 186 0 0 1 1 2
823 129 0 0 1 2 3
823 129 0 0 1 2 3
824 123 0 0 1 2 3
824 123 0 0 1 2 3
825 151 0 0 1 1 2
825 151 0 0 1 1 2
826 140 0 0 1 1 2
826 140 0 0 1 1 2
827 139 0 0 1 2 3
827 139 0 0 1 2 3
828 138 0 0 1 2 3
828 138 0 0 1 2 3
829 143 0 0 1 2 3
829 143 0 0 1 2 3
830 141 0 0 1 2 3
830 141 0 0 1 2 3
831 122 0 0 1 2 3
831 122 0 0 1 2 3
832 142 0 0 1 1 2
832 142 0 0 1 1 2
833 137 0 0 1 1 2
833 137 0 0 1 1 2
834 134 0 0 1 1 2
834 134 0 0 1 1 2
835 172 0 0 2 1 3
835 172 0 0 2 1 3
836 193 0 0 2 1 4
836 193 0 0 2 1 4
837 187 0 0 2 1 4
837 187 0 0 2 1 4
838 229 0 0 2 2 4
838 229 0 0 2 2 4
839 255 0 0 2 1 3
839 255 0 0 2 1 3
840 301 0 0 2 1 3
840 301 0 0 2 1 3
841 311 0 0 2 2 4
841 311 0 0 2 2 4
842 327 0 0 2 2 4
842 327 0 0 2 2 4
843 292 0 0 2 1 3
843 292 0 0 2 1 3
844 350 0 0 2 1 3
844 350 0 0 2 1 3
845 350 0 0 2 1 3
845 350 0 0 2 1 3
846 384 0 0 2 0 2
846 384 0 0 2 0 2
847 489 0 0 2 0 2
847 489 0 0 2 0 2
848 569 0 0 2 0 2
848 569 0 0 2 0 2
849 760 0 0 2 0 2
849 760 0 0 2 0 2
872 99 0 4 1 0 1
873 91 0 1 1 0 1
873 91 0 0 1 0 1
874 90 0 0 1 1 2
874 90 0 0 1 1 2
875 88 0 0 1 1 2
875 88 0 0 1 1 2
876 72 0 0 1 1 2
876 72 0 0 1 1 2
877 44 0 0 1 1 2
877 44 0 0 1 1 2
878 55 0 0 1 1 2
878 55 0 0 1 1 2
879 64 0 0 1 0 1
879 64 0 0 1 0 1
880 0 0 0 0 0 0
880 0 0 0 0 0 0
881 0 0 0 0 0 0
881 0 0 0 0 0 0
882 0 0 0 0 0 0
882 0 0 0 0 0 0
883 0 0 0 0 0 0
883 0 0 0 0 0 0
884 0 0 0 0 1 1
884 0 0 0 0 1 1
885 0 0 0 0 1 1
885 0 0 0 0 1 1
886 0 0 0 0 0 0
886 0 0 0 0 0 0
887 0 0 0 0 1 1
887 0 0 0 0 1 1
888 0 0 0 0 1 1
888 0 0 0 0 1 1
889 0 0 0 0 1 1
889 0 0 0 0 1 1
890 0 0 0 0 1 1
890 0 0 0 0 1 1
891 0 0 0 0 1 1
891 0 0 0 0 1 1
892 0 0 0 0 0 0
892 0 0 0 0 0 0
893 0 0 0 0 0 0
893 0 0 0 0 0 0
894 0 0 0 0 1 1
894 0 0 0 0 1 1
895 0 0 0 0 1 1
895 0 0 0 0 1 1
896 0 0 0 0 0 0
896 0 0 0 0 0 0
897 0 0 0 0 0 0
897 0 0 0 0 0 0
898 0 0 0 0 0 0
898 0 0 0 0 0 0
899 0 0 0 0 1 1
899 0 0 0 0 1 1
900 0 0 0 0 1 1
900 0 0 0 0 1 1
901 0 0 0 0 1 1
901 0 0 0 0 1 1
902 0 0 0 0 0 0
902 0 0 0 0 0 0
903 0 0 0 0 0 0
903 0 0 0 0 0 0
904 0 0 0 0 1 1
904 0 0 0 0 1 1
905 0 0 0 0 1 1
905 0 0 0 0 1 1
906 0 0 0 0 1 2
906 0 0 0 0 1 2
907 0 0 0 0 1 1
907 0 0 0 0 1 1
908 122 0 0 1 0 2
908 122 0 0 1 0 2
909 119 0 0 1 1 2
909 119 0 0 1 1 2
910 125 0 0 1 1 2
910 125 0 0 1 1 2
911 0 0 0 0 1 1
911 0 0 0 0 1 1
912 117 0 0 1 1 2
912 117 0 0 1 1 2
913 116 0 0 1 1 2
913 116 0 0 1 1 2
914 139 0 0 1 1 2
914 139 0 0 1 1 2
915 128 0 0 1 1 2
915 128 0 0 1 1 2
916 130 0 0 1 1 2
916 130 0 0 1 1 2
917 135 0 0 1 1 2
917 135 0 0 1 1 2
918 116 0 0 1 1 2
918 116 0 0 1 1 2
919 131 0 0 1 1 2
919 131 0 0 1 1 2
920 143 0 0 1 1 2
920 143 0 0 1 1 2
921 154 0 0 1 1 2
921 154 0 0 1 1 2
922 126 0 0 1 1 2
922 126 0 0 1 1 2
923 140 0 0 1 1 2
923 140 0 0 1 1 2
924 151 0 0 1 1 2
924 151 0 0 1 1 2
925 125 0 0 1 1 2
925 125 0 0 1 1 2
926 140 0 0 1 0 1
926 140 0 0 1 0 1
927 128 0 0 1 0 1
927 128 0 0 1 0 1
928 166 0 0 1 1 2
928 166 0 0 1 1 2
929 167 0 0 1 0 1
929 167 0 0 1 0 1
930 207 0 0 1 1 2
930 207 0 0 1 1 2
931 180 0 0 1 1 2
931 180 0 0 1 1 2
932 206 0 0 1 1 2
932 206 0 0 1 1 2
933 219 0 0 1 1 2
933 219 0 0 1 1 2
934 233 0 0 1 0 1
934 233 0 0 1 0 1
935 217 0 0 1 0 1
935 217 0 0 1 0 1
936 205 0 0 1 0 1
936 205 0 0 1 0 1
937 234 0 0 1 0 1
937 234 0 0 1 0 1
938 215 0 0 1 1 2
938 215 0 0 1 1 2
939 259 0 0 1 1 2
939 259 0 0 1 1 2
940 253 0 0 1 1 2
940 253 0 0 1 1 2
941 241 0 0 1 2 3
941 241 0 0 1 2 3
942 226 0 0 1 2 3
942 226 0 0 1 2 3
943 236 0 0 1 1 2
943 236 0 0 1 1 2
944 242 0 0 1 1 2
944 242 0 0 1 1 2
945 246 0 0 1 1 2
945 246 0 0 1 1 2
946 259 0 0 1 1 2
946 259 0 0 1 1 2
947 233 0 0 1 2 3
947 233 0 0 1 2 3
948 257 0 0 1 2 3
948 257 0 0 1 2 3
949 277 0 0 1 2 3
949 277 0 0 1 2 3
950 271 0 0 1 3 4
950 271 0 0 1 3 4
951 287 0 0 1 3 4
951 287 0 0 1 3 4
952 241 0 0 1 2 3
952 241 0 0 1 2 3
953 211 0 0 1 3 4
953 211 0 0 1 3 4
954 276 0 0 1 2 3
954 276 0 0 1 2 3
955 315 0 0 1 2 3
955 315 0 0 1 2 3
956 308 0 0 1 2 3
956 308 0 0 1 2 3
957 345 0 0 1 2 3
957 345 0 0 1 2 3
958 353 0 0 1 2 3
958 353 0 0 1 2 3
959 368 0 0 1 3 4
959 368 0 0 1 3 4
960 382 0 0 1 3 4
960 382 0 0 1 3 4
961 288 0 0 1 5 6
961 288 0 0 1 5 6
962 357 0 0 1 4 5
962 357 0 0 1 4 5
963 369 0 0 1 3 4
963 369 0 0 1 3 4
964 365 0 0 1 4 6
964 365 0 0 1 4 6
965 322 0 0 1 3 4
965 322 0 0 1 3 4
966 296 0 0 1 4 5
966 296 0 0 1 4 5
967 399 0 0 1 2 3
967 399 0 0 1 2 3
968 322 0 0 1 3 4
968 322 0 0 1 3 4
969 319 0 0 1 3 4
969 319 0 0 1 3 4
970 371 0 0 2 3 5
970 371 0 0 2 3 5
971 361 0 0 2 3 5
971 361 0 0 2 3 5
972 341 0 0 2 3 5
972 341 0 0 2 3 5
973 363 0 0 2 2 4
973 363 0 0 2 2 4
974 400 0 0 2 2 4
974 400 0 0 2 2 4
975 447 0 0 2 1 3
975 447 0 0 2 1 3
976 426 0 0 2 2 4
976 426 0 0 2 2 4
977 393 0 0 2 2 4
977 393 0 0 2 2 4
978 382 0 0 2 2 4
978 382 0 0 2 2 4
979 360 0 0 2 2 4
979 360 0 0 2 2 4
980 338 0 0 2 1 3
980 338 0 0 2 1 3
981 309 0 0 2 1 3
981 309 0 0 2 1 3
982 302 0 0 2 1 3
982 302 0 0 2 1 3
983 269 0 0 2 1 3
983 269 0 0 2 1 3
984 259 0 0 2 1 3
984 259 0 0 2 1 3
985 220 0 0 2 2 4
985 220 0 0 2 2 4
986 203 0 0 2 2 4
986 203 0 0 2 2 4
987 197 0 0 2 2 4
987 197 0 0 2 2 4
988 168 0 0 1 2 3
988 168 0 0 1 2 3
989 163 0 0 1 2 3
989 163 0 0 1 2 3
990 165 0 0 1 2 3
990 165 0 0 1 2 3
991 176 0 0 2 3 5
991 176 0 0 2 3 5
992 173 0 0 2 3 5
992 173 0 0 2 3 5
993 159 0 0 1 2 3
993 159 0 0 1 2 3
994 186 0 0 2 2 4
994 186 0 0 2 2 4
995 151 0 0 1 3 4
995 151 0 0 1 3 4
996 171 0 0 2 4 6
996 171 0 0 2 4 6
997 180 0 0 1 3 4
997 180 0 0 1 3 4
998 201 0 0 2 3 5
998 201 0 0 2 3 5
999 183 0 0 1 3 4
999 183 0 0 1 3 4
1000 177 0 0 1 3 4
1000 177 0 0 1 3 4
1001 185 0 0 1 3 4
1001 185 0 0 1 3 4
1002 169 0 0 1 3 4
1002 169 0 0 1 3 4
1003 174 0 0 1 3 4
1003 174 0 0 1 3 4
1004 173 0 0 1 3 4
1004 173 0 0 1 3 4
1005 154 0 0 1 3 4
1005 154 0 0 1 3 4
1006 169 0 0 2 3 5
1006 169 0 0 2 3 5
1007 150 0 0 1 3 4
1007 150 0 0 1 3 4
1008 125 0 0 1 3 4
1008 125 0 0 1 3 4
1009 122 0 0 1 3 4
1009 122 0 0 1 3 4
1010 145 0 0 1 3 4
1010 145 0 0 1 3 4
1011 153 0 0 1 3 4
1011 153 0 0 1 3 4
1012 164 0 0 1 3 4
1012 164 0 0 1 3 4
1013 169 0 0 1 3 5
1013 169 0 0 1 3 5
1014 153 0 0 1 3 4
1014 153 0 0 1 3 4
1015 97 0 0 1 5 6
1015 97 0 0 1 5 6
1016 152 0 0 1 4 5
1016 152 0 0 1 4 5
1017 127 0 0 1 4 5
1017 127 0 0 1 4 5
1018 128 0 0 1 4 5
1018 128 0 0 1 4 5
1019 120 0 0 1 4 5
1019 120 0 0 1 4 5
1020 137 0 0 1 4 5
1020 137 0 0 1 4 5
