frame_id dynamic_keypoints dynamic_map_points suppressed_map_points dynamic_objects static_objects total_objects
1 274 0 0 2 4 6
1 274 0 0 2 4 6
2 255 0 0 2 4 6
2 255 0 0 2 4 6
3 225 0 0 2 5 7
3 225 0 0 2 5 7
4 262 0 0 2 3 5
4 262 0 0 2 3 5
5 338 0 0 2 2 4
5 338 0 0 2 2 4
6 397 0 0 2 0 2
6 397 0 0 2 0 2
7 385 0 0 2 1 3
7 385 0 0 2 1 3
8 260 0 0 2 4 6
8 260 0 0 2 4 6
9 245 0 0 2 4 6
9 245 0 0 2 4 6
10 253 0 0 2 4 6
10 253 0 0 2 4 6
11 251 0 0 2 3 5
11 251 0 0 2 3 5
12 198 0 0 2 5 7
12 198 0 0 2 5 7
13 264 0 0 2 4 6
13 264 0 0 2 4 6
14 291 0 0 2 3 5
14 291 0 0 2 3 5
15 320 0 0 2 2 4
15 320 0 0 2 2 4
16 306 0 0 2 2 4
16 306 0 0 2 2 4
17 394 0 0 2 1 3
17 394 0 0 2 1 3
18 347 0 0 2 1 3
18 347 0 0 2 1 3
19 389 0 0 2 1 3
19 389 0 0 2 1 3
20 405 0 0 2 1 3
20 405 0 0 2 1 3
21 353 0 0 2 2 4
21 353 0 0 2 2 4
22 353 0 0 2 2 4
22 353 0 0 2 2 4
23 354 0 0 2 3 5
23 354 0 0 2 3 5
24 384 0 0 2 3 5
24 384 0 0 2 3 5
25 507 0 0 2 3 5
25 507 0 0 2 3 5
26 557 0 0 2 3 5
26 557 0 0 2 3 5
27 469 0 0 2 4 6
27 469 0 0 2 4 6
28 460 0 0 2 4 6
28 460 0 0 2 4 6
29 486 0 0 2 4 6
29 486 0 0 2 4 6
30 537 0 0 2 2 4
30 537 0 0 2 2 4
31 504 0 0 2 2 4
31 504 0 0 2 2 4
32 472 0 0 2 2 4
32 472 0 0 2 2 4
33 494 0 0 2 3 5
33 494 0 0 2 3 5
34 482 0 0 2 1 3
34 482 0 0 2 1 3
35 452 0 0 2 3 5
35 452 0 0 2 3 5
36 459 0 0 2 3 5
36 459 0 0 2 3 5
37 499 0 0 2 2 4
37 499 0 0 2 2 4
38 483 0 0 2 1 3
38 483 0 0 2 1 3
39 434 0 0 2 1 3
39 434 0 0 2 1 3
40 460 0 0 2 1 3
40 460 0 0 2 1 3
41 447 0 0 2 1 3
41 447 0 0 2 1 3
42 421 0 0 2 1 4
42 421 0 0 2 1 4
43 420 0 0 2 1 4
43 420 0 0 2 1 4
44 389 0 0 2 1 3
44 389 0 0 2 1 3
45 346 0 0 1 2 3
45 346 0 0 1 2 3
46 337 0 0 1 1 2
46 337 0 0 1 1 2
47 351 0 0 1 2 3
47 351 0 0 1 2 3
48 304 0 0 1 2 3
48 304 0 0 1 2 3
49 286 0 0 1 1 2
49 286 0 0 1 1 2
50 320 0 0 1 1 2
50 320 0 0 1 1 2
51 328 0 0 1 3 4
51 328 0 0 1 3 4
52 293 0 0 1 2 3
52 293 0 0 1 2 3
53 311 0 0 1 3 4
53 311 0 0 1 3 4
54 350 0 0 1 2 3
54 350 0 0 1 2 3
55 368 0 0 2 1 3
55 368 0 0 2 1 3
56 369 0 0 2 2 4
56 369 0 0 2 2 4
57 397 0 0 2 2 4
57 397 0 0 2 2 4
58 441 0 0 2 3 5
58 441 0 0 2 3 5
59 449 0 0 2 2 4
59 449 0 0 2 2 4
60 475 0 0 2 2 4
60 475 0 0 2 2 4
61 519 0 0 2 1 3
61 519 0 0 2 1 3
62 500 0 0 2 1 3
62 500 0 0 2 1 3
63 496 0 0 2 1 3
63 496 0 0 2 1 3
64 546 0 0 2 1 3
64 546 0 0 2 1 3
65 563 0 0 2 1 3
65 563 0 0 2 1 3
66 588 0 0 2 2 4
66 588 0 0 2 2 4
67 588 0 0 2 1 3
67 588 0 0 2 1 3
68 666 0 0 2 1 3
68 666 0 0 2 1 3
69 609 0 0 2 1 3
69 609 0 0 2 1 3
70 621 0 0 2 1 3
70 621 0 0 2 1 3
71 665 0 0 2 1 3
71 665 0 0 2 1 3
72 635 0 0 2 1 3
72 635 0 0 2 1 3
105 228 0 10 1 2 3
106 228 0 7 1 3 4
106 228 0 0 1 3 4
107 223 0 0 1 3 4
107 223 0 0 1 3 4
108 188 0 0 1 3 4
108 188 0 0 1 3 4
109 196 0 0 1 4 5
109 196 0 0 1 4 5
110 238 0 0 1 4 5
110 238 0 0 1 4 5
111 198 0 0 1 3 4
111 198 0 0 1 3 4
112 235 0 0 1 3 4
112 235 0 0 1 3 4
113 222 0 0 1 2 3
113 222 0 0 1 2 3
114 255 0 0 1 2 3
114 255 0 0 1 2 3
115 297 0 0 1 1 2
115 297 0 0 1 1 2
116 290 0 0 1 2 3
116 290 0 0 1 2 3
117 281 0 0 1 1 2
117 281 0 0 1 1 2
118 272 0 0 1 1 2
118 272 0 0 1 1 2
119 236 0 0 1 3 4
119 236 0 0 1 3 4
120 208 0 0 1 3 4
120 208 0 0 1 3 4
121 222 0 0 1 1 2
121 222 0 0 1 1 2
122 187 0 0 1 1 2
122 187 0 0 1 1 2
123 173 0 0 1 2 4
123 173 0 0 1 2 4
124 130 0 0 1 3 5
124 130 0 0 1 3 5
125 89 0 0 1 4 5
125 89 0 0 1 4 5
126 72 0 0 1 4 5
126 72 0 0 1 4 5
127 70 0 0 1 3 4
127 70 0 0 1 3 4
128 76 0 0 1 2 3
128 76 0 0 1 2 3
129 66 0 0 1 2 3
129 66 0 0 1 2 3
130 53 0 0 1 2 3
130 53 0 0 1 2 3
131 40 0 0 1 2 3
131 40 0 0 1 2 3
132 39 0 0 1 2 3
132 39 0 0 1 2 3
133 26 0 0 1 3 4
133 26 0 0 1 3 4
134 27 0 0 1 4 5
134 27 0 0 1 4 5
135 19 0 0 1 3 4
135 19 0 0 1 3 4
136 0 0 0 0 4 4
136 0 0 0 0 4 4
137 0 0 0 0 4 4
137 0 0 0 0 4 4
138 0 0 0 0 4 4
138 0 0 0 0 4 4
139 0 0 0 0 2 2
139 0 0 0 0 2 2
140 0 0 0 0 2 2
140 0 0 0 0 2 2
141 0 0 0 0 2 2
141 0 0 0 0 2 2
142 0 0 0 0 2 2
142 0 0 0 0 2 2
143 0 0 0 0 2 2
143 0 0 0 0 2 2
144 0 0 0 0 2 2
144 0 0 0 0 2 2
145 0 0 0 0 2 2
145 0 0 0 0 2 2
146 0 0 0 0 2 2
146 0 0 0 0 2 2
147 0 0 0 0 2 2
147 0 0 0 0 2 2
148 0 0 0 0 2 2
148 0 0 0 0 2 2
149 0 0 0 0 2 2
149 0 0 0 0 2 2
150 0 0 0 0 4 4
150 0 0 0 0 4 4
151 0 0 0 0 3 4
151 0 0 0 0 3 4
152 0 0 0 0 3 3
152 0 0 0 0 3 3
153 0 0 0 0 3 3
153 0 0 0 0 3 3
154 0 0 0 0 3 3
154 0 0 0 0 3 3
155 0 0 0 0 2 2
155 0 0 0 0 2 2
156 0 0 0 0 2 2
156 0 0 0 0 2 2
157 0 0 0 0 2 2
157 0 0 0 0 2 2
158 0 0 0 0 2 2
158 0 0 0 0 2 2
159 20 0 0 1 2 3
159 20 0 0 1 2 3
160 36 0 0 1 2 3
160 36 0 0 1 2 3
161 43 0 0 1 2 3
161 43 0 0 1 2 3
162 53 0 0 1 2 3
162 53 0 0 1 2 3
163 50 0 0 1 2 3
163 50 0 0 1 2 3
164 70 0 0 1 2 3
164 70 0 0 1 2 3
165 83 0 0 1 2 3
165 83 0 0 1 2 3
166 66 0 0 1 2 3
166 66 0 0 1 2 3
167 73 0 0 1 2 4
167 73 0 0 1 2 4
168 94 0 0 1 2 3
168 94 0 0 1 2 3
169 111 0 0 1 2 3
169 111 0 0 1 2 3
170 118 0 0 1 3 5
170 118 0 0 1 3 5
171 140 0 0 1 2 3
171 140 0 0 1 2 3
172 76 0 0 1 3 4
172 76 0 0 1 3 4
173 71 0 0 1 3 4
173 71 0 0 1 3 4
174 68 0 0 1 2 3
174 68 0 0 1 2 3
175 58 0 0 1 3 4
175 58 0 0 1 3 4
176 85 0 0 2 3 5
176 85 0 0 2 3 5
177 103 0 0 1 3 4
177 103 0 0 1 3 4
178 67 0 0 1 3 5
178 67 0 0 1 3 5
179 113 0 0 2 2 4
179 113 0 0 2 2 4
180 90 0 0 1 3 5
180 90 0 0 1 3 5
181 74 0 0 1 3 5
181 74 0 0 1 3 5
182 73 0 0 2 3 5
182 73 0 0 2 3 5
183 47 0 0 1 3 4
183 47 0 0 1 3 4
184 35 0 0 1 3 4
184 35 0 0 1 3 4
185 28 0 0 1 3 4
185 28 0 0 1 3 4
186 31 0 0 1 4 5
186 31 0 0 1 4 5
187 42 0 0 1 3 4
187 42 0 0 1 3 4
188 43 0 0 1 2 4
188 43 0 0 1 2 4
189 35 0 0 1 2 3
189 35 0 0 1 2 3
190 31 0 0 1 2 3
190 31 0 0 1 2 3
191 40 0 0 1 3 4
191 40 0 0 1 3 4
192 32 0 0 1 2 3
192 32 0 0 1 2 3
193 22 0 0 1 2 3
193 22 0 0 1 2 3
194 20 0 0 1 2 3
194 20 0 0 1 2 3
195 16 0 0 1 2 4
195 16 0 0 1 2 4
196 19 0 0 1 3 4
196 19 0 0 1 3 4
197 0 0 0 0 4 4
197 0 0 0 0 4 4
198 0 0 0 0 4 4
198 0 0 0 0 4 4
199 0 0 0 0 2 3
199 0 0 0 0 2 3
200 0 0 0 0 2 2
200 0 0 0 0 2 2
201 0 0 0 0 3 4
201 0 0 0 0 3 4
202 0 0 0 0 2 2
202 0 0 0 0 2 2
203 0 0 0 0 3 3
203 0 0 0 0 3 3
204 0 0 0 0 3 3
204 0 0 0 0 3 3
205 0 0 0 0 2 2
205 0 0 0 0 2 2
206 0 0 0 0 2 2
206 0 0 0 0 2 2
207 0 0 0 0 2 2
207 0 0 0 0 2 2
208 5 0 0 1 2 3
208 5 0 0 1 2 3
209 0 0 0 0 2 2
209 0 0 0 0 2 2
210 0 0 0 0 2 2
210 0 0 0 0 2 2
211 0 0 0 0 2 2
211 0 0 0 0 2 2
212 0 0 0 0 2 2
212 0 0 0 0 2 2
213 0 0 0 0 2 2
213 0 0 0 0 2 2
214 0 0 0 0 2 2
214 0 0 0 0 2 2
215 0 0 0 0 3 3
215 0 0 0 0 3 3
216 0 0 0 0 3 3
216 0 0 0 0 3 3
217 0 0 0 0 3 3
217 0 0 0 0 3 3
218 51 0 0 1 3 4
218 51 0 0 1 3 4
219 70 0 0 1 3 4
219 70 0 0 1 3 4
220 153 0 0 2 3 5
220 153 0 0 2 3 5
221 205 0 0 1 2 3
221 205 0 0 1 2 3
222 272 0 0 1 2 3
222 272 0 0 1 2 3
223 458 0 0 1 2 3
223 458 0 0 1 2 3
224 388 0 0 1 2 3
224 388 0 0 1 2 3
225 450 0 0 1 2 3
225 450 0 0 1 2 3
226 511 0 0 1 3 4
226 511 0 0 1 3 4
227 501 0 0 1 2 3
227 501 0 0 1 2 3
228 512 0 0 1 2 3
228 512 0 0 1 2 3
229 489 0 0 1 3 4
229 489 0 0 1 3 4
230 512 0 0 2 2 4
230 512 0 0 2 2 4
231 478 0 0 2 2 4
231 478 0 0 2 2 4
232 507 0 0 2 2 4
232 507 0 0 2 2 4
233 520 0 0 1 2 3
233 520 0 0 1 2 3
234 510 0 0 2 1 3
234 510 0 0 2 1 3
235 496 0 0 2 2 4
235 496 0 0 2 2 4
236 470 0 0 1 2 3
236 470 0 0 1 2 3
237 479 0 0 1 1 2
237 479 0 0 1 1 2
238 485 0 0 1 1 2
238 485 0 0 1 1 2
239 486 0 0 1 1 2
239 486 0 0 1 1 2
240 466 0 0 1 1 2
240 466 0 0 1 1 2
241 495 0 0 1 1 2
241 495 0 0 1 1 2
242 478 0 0 1 1 2
242 478 0 0 1 1 2
243 295 0 0 1 2 3
243 295 0 0 1 2 3
244 355 0 0 1 1 2
244 355 0 0 1 1 2
245 360 0 0 1 1 2
245 360 0 0 1 1 2
246 313 0 0 1 1 2
246 313 0 0 1 1 2
247 259 0 0 1 1 4
247 259 0 0 1 1 4
248 292 0 0 1 1 3
248 292 0 0 1 1 3
249 281 0 0 1 1 2
249 281 0 0 1 1 2
250 252 0 0 1 1 2
250 252 0 0 1 1 2
251 240 0 0 1 1 2
251 240 0 0 1 1 2
252 276 0 0 1 1 2
252 276 0 0 1 1 2
253 280 0 0 1 1 3
253 280 0 0 1 1 3
254 231 0 0 1 3 7
254 231 0 0 1 3 7
255 228 0 0 1 3 5
255 228 0 0 1 3 5
256 190 0 0 1 2 5
256 190 0 0 1 2 5
257 175 0 0 1 3 6
257 175 0 0 1 3 6
258 189 0 0 1 4 6
258 189 0 0 1 4 6
259 160 0 0 1 3 6
259 160 0 0 1 3 6
260 203 0 0 1 2 4
260 203 0 0 1 2 4
261 208 0 0 1 2 4
261 208 0 0 1 2 4
262 216 0 0 1 2 3
262 216 0 0 1 2 3
263 222 0 0 1 2 3
263 222 0 0 1 2 3
264 218 0 0 1 2 4
264 218 0 0 1 2 4
265 232 0 0 1 2 3
265 232 0 0 1 2 3
266 246 0 0 1 2 5
266 246 0 0 1 2 5
267 235 0 0 1 2 4
267 235 0 0 1 2 4
268 226 0 0 1 2 4
268 226 0 0 1 2 4
269 261 0 0 1 2 4
269 261 0 0 1 2 4
270 237 0 0 1 2 3
270 237 0 0 1 2 3
271 235 0 0 1 2 3
271 235 0 0 1 2 3
272 209 0 0 1 2 4
272 209 0 0 1 2 4
273 208 0 0 1 2 4
273 208 0 0 1 2 4
274 206 0 0 1 2 4
274 206 0 0 1 2 4
275 193 0 0 1 2 3
275 193 0 0 1 2 3
276 181 0 0 1 2 3
276 181 0 0 1 2 3
277 193 0 0 1 2 4
277 193 0 0 1 2 4
278 178 0 0 1 2 4
278 178 0 0 1 2 4
279 192 0 0 1 2 4
279 192 0 0 1 2 4
280 179 0 0 1 2 5
280 179 0 0 1 2 5
281 185 0 0 1 2 4
281 185 0 0 1 2 4
282 184 0 0 1 2 3
282 184 0 0 1 2 3
283 172 0 0 1 2 4
283 172 0 0 1 2 4
284 167 0 0 1 2 5
284 167 0 0 1 2 5
285 176 0 0 1 2 4
285 176 0 0 1 2 4
286 195 0 0 1 2 5
286 195 0 0 1 2 5
287 178 0 0 1 2 5
287 178 0 0 1 2 5
288 172 0 0 1 3 7
288 172 0 0 1 3 7
289 160 0 0 1 3 6
289 160 0 0 1 3 6
290 184 0 0 1 3 6
290 184 0 0 1 3 6
291 161 0 0 1 4 7
291 161 0 0 1 4 7
292 173 0 0 1 4 7
292 173 0 0 1 4 7
293 169 0 0 1 3 6
293 169 0 0 1 3 6
294 166 0 0 1 4 7
294 166 0 0 1 4 7
295 141 0 0 1 4 6
295 141 0 0 1 4 6
296 144 0 0 1 4 6
296 144 0 0 1 4 6
297 151 0 0 1 4 7
297 151 0 0 1 4 7
298 181 0 0 1 4 7
298 181 0 0 1 4 7
299 199 0 0 1 4 7
299 199 0 0 1 4 7
300 235 0 0 1 3 6
300 235 0 0 1 3 6
301 233 0 0 1 4 7
301 233 0 0 1 4 7
302 216 0 0 1 3 6
302 216 0 0 1 3 6
303 221 0 0 1 3 6
303 221 0 0 1 3 6
304 223 0 0 1 4 6
304 223 0 0 1 4 6
305 228 0 0 1 4 7
305 228 0 0 1 4 7
306 230 0 0 1 4 6
306 230 0 0 1 4 6
307 237 0 0 1 4 6
307 237 0 0 1 4 6
308 211 0 0 1 4 7
308 211 0 0 1 4 7
309 190 0 0 1 4 7
309 190 0 0 1 4 7
310 198 0 0 1 4 5
310 198 0 0 1 4 5
311 235 0 0 1 2 3
311 235 0 0 1 2 3
312 214 0 0 1 4 6
312 214 0 0 1 4 6
313 259 0 0 1 3 5
313 259 0 0 1 3 5
314 237 0 0 1 4 7
314 237 0 0 1 4 7
315 251 0 0 1 4 7
315 251 0 0 1 4 7
316 232 0 0 1 4 6
316 232 0 0 1 4 6
317 274 0 0 1 3 4
317 274 0 0 1 3 4
318 255 0 0 1 3 5
318 255 0 0 1 3 5
319 251 0 0 1 3 4
319 251 0 0 1 3 4
320 232 0 0 1 3 4
320 232 0 0 1 3 4
321 194 0 0 1 3 4
321 194 0 0 1 3 4
322 193 0 0 1 3 4
322 193 0 0 1 3 4
323 190 0 0 1 4 5
323 190 0 0 1 4 5
324 159 0 0 1 4 6
324 159 0 0 1 4 6
325 163 0 0 1 4 5
325 163 0 0 1 4 5
326 140 0 0 1 3 4
326 140 0 0 1 3 4
327 131 0 0 1 3 4
327 131 0 0 1 3 4
328 123 0 0 1 3 4
328 123 0 0 1 3 4
329 137 0 0 1 3 4
329 137 0 0 1 3 4
330 149 0 0 1 3 5
330 149 0 0 1 3 5
331 113 0 0 1 4 6
331 113 0 0 1 4 6
332 111 0 0 1 3 4
332 111 0 0 1 3 4
333 88 0 0 1 3 4
333 88 0 0 1 3 4
334 64 0 0 1 3 4
334 64 0 0 1 3 4
335 63 0 0 1 4 5
335 63 0 0 1 4 5
336 60 0 0 1 4 5
336 60 0 0 1 4 5
337 45 0 0 1 5 6
337 45 0 0 1 5 6
338 55 0 0 1 3 4
338 55 0 0 1 3 4
339 41 0 0 1 3 4
339 41 0 0 1 3 4
340 37 0 0 1 4 5
340 37 0 0 1 4 5
341 45 0 0 1 3 4
341 45 0 0 1 3 4
342 61 0 0 1 3 4
342 61 0 0 1 3 4
343 28 0 0 1 4 5
343 28 0 0 1 4 5
344 91 0 0 1 3 4
344 91 0 0 1 3 4
345 102 0 0 1 5 6
345 102 0 0 1 5 6
346 71 0 0 1 3 4
346 71 0 0 1 3 4
347 126 0 0 1 3 5
347 126 0 0 1 3 5
348 65 0 0 1 3 4
348 65 0 0 1 3 4
349 55 0 0 1 3 4
349 55 0 0 1 3 4
350 74 0 0 1 3 4
350 74 0 0 1 3 4
351 29 0 0 1 4 6
351 29 0 0 1 4 6
352 28 0 0 1 4 5
352 28 0 0 1 4 5
353 30 0 0 1 4 5
353 30 0 0 1 4 5
354 31 0 0 1 5 6
354 31 0 0 1 5 6
355 29 0 0 1 5 6
355 29 0 0 1 5 6
356 40 0 0 1 6 7
356 40 0 0 1 6 7
357 38 0 0 1 4 5
357 38 0 0 1 4 5
358 37 0 0 1 5 6
358 37 0 0 1 5 6
359 43 0 0 1 5 6
359 43 0 0 1 5 6
360 0 0 0 0 5 5
360 0 0 0 0 5 5
361 0 0 0 0 5 5
361 0 0 0 0 5 5
362 0 0 0 0 5 5
362 0 0 0 0 5 5
363 0 0 0 0 5 5
363 0 0 0 0 5 5
364 0 0 0 0 5 5
364 0 0 0 0 5 5
365 0 0 0 0 5 5
365 0 0 0 0 5 5
366 0 0 0 0 4 4
366 0 0 0 0 4 4
367 0 0 0 0 5 5
367 0 0 0 0 5 5
368 10 0 0 1 5 6
368 10 0 0 1 5 6
369 12 0 0 1 4 5
369 12 0 0 1 4 5
370 9 0 0 1 4 5
370 9 0 0 1 4 5
371 4 0 0 1 4 5
371 4 0 0 1 4 5
372 0 0 0 0 4 4
372 0 0 0 0 4 4
373 0 0 0 0 5 5
373 0 0 0 0 5 5
374 4 0 0 1 5 6
374 4 0 0 1 5 6
375 4 0 0 1 4 5
375 4 0 0 1 4 5
376 0 0 0 0 4 4
376 0 0 0 0 4 4
377 0 0 0 1 4 5
377 0 0 0 1 4 5
378 0 0 0 1 4 5
378 0 0 0 1 4 5
379 0 0 0 1 5 6
379 0 0 0 1 5 6
380 0 0 0 0 4 5
380 0 0 0 0 4 5
381 0 0 0 0 4 4
381 0 0 0 0 4 4
382 0 0 0 0 4 5
382 0 0 0 0 4 5
383 6 0 0 1 4 6
383 6 0 0 1 4 6
384 0 0 0 0 5 5
384 0 0 0 0 5 5
385 0 0 0 0 5 5
385 0 0 0 0 5 5
386 0 0 0 0 4 4
386 0 0 0 0 4 4
387 0 0 0 0 4 4
387 0 0 0 0 4 4
388 0 0 0 0 5 5
388 0 0 0 0 5 5
389 0 0 0 0 5 5
389 0 0 0 0 5 5
390 0 0 0 0 5 5
390 0 0 0 0 5 5
391 0 0 0 0 5 5
391 0 0 0 0 5 5
392 0 0 0 0 5 5
392 0 0 0 0 5 5
393 0 0 0 0 5 5
393 0 0 0 0 5 5
394 0 0 0 0 5 5
394 0 0 0 0 5 5
395 0 0 0 0 5 5
395 0 0 0 0 5 5
396 0 0 0 0 5 5
396 0 0 0 0 5 5
397 0 0 0 0 4 4
397 0 0 0 0 4 4
398 0 0 0 0 5 5
398 0 0 0 0 5 5
399 0 0 0 0 5 5
399 0 0 0 0 5 5
400 0 0 0 0 5 5
400 0 0 0 0 5 5
401 0 0 0 0 5 5
401 0 0 0 0 5 5
402 0 0 0 0 5 6
402 0 0 0 0 5 6
403 0 0 0 0 5 5
403 0 0 0 0 5 5
404 0 0 0 0 5 5
404 0 0 0 0 5 5
405 0 0 0 0 5 5
405 0 0 0 0 5 5
406 0 0 0 0 5 5
406 0 0 0 0 5 5
407 0 0 0 0 5 5
407 0 0 0 0 5 5
408 0 0 0 0 5 5
408 0 0 0 0 5 5
409 0 0 0 0 5 5
409 0 0 0 0 5 5
410 0 0 0 0 5 5
410 0 0 0 0 5 5
411 0 0 0 0 5 5
411 0 0 0 0 5 5
412 0 0 0 0 5 5
412 0 0 0 0 5 5
413 0 0 0 0 5 5
413 0 0 0 0 5 5
414 0 0 0 0 5 5
414 0 0 0 0 5 5
415 0 0 0 0 5 5
415 0 0 0 0 5 5
416 0 0 0 0 5 5
416 0 0 0 0 5 5
417 0 0 0 0 4 4
417 0 0 0 0 4 4
418 0 0 0 0 4 4
418 0 0 0 0 4 4
419 321 0 0 1 4 5
419 321 0 0 1 4 5
420 317 0 0 1 4 5
420 317 0 0 1 4 5
421 347 0 0 1 3 4
421 347 0 0 1 3 4
422 359 0 0 1 3 4
422 359 0 0 1 3 4
423 388 0 0 1 3 4
423 388 0 0 1 3 4
424 380 0 0 1 3 4
424 380 0 0 1 3 4
425 387 0 0 1 3 4
425 387 0 0 1 3 4
426 387 0 0 1 3 4
426 387 0 0 1 3 4
427 377 0 0 1 3 4
427 377 0 0 1 3 4
428 388 0 0 1 3 4
428 388 0 0 1 3 4
429 365 0 0 1 3 4
429 365 0 0 1 3 4
430 373 0 0 1 3 4
430 373 0 0 1 3 4
431 282 0 0 1 4 5
431 282 0 0 1 4 5
432 356 0 0 1 4 5
432 356 0 0 1 4 5
433 367 0 0 1 4 5
433 367 0 0 1 4 5
434 355 0 0 1 4 5
434 355 0 0 1 4 5
435 330 0 0 1 3 4
435 330 0 0 1 3 4
436 383 0 0 1 3 4
436 383 0 0 1 3 4
437 428 0 0 1 3 4
437 428 0 0 1 3 4
438 378 0 0 1 3 4
438 378 0 0 1 3 4
439 350 0 0 1 3 4
439 350 0 0 1 3 4
440 360 0 0 1 3 4
440 360 0 0 1 3 4
441 319 0 0 1 3 4
441 319 0 0 1 3 4
442 305 0 0 1 2 3
442 305 0 0 1 2 3
443 317 0 0 1 2 3
443 317 0 0 1 2 3
444 321 0 0 1 3 4
444 321 0 0 1 3 4
445 316 0 0 1 3 4
445 316 0 0 1 3 4
446 416 0 0 1 1 2
446 416 0 0 1 1 2
447 462 0 0 1 1 2
447 462 0 0 1 1 2
448 505 0 0 1 1 2
448 505 0 0 1 1 2
449 592 0 0 1 2 3
449 592 0 0 1 2 3
450 555 0 0 1 3 4
450 555 0 0 1 3 4
451 561 0 0 1 2 3
451 561 0 0 1 2 3
452 576 0 0 1 3 4
452 576 0 0 1 3 4
453 587 0 0 1 3 4
453 587 0 0 1 3 4
454 582 0 0 1 2 4
454 582 0 0 1 2 4
455 572 0 0 1 2 4
455 572 0 0 1 2 4
456 602 0 0 1 2 4
456 602 0 0 1 2 4
457 562 0 0 1 2 4
457 562 0 0 1 2 4
458 571 0 0 1 2 4
458 571 0 0 1 2 4
459 552 0 0 1 2 4
459 552 0 0 1 2 4
460 515 0 0 1 2 4
460 515 0 0 1 2 4
461 520 0 0 1 2 4
461 520 0 0 1 2 4
462 542 0 0 1 2 3
462 542 0 0 1 2 3
463 499 0 0 1 2 3
463 499 0 0 1 2 3
464 493 0 0 1 2 3
464 493 0 0 1 2 3
465 489 0 0 1 2 4
465 489 0 0 1 2 4
466 487 0 0 1 2 4
466 487 0 0 1 2 4
467 500 0 0 1 2 6
467 500 0 0 1 2 6
468 484 0 0 1 2 5
468 484 0 0 1 2 5
469 511 0 0 1 2 5
469 511 0 0 1 2 5
470 516 0 0 1 2 5
470 516 0 0 1 2 5
471 532 0 0 1 2 5
471 532 0 0 1 2 5
472 523 0 0 1 2 4
472 523 0 0 1 2 4
473 543 0 0 1 2 4
473 543 0 0 1 2 4
474 528 0 0 1 2 3
474 528 0 0 1 2 3
475 562 0 0 1 2 3
475 562 0 0 1 2 3
476 477 0 0 1 2 3
476 477 0 0 1 2 3
477 491 0 0 1 2 5
477 491 0 0 1 2 5
478 499 0 0 1 2 4
478 499 0 0 1 2 4
479 501 0 0 1 2 4
479 501 0 0 1 2 4
480 434 0 0 1 3 5
480 434 0 0 1 3 5
481 410 0 0 1 3 5
481 410 0 0 1 3 5
482 367 0 0 1 3 5
482 367 0 0 1 3 5
483 360 0 0 1 3 5
483 360 0 0 1 3 5
484 350 0 0 1 3 5
484 350 0 0 1 3 5
485 343 0 0 1 3 5
485 343 0 0 1 3 5
486 350 0 0 1 3 5
486 350 0 0 1 3 5
487 341 0 0 1 3 5
487 341 0 0 1 3 5
488 353 0 0 1 3 5
488 353 0 0 1 3 5
489 341 0 0 1 3 5
489 341 0 0 1 3 5
490 382 0 0 1 3 5
490 382 0 0 1 3 5
491 433 0 0 1 2 4
491 433 0 0 1 2 4
492 378 0 0 1 3 5
492 378 0 0 1 3 5
493 409 0 0 1 3 5
493 409 0 0 1 3 5
494 401 0 0 1 3 5
494 401 0 0 1 3 5
495 409 0 0 1 3 5
495 409 0 0 1 3 5
496 435 0 0 1 3 5
496 435 0 0 1 3 5
497 427 0 0 1 3 5
497 427 0 0 1 3 5
498 397 0 0 1 3 4
498 397 0 0 1 3 4
499 377 0 0 1 3 5
499 377 0 0 1 3 5
500 445 0 0 1 3 5
500 445 0 0 1 3 5
501 388 0 0 1 3 5
501 388 0 0 1 3 5
502 402 0 0 1 3 5
502 402 0 0 1 3 5
503 420 0 0 1 3 5
503 420 0 0 1 3 5
504 455 0 0 1 3 6
504 455 0 0 1 3 6
505 430 0 0 1 3 6
505 430 0 0 1 3 6
506 371 0 0 1 3 5
506 371 0 0 1 3 5
507 348 0 0 1 3 5
507 348 0 0 1 3 5
508 400 0 0 1 3 5
508 400 0 0 1 3 5
509 365 0 0 1 3 5
509 365 0 0 1 3 5
510 338 0 0 1 3 5
510 338 0 0 1 3 5
511 338 0 0 2 3 6
511 338 0 0 2 3 6
512 336 0 0 1 3 4
512 336 0 0 1 3 4
513 308 0 0 1 3 5
513 308 0 0 1 3 5
514 309 0 0 1 3 4
514 309 0 0 1 3 4
515 191 0 0 1 4 5
515 191 0 0 1 4 5
516 158 0 0 1 4 6
516 158 0 0 1 4 6
517 260 0 0 1 3 5
517 260 0 0 1 3 5
518 228 0 0 1 3 4
518 228 0 0 1 3 4
519 239 0 0 1 3 4
519 239 0 0 1 3 4
520 267 0 0 1 3 4
520 267 0 0 1 3 4
521 259 0 0 1 3 5
521 259 0 0 1 3 5
522 237 0 0 1 3 4
522 237 0 0 1 3 4
523 250 0 0 1 3 4
523 250 0 0 1 3 4
524 277 0 0 1 3 4
524 277 0 0 1 3 4
525 252 0 0 1 3 4
525 252 0 0 1 3 4
526 247 0 0 1 3 4
526 247 0 0 1 3 4
527 262 0 0 1 3 4
527 262 0 0 1 3 4
528 279 0 0 1 3 4
528 279 0 0 1 3 4
529 327 0 0 1 3 5
529 327 0 0 1 3 5
530 425 0 0 1 2 3
530 425 0 0 1 2 3
531 453 0 0 1 4 6
531 453 0 0 1 4 6
532 537 0 0 1 4 5
532 537 0 0 1 4 5
533 556 0 0 1 3 5
533 556 0 0 1 3 5
534 571 0 0 1 3 4
534 571 0 0 1 3 4
535 575 0 0 1 3 4
535 575 0 0 1 3 4
536 554 0 0 1 3 4
536 554 0 0 1 3 4
537 639 0 0 2 3 5
537 639 0 0 2 3 5
538 671 0 0 2 2 5
538 671 0 0 2 2 5
539 656 0 0 2 2 4
539 656 0 0 2 2 4
774 0 0 0 0 1 1
779 0 0 0 0 1 1
780 0 0 0 0 1 1
780 0 0 0 0 1 1
781 163 0 0 1 1 2
781 163 0 0 1 1 2
782 178 0 0 1 1 2
782 178 0 0 1 1 2
783 185 0 0 1 1 2
783 185 0 0 1 1 2
784 151 0 0 1 1 2
784 151 0 0 1 1 2
785 0 0 0 0 1 1
785 0 0 0 0 1 1
786 0 0 0 0 1 1
786 0 0 0 0 1 1
787 0 0 0 0 1 1
787 0 0 0 0 1 1
788 0 0 0 0 1 1
788 0 0 0 0 1 1
789 0 0 0 0 1 1
789 0 0 0 0 1 1
790 52 0 0 1 3 4
790 52 0 0 1 3 4
791 0 0 0 0 2 2
791 0 0 0 0 2 2
792 0 0 0 0 2 2
792 0 0 0 0 2 2
793 0 0 0 0 3 3
793 0 0 0 0 3 3
794 67 0 0 1 2 3
794 67 0 0 1 2 3
795 0 0 0 0 2 2
795 0 0 0 0 2 2
796 0 0 0 0 1 1
796 0 0 0 0 1 1
797 0 0 0 0 1 1
797 0 0 0 0 1 1
798 0 0 0 0 1 1
798 0 0 0 0 1 1
799 0 0 0 0 1 1
799 0 0 0 0 1 1
800 81 0 0 1 1 2
800 81 0 0 1 1 2
801 0 0 0 0 1 1
801 0 0 0 0 1 1
802 0 0 0 0 1 1
802 0 0 0 0 1 1
803 0 0 0 0 1 1
803 0 0 0 0 1 1
804 0 0 0 0 1 1
804 0 0 0 0 1 1
805 0 0 0 0 0 0
805 0 0 0 0 0 0
806 0 0 0 0 1 1
806 0 0 0 0 1 1
807 413 0 0 1 1 2
807 413 0 0 1 1 2
808 0 0 1 0 1 1
827 139 0 3 1 2 3
828 138 0 3 1 2 3
828 138 0 0 1 2 3
829 143 0 0 1 2 3
829 143 0 0 1 2 3
830 140 0 0 1 2 3
830 140 0 0 1 2 3
831 122 0 0 1 2 3
831 122 0 0 1 2 3
832 141 0 0 1 1 2
832 141 0 0 1 1 2
833 137 0 0 1 1 2
833 137 0 0 1 1 2
834 134 0 0 1 1 2
834 134 0 0 1 1 2
835 172 0 0 2 1 3
835 172 0 0 2 1 3
836 193 0 0 2 1 4
836 193 0 0 2 1 4
869 95 0 5 1 0 1
874 90 0 3 1 1 2
875 88 0 1 1 1 2
875 88 0 0 1 1 2
876 71 0 0 1 1 2
876 71 0 0 1 1 2
877 43 0 0 1 1 2
877 43 0 0 1 1 2
878 55 0 0 1 1 2
878 55 0 0 1 1 2
879 64 0 0 1 0 1
879 64 0 0 1 0 1
880 0 0 0 0 0 0
880 0 0 0 0 0 0
881 0 0 0 0 0 0
881 0 0 0 0 0 0
882 0 0 0 0 0 0
882 0 0 0 0 0 0
883 0 0 0 0 0 0
883 0 0 0 0 0 0
884 0 0 0 0 1 1
884 0 0 0 0 1 1
885 0 0 0 0 1 1
885 0 0 0 0 1 1
886 0 0 0 0 0 0
886 0 0 0 0 0 0
887 0 0 0 0 1 1
887 0 0 0 0 1 1
888 0 0 0 0 1 1
888 0 0 0 0 1 1
889 0 0 0 0 1 1
889 0 0 0 0 1 1
890 0 0 0 0 1 1
890 0 0 0 0 1 1
891 0 0 0 0 1 1
891 0 0 0 0 1 1
892 0 0 0 0 0 0
892 0 0 0 0 0 0
893 0 0 0 0 0 0
893 0 0 0 0 0 0
894 0 0 0 0 1 1
894 0 0 0 0 1 1
895 0 0 0 0 1 1
895 0 0 0 0 1 1
896 0 0 0 0 0 0
896 0 0 0 0 0 0
897 0 0 0 0 0 0
897 0 0 0 0 0 0
898 0 0 0 0 0 0
898 0 0 0 0 0 0
899 0 0 0 0 1 1
899 0 0 0 0 1 1
900 0 0 0 0 1 1
904 0 0 0 0 1 1
905 0 0 0 0 1 1
905 0 0 0 0 1 1
906 0 0 0 0 1 2
906 0 0 0 0 1 2
907 0 0 0 0 1 1
907 0 0 0 0 1 1
908 122 0 0 1 0 2
908 122 0 0 1 0 2
909 119 0 0 1 1 2
909 119 0 0 1 1 2
910 128 0 0 1 1 2
910 128 0 0 1 1 2
911 0 0 0 0 1 1
911 0 0 0 0 1 1
912 117 0 0 1 1 2
912 117 0 0 1 1 2
913 118 0 0 1 1 2
913 118 0 0 1 1 2
914 137 0 0 1 1 2
914 137 0 0 1 1 2
915 123 0 0 1 1 2
915 123 0 0 1 1 2
916 128 0 0 1 1 2
916 128 0 0 1 1 2
917 136 0 0 1 1 2
917 136 0 0 1 1 2
918 118 0 0 1 1 2
918 118 0 0 1 1 2
919 131 0 0 1 1 2
919 131 0 0 1 1 2
920 146 0 0 1 1 2
920 146 0 0 1 1 2
921 154 0 0 1 1 2
921 154 0 0 1 1 2
922 128 0 0 1 1 2
922 128 0 0 1 1 2
923 140 0 0 1 1 2
923 140 0 0 1 1 2
924 154 0 0 1 1 2
962 355 0 0 1 4 5
964 365 0 0 1 4 6
969 319 0 0 1 3 4
970 369 0 2 2 3 5
970 369 0 0 2 3 5
971 361 0 0 2 3 5
971 361 0 0 2 3 5
972 341 0 0 2 3 5
972 341 0 0 2 3 5
973 361 0 0 2 2 4
973 361 0 0 2 2 4
974 398 0 0 2 2 4
974 398 0 0 2 2 4
975 447 0 0 2 1 3
975 447 0 0 2 1 3
976 426 0 0 2 2 4
976 426 0 0 2 2 4
977 394 0 0 2 2 4
977 394 0 0 2 2 4
978 382 0 0 2 2 4
978 382 0 0 2 2 4
979 357 0 0 2 2 4
979 357 0 0 2 2 4
980 343 0 0 2 1 3
980 343 0 0 2 1 3
981 312 0 0 2 1 3
981 312 0 0 2 1 3
982 300 0 0 2 1 3
982 300 0 0 2 1 3
983 269 0 0 2 1 3
983 269 0 0 2 1 3
984 257 0 0 2 1 3
984 257 0 0 2 1 3
985 214 0 0 2 2 4
985 214 0 0 2 2 4
986 200 0 0 2 2 4
986 200 0 0 2 2 4
987 197 0 0 2 2 4
987 197 0 0 2 2 4
988 168 0 0 1 2 3
988 168 0 0 1 2 3
989 163 0 0 1 2 3
989 163 0 0 1 2 3
990 165 0 0 1 2 3
990 165 0 0 1 2 3
991 180 0 0 2 3 5
991 180 0 0 2 3 5
992 175 0 0 2 3 5
992 175 0 0 2 3 5
993 162 0 0 1 2 3
993 162 0 0 1 2 3
994 188 0 0 2 2 4
994 188 0 0 2 2 4
995 152 0 0 1 3 4
995 152 0 0 1 3 4
996 171 0 0 2 4 6
996 171 0 0 2 4 6
997 180 0 0 1 3 4
997 180 0 0 1 3 4
998 200 0 0 2 3 5
998 200 0 0 2 3 5
999 183 0 0 1 3 4
999 183 0 0 1 3 4
1000 179 0 0 1 3 4
1000 179 0 0 1 3 4
1001 185 0 0 1 3 4
1001 185 0 0 1 3 4
1002 173 0 0 1 3 4
1002 173 0 0 1 3 4
1003 167 0 0 1 3 4
1003 167 0 0 1 3 4
1004 172 0 0 1 3 4
1004 172 0 0 1 3 4
1005 162 0 0 1 3 4
1005 162 0 0 1 3 4
1006 167 0 0 2 3 5
1006 167 0 0 2 3 5
1007 150 0 0 1 3 4
1007 150 0 0 1 3 4
1008 125 0 0 1 3 4
1008 125 0 0 1 3 4
1009 122 0 0 1 3 4
1009 122 0 0 1 3 4
1010 144 0 0 1 3 4
1010 144 0 0 1 3 4
1011 153 0 0 1 3 4
1011 153 0 0 1 3 4
1012 164 0 0 1 3 4
1012 164 0 0 1 3 4
1013 172 0 0 1 3 5
1013 172 0 0 1 3 5
1014 155 0 0 1 3 4
1014 155 0 0 1 3 4
1015 97 0 0 1 5 6
1015 97 0 0 1 5 6
1016 146 0 0 1 4 5
1016 146 0 0 1 4 5
1017 126 0 0 1 4 5
1017 126 0 0 1 4 5
1018 130 0 0 1 4 5
1018 130 0 0 1 4 5
1019 122 0 0 1 4 5
1019 122 0 0 1 4 5
1020 137 0 0 1 4 5
1020 137 0 0 1 4 5
