1548339819.874260 0.000000000 0.000000000 0.000000000 0.000000000 0.000000000 0.000000000 1.000000000
1548339819.907610 0.003181100 -0.002272191 0.000519518 -0.000273257 0.002525456 0.001665895 0.999995351
1548339819.941050 0.003085662 -0.001771792 -0.000206755 -0.000212358 0.004743420 0.003689100 0.999981940
1548339819.974550 0.003966858 -0.003845915 -0.000175248 -0.000587132 0.006323018 0.005330037 0.999965608
1548339820.008060 0.008650991 -0.009266402 -0.000622156 -0.001415034 0.007706800 0.006583645 0.999947608
1548339820.041580 0.013084466 -0.009646219 -0.000248835 -0.001319691 0.009540520 0.008526688 0.999917269
1548339820.075100 0.017168045 -0.013522761 -0.000442205 -0.001947259 0.011895870 0.010034842 0.999876976
1548339820.108610 0.025961222 -0.014934634 -0.001347441 -0.002043359 0.014026056 0.011461113 0.999833882
1548339820.142140 0.031238358 -0.017521881 -0.001404124 -0.002854810 0.017902249 0.012006260 0.999763608
1548339820.175640 0.030783108 -0.019385779 -0.000592812 -0.003613045 0.022733551 0.012396162 0.999658167
1548339820.209170 0.036391053 -0.019749986 -0.001740777 -0.004009723 0.025974065 0.012768915 0.999573052
1548339820.242690 0.037057370 -0.021166930 -0.001153906 -0.004759231 0.030689200 0.012435135 0.999440312
1548339820.276200 0.042140089 -0.022373907 -0.001308009 -0.005227963 0.034817968 0.012096570 0.999306798
1548339820.309720 0.050872192 -0.029889820 -0.003819266 -0.006163926 0.038491488 0.011858475 0.999169528
1548339820.343240 0.053694405 -0.025969783 -0.002905535 -0.005370304 0.042756405 0.012281499 0.998995602
1548339820.376770 0.055717934 -0.025094582 -0.004144560 -0.005516558 0.047442976 0.012411800 0.998781621
1548339820.410300 0.058051448 -0.021704854 -0.002903893 -0.005996131 0.051985919 0.012440422 0.998552322
1548339820.443820 0.066312335 -0.020041432 -0.005518849 -0.006959180 0.056203987 0.012606200 0.998315454
1548339820.477340 0.078099079 -0.022522723 -0.008078299 -0.008534079 0.060472954 0.014143213 0.998033166
1548339820.510870 0.065896116 -0.017007494 -0.004733609 -0.009004626 0.067704044 0.014652816 0.997557223
1548339820.544380 0.068597153 -0.014787636 -0.004032959 -0.010260294 0.071717411 0.015781946 0.997247338
1548339820.577900 0.075037777 -0.012571267 -0.004431710 -0.012069526 0.076043673 0.016597468 0.996893287
1548339820.611410 0.080467664 -0.010652203 -0.003085352 -0.013884960 0.081015967 0.017767038 0.996457696
1548339820.644930 0.078621455 -0.009334949 0.000990749 -0.015376346 0.086827442 0.018950585 0.995924413
1548339820.678910 0.079159662 -0.008984065 0.002085268 -0.016350949 0.092136435 0.020457314 0.995401919
1548339820.712510 0.086328290 -0.008688608 0.001676525 -0.017487796 0.096211806 0.021725656 0.994970083
1548339820.746060 0.082707062 -0.000386183 0.004821980 -0.017593531 0.102339759 0.022648461 0.994336009
1548339820.779820 0.079367995 0.003744315 0.006296902 -0.018584682 0.106596291 0.024212176 0.993833780
1548339820.813430 0.087850071 0.004036689 0.007182089 -0.020585809 0.108974814 0.024429165 0.993531048
1548339820.846980 0.103944235 0.000362322 0.001620596 -0.023218494 0.112062395 0.025287334 0.993107975
1548339820.880510 0.095679790 0.008029135 0.006114004 -0.024159241 0.119069226 0.025537390 0.992263436
1548339820.914340 0.083687738 0.003821035 0.009065137 -0.026863253 0.125882789 0.025967443 0.991341293
1548339820.947900 0.075787805 0.004903133 0.013124698 -0.027764706 0.129574046 0.026909577 0.990815580
1548339820.981410 0.091103688 0.006060067 0.011724565 -0.028954966 0.129927158 0.027679989 0.990714073
1548339821.014930 0.101730153 0.005272005 0.011036907 -0.030406434 0.132551759 0.029343523 0.990274906
1548339821.048450 0.102441013 0.002737322 0.013193305 -0.032077126 0.137970701 0.030986859 0.989431620
1548339821.081970 0.109504879 0.007043425 0.013245712 -0.031837944 0.142487079 0.032953605 0.988735437
1548339821.115480 0.112222314 0.006039538 0.013583996 -0.032188818 0.147839740 0.035248909 0.987858713
1548339821.149030 0.106864035 0.004466721 0.017489590 -0.032084070 0.153254673 0.037669323 0.986947119
1548339821.182550 0.118669659 -0.001103858 0.015235128 -0.032050226 0.155967683 0.040230013 0.986422002
1548339821.216070 0.122665673 -0.006625705 0.013495592 -0.031625237 0.161601514 0.042181745 0.985446870
1548339821.249610 0.117562890 -0.008931404 0.016252829 -0.030494580 0.166789666 0.043265384 0.984570682
1548339821.283120 0.129974574 -0.012985127 0.009765453 -0.029378498 0.168662190 0.044511374 0.984230042
1548339821.316640 0.127794608 -0.009635524 0.011699034 -0.026979018 0.174278170 0.045510657 0.983274162
1548339821.350150 0.123452008 -0.010642548 0.013364553 -0.025320139 0.179649591 0.046495121 0.982304990
1548339821.383670 0.125548303 -0.012621434 0.013048186 -0.023883531 0.182582736 0.047201183 0.981766343
1548339821.417120 0.133486003 -0.012895458 0.008407473 -0.022337735 0.185407907 0.047902204 0.981239200
1548339821.450640 0.144217491 -0.019215347 -0.001145163 -0.021830682 0.188387960 0.048901118 0.980633497
1548339821.484150 0.136261195 -0.019167006 0.002267691 -0.020087630 0.193728581 0.049727481 0.979588151
1548339821.517670 0.143014520 -0.017458199 -0.001972649 -0.018417943 0.196647257 0.050338998 0.979007959
1548339821.551190 0.149081603 -0.014092984 -0.006306166 -0.016808264 0.200912073 0.051082108 0.978132129
1548339821.584790 0.151686728 -0.016237197 -0.006415291 -0.016260892 0.206699535 0.052196078 0.976875842
1548339821.618300 0.151169166 -0.020611152 -0.003834296 -0.015840903 0.210981473 0.054059763 0.975865483
1548339821.651730 0.157981783 -0.024261402 -0.006554786 -0.015456704 0.213212878 0.055322818 0.975315690
1548339821.685510 0.152888268 -0.023751281 -0.006407743 -0.014488664 0.218025535 0.056369677 0.974206030
1548339821.719030 0.150771141 -0.022485064 -0.002289493 -0.013413087 0.221699566 0.058009185 0.973295569
1548339821.752540 0.152602270 -0.027784638 -0.005943843 -0.013293443 0.223961949 0.059133090 0.972711444
1548339821.786080 0.160324469 -0.023677384 -0.009347631 -0.011687575 0.226049185 0.059999850 0.972196043
1548339821.819630 0.158788800 -0.027181042 -0.005292245 -0.011319201 0.229774147 0.061465491 0.971235156
1548339821.853150 0.157574952 -0.028594099 -0.005632952 -0.010670627 0.232346132 0.062026657 0.970594704
1548339821.886670 0.162392706 -0.028144900 -0.007208127 -0.009954985 0.234767154 0.062318377 0.970000863
1548339821.920180 0.165180624 -0.026209159 -0.012160164 -0.009067594 0.237993285 0.063126601 0.969170749
1548339821.953690 0.162621811 -0.026049219 -0.007948865 -0.008708835 0.241215184 0.063759170 0.968335748
1548339821.987170 0.167063624 -0.027539069 -0.009664916 -0.008785802 0.243244916 0.064307883 0.967790902
1548339822.020690 0.168003649 -0.025535693 -0.009696661 -0.008631299 0.246367782 0.064149439 0.967012525
1548339822.054200 0.174947768 -0.032661989 -0.011991401 -0.010215349 0.248559847 0.065096848 0.966372609
1548339822.087720 0.176830307 -0.028987851 -0.013030216 -0.009762876 0.251003414 0.065131076 0.965743184
1548339822.121230 0.181461915 -0.019854903 -0.013696723 -0.008501187 0.254171848 0.065137714 0.964925647
1548339822.154780 0.183827758 -0.027758131 -0.011681966 -0.009750535 0.258260250 0.066623062 0.963726044
1548339822.188290 0.184544310 -0.027159007 -0.010328737 -0.009356739 0.261552691 0.067241512 0.962798655
1548339822.221780 0.184179023 -0.029223327 -0.011739972 -0.009578304 0.266132981 0.067907587 0.961493671
1548339822.255270 0.179323539 -0.030176146 -0.008704026 -0.009335669 0.271353185 0.068805620 0.959971905
1548339822.288760 0.185330659 -0.030523179 -0.009520004 -0.008851980 0.273761868 0.069928184 0.959211171
1548339822.322270 0.192613766 -0.032463506 -0.015149171 -0.009025039 0.276041031 0.070667483 0.958501995
1548339822.355750 0.188035011 -0.029780591 -0.011603879 -0.007974327 0.280505568 0.071497522 0.957152605
1548339822.389300 0.216401055 -0.045178019 -0.022870459 -0.010301772 0.278763443 0.072961442 0.957528830
1548339822.422830 0.214543983 -0.043624353 -0.024011394 -0.009617042 0.282292843 0.072896719 0.956506312
1548339822.456340 0.218000248 -0.042536288 -0.025076801 -0.008952796 0.286154062 0.073824503 0.955293477
1548339822.489850 0.218625516 -0.044235609 -0.023380401 -0.008677174 0.288830400 0.074745886 0.954418540
1548339822.523330 0.217041910 -0.041374229 -0.025623836 -0.007593507 0.291368663 0.074264556 0.953693569
1548339822.556840 0.217002735 -0.036934439 -0.029227359 -0.006754755 0.295833737 0.073917516 0.952351272
1548339822.590300 0.220377073 -0.043711845 -0.027567931 -0.007929131 0.298596293 0.075408794 0.951362669
1548339822.623760 0.222247735 -0.045672119 -0.028319757 -0.008273832 0.300002575 0.075280100 0.950927377
1548339822.657260 0.225061551 -0.041908674 -0.035228137 -0.007727807 0.302733719 0.074903406 0.950095832
1548339822.690760 0.222370923 -0.041795228 -0.031429537 -0.007826098 0.306939870 0.075537354 0.948694289
1548339822.724280 0.219910100 -0.046154525 -0.027815370 -0.008373002 0.308912158 0.076049738 0.948008239
1548339822.757790 0.218987569 -0.043261491 -0.031129651 -0.007687105 0.311042070 0.075806729 0.947336853
1548339822.791300 0.223963797 -0.045411959 -0.035048321 -0.008036881 0.314145207 0.076694883 0.946237862
1548339822.824760 0.224876970 -0.045526847 -0.032191612 -0.007545463 0.317375243 0.078338310 0.945028603
1548339822.858280 0.229727402 -0.040364496 -0.036104586 -0.006723184 0.318958104 0.078920394 0.944453359
1548339822.891770 0.230624929 -0.038058329 -0.038541038 -0.006964213 0.322921544 0.078751951 0.943117857
1548339822.925230 0.231385782 -0.036855735 -0.037286490 -0.007573290 0.327532083 0.079815440 0.941432357
1548339822.958730 0.234049365 -0.039468296 -0.038075875 -0.008933449 0.331097931 0.081346489 0.940041006
1548339822.992250 0.236003563 -0.038903426 -0.038776763 -0.009728462 0.334116668 0.081993610 0.938908100
1548339823.025780 0.238193378 -0.038475920 -0.044284087 -0.010525646 0.337203622 0.082772017 0.937726915
1548339823.059350 0.238223419 -0.038400952 -0.039809965 -0.011771784 0.340202540 0.083386980 0.936573684
1548339823.092810 0.240604460 -0.035824027 -0.042574286 -0.012145541 0.341790080 0.083773434 0.935956240
1548339823.126300 0.239332199 -0.030809494 -0.042769033 -0.012492689 0.344468564 0.083007552 0.935037494
1548339823.159840 0.243707225 -0.031074814 -0.043920759 -0.013237508 0.347279906 0.083460286 0.933946371
1548339823.193360 0.242560059 -0.037639592 -0.040489968 -0.014818725 0.349510401 0.083821908 0.933057785
1548339823.226870 0.246595278 -0.036406387 -0.045497168 -0.015242877 0.350094467 0.083720937 0.932841003
1548339823.260390 0.245570228 -0.030801276 -0.045291644 -0.014738594 0.352472901 0.083816916 0.931944370
1548339823.293900 0.249694958 -0.034763571 -0.047216136 -0.016398581 0.353637129 0.083924718 0.931465805
1548339823.327410 0.250965834 -0.030422159 -0.049729481 -0.016375149 0.355775833 0.084185034 0.930627882
1548339823.360930 0.249410614 -0.028881764 -0.047706310 -0.016701348 0.358366489 0.084711887 0.929579675
1548339823.394950 0.251857936 -0.031504184 -0.047372445 -0.017681666 0.359548420 0.085191883 0.929061174
1548339823.428580 0.248153895 -0.022868348 -0.048770454 -0.016868236 0.362015396 0.084642313 0.928168118
1548339823.462370 0.252698243 -0.019745434 -0.049128987 -0.017034773 0.364666909 0.085759386 0.927023828
1548339823.495880 0.254148602 -0.022938792 -0.046529867 -0.018498307 0.366465747 0.086478390 0.926219285
1548339823.529400 0.264644027 -0.036785468 -0.052532978 -0.021625837 0.365992099 0.088186055 0.926177800
1548339823.562640 0.261669755 -0.032739129 -0.051101815 -0.021789802 0.367425889 0.087686822 0.925653517
1548339823.596340 0.258173555 -0.029073833 -0.048176143 -0.021881811 0.370350003 0.087160908 0.924535036
1548339823.629940 0.265018612 -0.024033384 -0.053266995 -0.021853784 0.371586710 0.087502196 0.924007058
1548339823.663460 0.262162030 -0.029194277 -0.048148368 -0.023629270 0.373277605 0.087835900 0.923249900
1548339823.696890 0.267122805 -0.022176022 -0.053470954 -0.023569662 0.373192430 0.087300308 0.923336625
1548339823.730340 0.271079481 -0.014234379 -0.060750876 -0.023748759 0.375016361 0.087042809 0.922617078
1548339823.763860 0.269189298 -0.017814174 -0.051710129 -0.025794387 0.377732754 0.087759778 0.921385288
1548339823.797370 0.272651106 -0.019877080 -0.051565930 -0.027573016 0.378039002 0.088225231 0.921163678
1548339823.830890 0.274829060 -0.014095237 -0.056074910 -0.027926818 0.379136086 0.087951399 0.920728207
1548339823.864420 0.275316060 -0.017913202 -0.049921289 -0.029244769 0.381336093 0.089478523 0.919630945
1548339823.897980 0.277132094 -0.016065998 -0.051402275 -0.029022543 0.380380899 0.090183973 0.919964612
1548339823.931450 0.274054646 -0.012411243 -0.050327417 -0.028678592 0.381412625 0.090091810 0.919557154
1548339823.964950 0.275128782 -0.013532085 -0.050114442 -0.028892687 0.381326199 0.090905622 0.919506192
1548339823.998320 0.281335384 -0.011875028 -0.054850578 -0.028571319 0.379525483 0.091185167 0.920233309
1548339824.031810 0.282500833 -0.008462520 -0.058982734 -0.027743826 0.380134016 0.091294006 0.919996619
1548339824.065350 0.283440739 -0.008910734 -0.060939278 -0.027792364 0.380863577 0.091350868 0.919687748
1548339824.098840 0.287344694 -0.006778341 -0.066746898 -0.027749445 0.381756872 0.091510721 0.919302702
1548339824.132360 0.289620042 -0.004472381 -0.067739889 -0.027782150 0.383601427 0.091824710 0.918502212
1548339824.165880 0.296225369 -0.009601765 -0.070714630 -0.028594729 0.383969069 0.093300983 0.918174803
1548339824.199390 0.295377523 -0.005607765 -0.068889834 -0.027581725 0.385188818 0.093346149 0.917690217
1548339824.232910 0.291463137 -0.006002033 -0.067680180 -0.027170390 0.386700034 0.093289830 0.917072415
1548339824.266420 0.295999289 -0.007384636 -0.072209284 -0.027006917 0.387024492 0.093869299 0.916881263
1548339824.299940 0.297021151 -0.000514086 -0.074997127 -0.025684262 0.388637125 0.093696855 0.916254520
1548339824.333460 0.299659193 -0.002623418 -0.077368714 -0.025982324 0.389786571 0.093915179 0.915735364
1548339824.366970 0.299502552 -0.001248823 -0.078070417 -0.025478764 0.391414523 0.093697168 0.915077209
1548339824.400490 0.303861797 0.004675234 -0.084661119 -0.024202337 0.392925322 0.093343630 0.914500356
1548339824.434000 0.308922321 0.002236789 -0.090835221 -0.024205891 0.394730926 0.093749896 0.913680792
1548339824.467380 0.311276674 -0.000779761 -0.087965041 -0.023949934 0.396736771 0.094388396 0.912752509
1548339824.500880 0.311910570 -0.004312886 -0.097660840 -0.023375822 0.398128033 0.094077751 0.912193477
1548339824.534410 0.315137416 -0.007074950 -0.093245521 -0.022376601 0.401421905 0.095140189 0.910663545
1548339824.567540 0.319863677 -0.013877857 -0.095760517 -0.021272009 0.400900602 0.096834369 0.910741091
1548339824.601040 0.325808883 -0.012470091 -0.102478929 -0.018658582 0.398499668 0.096633755 0.911872685
1548339824.634510 0.323229045 0.004594095 -0.110301837 -0.014259839 0.399918497 0.094674498 0.911536396
1548339824.668030 0.324204952 -0.005537385 -0.106872924 -0.013915395 0.402400315 0.096526556 0.910254359
1548339824.701540 0.330018342 -0.011861093 -0.112223782 -0.013310377 0.400993645 0.096674822 0.910868227
1548339824.735090 0.349575758 0.006766342 -0.138372302 -0.009793000 0.398743480 0.094773330 0.912099600
1548339824.768620 0.343615651 -0.000038397 -0.127209365 -0.009246709 0.403219908 0.095931031 0.910013974
1548339824.802150 0.343372643 -0.006742442 -0.124620430 -0.008381763 0.402626455 0.096155673 0.910261393
1548339824.835670 0.351363093 -0.000841406 -0.137655899 -0.006496869 0.400070488 0.094285324 0.911598384
1548339824.869180 0.346404910 -0.008283277 -0.133895829 -0.006431552 0.401754469 0.093933284 0.910894334
1548339824.902700 0.347574323 -0.003223932 -0.135363266 -0.004833437 0.400057256 0.091756180 0.911872625
1548339824.936240 0.350652009 -0.002527654 -0.140148565 -0.004371173 0.399276108 0.089533292 0.912438095
1548339824.969910 0.348131031 -0.004725185 -0.137806207 -0.004202793 0.399561763 0.088026613 0.912460446
1548339825.003430 0.354721010 0.001704050 -0.146265626 -0.003160456 0.396587402 0.085250482 0.914024532
1548339825.036790 0.358860046 -0.001147350 -0.150079265 -0.003489136 0.396941096 0.084381029 0.913950443
1548339825.070300 0.353317201 -0.004812454 -0.142598391 -0.003700777 0.398794115 0.083401516 0.913232565
1548339825.103970 0.359008640 -0.002171778 -0.147793874 -0.002644076 0.397437781 0.083101958 0.913854659
1548339825.137490 0.361392200 0.002986966 -0.150077567 -0.001440211 0.397268862 0.082458816 0.913989007
1548339825.170850 0.359071106 0.002455329 -0.144512385 -0.001053310 0.397854537 0.083147332 0.913672328
1548339825.204370 0.362227201 0.000712033 -0.147115722 -0.001745173 0.395490110 0.084032021 0.914616406
1548339825.238370 0.357430309 0.010691093 -0.142784774 -0.000886061 0.394299954 0.085195340 0.915023744
1548339825.271800 0.355443984 0.011473026 -0.135364562 -0.002630376 0.391740203 0.087332517 0.915917993
1548339825.305320 0.337857276 -0.011515961 -0.129912481 -0.008370346 0.388604581 0.090804182 0.916881144
1548339825.338910 0.331693530 -0.008662073 -0.118375704 -0.010668182 0.382459015 0.092056900 0.919313252
1548339825.372350 0.335033089 -0.001667148 -0.122554041 -0.012733100 0.374290526 0.093547516 0.922492981
1548339825.405870 0.328893065 0.002737201 -0.112829193 -0.014625650 0.368802816 0.095645249 0.924457967
1548339825.439350 0.336926877 -0.007822803 -0.119682111 -0.019146282 0.357420027 0.097146288 0.928680241
1548339825.472840 0.328322709 -0.009488764 -0.104162604 -0.020553552 0.353086948 0.097668096 0.930251598
1548339825.506360 0.333192736 -0.015734440 -0.100462630 -0.022093527 0.350085914 0.098585725 0.931253195
1548339825.539900 0.343794644 -0.018956458 -0.106238879 -0.021704275 0.343775451 0.099628814 0.933499575
1548339825.573420 0.353192836 -0.013346982 -0.109968401 -0.019357910 0.335128933 0.098367617 0.936823189
1548339825.606900 0.349062532 -0.020362485 -0.106337324 -0.018799862 0.331346810 0.097428970 0.938276827
1548339825.640420 0.403295010 -0.007694942 -0.137626976 -0.015243407 0.319622934 0.098722585 0.942264676
1548339825.673970 0.371642858 -0.020908097 -0.112370476 -0.015363295 0.320286483 0.097702093 0.942143738
1548339825.707480 0.363110006 -0.017063050 -0.101330176 -0.014414527 0.318286747 0.095263839 0.943085670
1548339825.740970 0.364189953 -0.021306586 -0.096343502 -0.015002098 0.317490309 0.094859175 0.943385720
1548339825.774440 0.376570642 -0.021098586 -0.105533816 -0.014242795 0.310034722 0.096114270 0.945747137
1548339825.807960 0.378388435 -0.020215211 -0.099869542 -0.013800698 0.303235978 0.095294163 0.948038220
1548339825.841420 0.373120666 -0.024362847 -0.091371618 -0.014761854 0.300716698 0.094604872 0.948894858
1548339825.874930 0.367411375 -0.022545137 -0.083473384 -0.014971297 0.297446281 0.094458841 0.949936330
1548339825.908450 0.373903632 -0.019563939 -0.079835854 -0.015194312 0.290443152 0.095215768 0.952021956
1548339825.941960 0.375225037 -0.019503614 -0.077558585 -0.016020643 0.284910530 0.095398322 0.953660548
1548339825.975480 0.371685922 -0.019491147 -0.072879739 -0.016927179 0.280767918 0.096556231 0.954756379
1548339826.009050 0.382937461 -0.022936223 -0.070206903 -0.019335806 0.275104403 0.097194850 0.956293285
1548339826.042570 0.378419161 -0.025136020 -0.058763489 -0.020553218 0.271307141 0.098082490 0.957261622
1548339826.076030 0.391264230 -0.018245894 -0.060868610 -0.019483346 0.261556357 0.096885145 0.960115552
1548339826.109540 0.461690277 -0.008258977 -0.097754590 -0.018946836 0.244615316 0.095832966 0.964686692
1548339826.143160 0.454704612 -0.009221191 -0.090020686 -0.018728893 0.244667813 0.095127583 0.964747429
1548339826.176680 0.465121210 -0.019462729 -0.088733435 -0.019240525 0.237930998 0.094731204 0.966459811
1548339826.210440 0.458890259 -0.016729673 -0.078985736 -0.017268125 0.233245835 0.090965703 0.967999697
1548339826.244040 0.465149790 -0.015512021 -0.073054269 -0.015392336 0.228483781 0.088936090 0.969354749
1548339826.277550 0.464451820 -0.017611904 -0.070423506 -0.014072433 0.225627989 0.087045968 0.970214903
1548339826.311070 0.457631171 -0.014148888 -0.063737035 -0.011258752 0.221434101 0.084004179 0.971485198
1548339826.344590 0.457375616 -0.016001409 -0.062096637 -0.010650708 0.219470128 0.081529945 0.972148299
1548339826.378100 0.454191357 -0.019129569 -0.058052689 -0.010461522 0.217366457 0.080877542 0.972677350
1548339826.411530 0.455669135 -0.015520255 -0.052570131 -0.009401532 0.212629110 0.079454355 0.973851860
1548339826.444260 0.453363985 -0.015827639 -0.049055345 -0.009499458 0.209470689 0.077818252 0.974667132
1548339826.477650 0.450787008 -0.015772372 -0.043320771 -0.009329361 0.207393676 0.077350758 0.975150108
1548339826.511110 0.448364943 -0.019563643 -0.040480953 -0.009665696 0.205072209 0.077499956 0.975625813
1548339826.544630 0.458828747 -0.037140552 -0.040666752 -0.011219857 0.198624268 0.079351634 0.976793647
1548339826.578140 0.453758210 -0.026402641 -0.040573385 -0.007966346 0.195358187 0.077653863 0.977620363
1548339826.611600 0.455742121 -0.027974207 -0.036980473 -0.007038217 0.193027020 0.077892810 0.978071451
1548339826.645100 0.459755421 -0.036471002 -0.034716155 -0.007095844 0.189241216 0.078628264 0.978751779
1548339826.678610 0.460342258 -0.032254074 -0.035856511 -0.005252955 0.185500160 0.077340655 0.979581773
1548339826.712130 0.461396813 -0.026311455 -0.031201340 -0.003324125 0.183301881 0.076426782 0.980075657
1548339826.745640 0.454481155 -0.033502541 -0.028326638 -0.002989756 0.181828901 0.076215945 0.980367482
1548339826.779160 0.451297879 -0.041906450 -0.025449293 -0.002305516 0.178174168 0.075397477 0.981103361
1548339826.812690 0.454427600 -0.037707333 -0.026786873 0.000420919 0.174591660 0.073994927 0.981856585
1548339826.846270 0.455020487 -0.040657617 -0.025730643 0.001750343 0.171643481 0.073643498 0.982401192
1548339826.879800 0.451233268 -0.049735811 -0.025821771 0.002140143 0.168371528 0.072799481 0.983029366
1548339826.913320 0.454859763 -0.040752139 -0.026384646 0.004863730 0.165293708 0.070593558 0.983702600
1548339826.946840 0.450081259 -0.039886538 -0.024359349 0.006099901 0.165217012 0.070889518 0.983687341
1548339826.980360 0.438733965 -0.048721317 -0.023002386 0.005643104 0.163651973 0.071211465 0.983928382
1548339827.013960 0.449222386 -0.038204975 -0.026832510 0.007405888 0.159281760 0.069557682 0.984751821
1548339827.047480 0.448189646 -0.029329484 -0.027627416 0.008552815 0.160326138 0.069315873 0.984590113
1548339827.080990 0.439114362 -0.044239566 -0.023916017 0.006168915 0.160728171 0.071264774 0.984403193
1548339827.114530 0.441422611 -0.037167192 -0.024667621 0.007256811 0.158338323 0.070572205 0.984832883
1548339827.148160 0.448342264 -0.036990378 -0.027797531 0.007404707 0.158121437 0.072372429 0.984736025
1548339827.181690 0.441433877 -0.050097622 -0.027401971 0.006116382 0.159105793 0.075146310 0.984378457
1548339827.215610 0.447757423 -0.040446363 -0.031019803 0.008123551 0.157512814 0.075113915 0.984622538
1548339827.249130 0.442191362 -0.040650878 -0.030241719 0.008574516 0.160293117 0.076508597 0.984062493
1548339827.282700 0.442867368 -0.051069144 -0.029391618 0.007565682 0.160373583 0.078501210 0.983900726
1548339827.316230 0.441978157 -0.050877493 -0.031631641 0.008384543 0.159807742 0.078192189 0.984010756
1548339827.349750 0.453033388 -0.041614182 -0.036240466 0.010367319 0.160416245 0.076398171 0.984033823
1548339827.383270 0.409840494 -0.042402349 -0.032493986 0.011454361 0.170834020 0.076227702 0.982279956
1548339827.416800 0.434302241 -0.056957219 -0.035300825 0.010021995 0.166848332 0.078310147 0.982816756
1548339827.450310 0.441041380 -0.056868847 -0.040894080 0.010933385 0.166930422 0.077389523 0.982865989
1548339827.483830 0.433410376 -0.058306534 -0.044649713 0.011658480 0.171504647 0.077793904 0.982037842
1548339827.517350 0.418122798 -0.060988616 -0.037036061 0.012645945 0.174274519 0.078987420 0.981442571
1548339827.550870 0.412843078 -0.060603332 -0.041268785 0.013187042 0.173383102 0.077406675 0.981719196
1548339827.584380 0.409290701 -0.050275601 -0.043634076 0.015067079 0.175320521 0.076840267 0.981392503
1548339827.617900 0.402631223 -0.061562732 -0.043713309 0.013464420 0.176284656 0.078512885 0.981110692
1548339827.651410 0.404465795 -0.059346694 -0.047031567 0.013479130 0.173351809 0.077781551 0.981691182
1548339827.684920 0.399391532 -0.051931940 -0.048444021 0.013872328 0.175375372 0.076375268 0.981436610
1548339827.718440 0.390284210 -0.056220267 -0.050624121 0.012532438 0.179507211 0.078397699 0.980547786
1548339827.751950 0.378358543 -0.059148025 -0.045899656 0.012201332 0.180651903 0.080281571 0.980189204
1548339827.785410 0.382889837 -0.064263545 -0.051317129 0.011036716 0.178627640 0.081465736 0.980476260
1548339827.818870 0.378750741 -0.052601039 -0.052641265 0.012395543 0.178975016 0.082099907 0.980343759
1548339827.852330 0.378526926 -0.056453530 -0.055534810 0.010806439 0.179195598 0.083680630 0.980188608
1548339827.885210 0.353095233 -0.054457691 -0.050779331 0.009833701 0.184201181 0.084360257 0.979212224
1548339827.918710 0.356689274 -0.053295650 -0.050645318 0.008169776 0.184239283 0.085790902 0.979095995
1548339827.952230 0.351388603 -0.054818284 -0.053760279 0.005720861 0.185001358 0.085714050 0.978976429
1548339827.985740 0.347286254 -0.054645233 -0.054379638 0.003217234 0.185935080 0.085369229 0.978841066
1548339828.019260 0.341151983 -0.040506292 -0.052051574 0.002805381 0.187640503 0.084828377 0.978563905
1548339828.052780 0.342224181 -0.047609992 -0.052533172 -0.000743809 0.187558904 0.085030392 0.978565753
1548339828.086290 0.339526057 -0.044786952 -0.053838842 -0.002776154 0.187532261 0.084253557 0.978634357
1548339828.119810 0.338150114 -0.041320190 -0.053644087 -0.004493478 0.187591299 0.083976574 0.978640497
1548339828.153340 0.338564485 -0.044200622 -0.055705369 -0.007036407 0.187057361 0.084491089 0.978683412
1548339828.187320 0.328381568 -0.045065258 -0.053520735 -0.009628145 0.187833771 0.083854668 0.978567421
1548339828.220890 0.335245252 -0.045831956 -0.060916066 -0.012755853 0.186564028 0.083345518 0.978817999
1548339828.254410 0.337195545 -0.037116088 -0.061922006 -0.013818881 0.187522754 0.083196849 0.978632987
1548339828.287930 0.314869583 -0.037506074 -0.052850321 -0.015492137 0.192206904 0.083222412 0.977696538
1548339828.321440 0.296978533 -0.035531148 -0.050133042 -0.016387796 0.194545195 0.081974000 0.977324843
1548339828.354960 0.312290192 -0.046421196 -0.050913233 -0.019018054 0.192454442 0.083064422 0.977599084
1548339828.388470 0.333960682 -0.044635676 -0.055763792 -0.019900778 0.189828798 0.082163967 0.978170753
1548339828.421990 0.323801190 -0.041164339 -0.051272720 -0.019617463 0.192642331 0.081535101 0.977678955
1548339828.455510 0.321907103 -0.040616773 -0.051361106 -0.019422077 0.193025231 0.081466794 0.977612972
1548339828.489020 0.308785468 -0.029294249 -0.049041495 -0.017762773 0.194983080 0.078878365 0.977468312
1548339828.522540 0.332088709 -0.025536418 -0.055457115 -0.017533515 0.193374738 0.078640051 0.977811098
1548339828.556050 0.302807122 -0.025620941 -0.056918394 -0.017178491 0.200679794 0.076794319 0.976491272
1548339828.589560 0.317816466 -0.026346307 -0.055896562 -0.017073739 0.202897251 0.077829652 0.975952744
1548339828.623050 0.319399089 -0.019231731 -0.057258926 -0.014961246 0.204220951 0.076677568 0.975802422
1548339828.656540 0.315924764 -0.017514508 -0.061483487 -0.013720241 0.207334474 0.075535543 0.975253046
1548339828.690050 0.320688874 -0.014456321 -0.066264048 -0.012704510 0.210184380 0.075230926 0.974680126
1548339828.723350 0.307942450 -0.015225852 -0.056862932 -0.012426643 0.217072546 0.074866608 0.973200917
1548339828.756800 0.294708550 -0.022863057 -0.054732706 -0.012827828 0.219552249 0.075041577 0.972625852
1548339828.790260 0.300014049 -0.020206807 -0.060394317 -0.012004703 0.219199553 0.074707001 0.972741663
1548339828.823730 0.294030339 -0.025846796 -0.057851080 -0.012775612 0.221021250 0.075635165 0.972247779
1548339828.857290 0.292608887 -0.028060850 -0.059520476 -0.013404994 0.219077259 0.075725436 0.972672164
1548339828.890860 0.297448277 -0.024783487 -0.063086338 -0.013919784 0.217935875 0.075156778 0.972965419
1548339828.924380 0.284609705 -0.008548417 -0.060959458 -0.012165145 0.220325112 0.074929275 0.972468197
1548339828.957890 0.281385720 -0.007002773 -0.061485831 -0.012476304 0.220422357 0.075700179 0.972382545
1548339828.991410 0.285541028 -0.011948363 -0.062885553 -0.013663054 0.220299482 0.076965109 0.972295105
1548339829.024920 0.285593957 -0.005020449 -0.064476319 -0.012670472 0.222354278 0.078672305 0.971704006
1548339829.058440 0.282473117 -0.011497553 -0.063478120 -0.013394321 0.223500282 0.080775321 0.971258700
1548339829.092240 0.281440616 -0.018491404 -0.061547447 -0.013902416 0.223261431 0.082484998 0.971162796
1548339829.125770 0.274785161 -0.016016856 -0.061194703 -0.012345465 0.224205732 0.082299694 0.970982015
1548339829.159290 0.255671501 -0.010635804 -0.056305248 -0.010267914 0.229565904 0.081533805 0.969817638
1548339829.192800 0.270773530 -0.024762452 -0.063326068 -0.011396607 0.228608131 0.084532231 0.969774544
1548339829.226320 0.275487483 -0.025567517 -0.064694323 -0.009962979 0.227797166 0.084198691 0.970010161
1548339829.259840 0.273119718 -0.019521724 -0.071099348 -0.007165498 0.229957715 0.082748853 0.969649792
1548339829.293350 0.261808366 -0.021156011 -0.066545747 -0.005245579 0.237494767 0.082702883 0.967847586
1548339829.326880 0.266084313 -0.032606002 -0.066240393 -0.004657172 0.238069549 0.083924562 0.967604160
1548339829.360390 0.264769047 -0.022912143 -0.070581198 -0.000447287 0.239426687 0.081874564 0.967456043
1548339829.393900 0.265597761 -0.023630468 -0.069835827 0.001970712 0.242996573 0.081155434 0.966624320
1548339829.427420 0.264069647 -0.031403188 -0.069637381 0.003293164 0.244698018 0.081846423 0.966133058
1548339829.460930 0.260502130 -0.031842124 -0.073674545 0.005397589 0.246324927 0.081110753 0.965772152
1548339829.494250 0.255056083 -0.028738905 -0.072632216 0.007829858 0.249595240 0.080196433 0.964991868
1548339829.527760 0.256148517 -0.029803950 -0.074265748 0.009173212 0.251271814 0.080455057 0.964523315
1548339829.561210 0.255964518 -0.033575382 -0.075679719 0.009861434 0.253300488 0.080657646 0.963968813
1548339829.594730 0.243838802 -0.030194536 -0.075682275 0.011547427 0.259587973 0.079322837 0.962386906
1548339829.628200 0.239076406 -0.030538924 -0.073303588 0.012188060 0.264824867 0.081379227 0.960779190
1548339829.661720 0.233702421 -0.021959675 -0.070363820 0.014628484 0.267432690 0.082275972 0.959946036
1548339829.695270 0.236026153 -0.034307949 -0.070887931 0.013734191 0.269382417 0.082529500 0.959392130
1548339829.728790 0.232863069 -0.037040439 -0.072670937 0.014012863 0.274328202 0.082195342 0.958014369
1548339829.762380 0.249277368 -0.054331739 -0.078647248 0.011149063 0.275105983 0.084896132 0.957593322
1548339829.795890 0.265761793 -0.053554796 -0.090730622 0.011346364 0.273540378 0.085517794 0.957984149
1548339829.829410 0.257019758 -0.047227468 -0.087625250 0.012849245 0.277920485 0.084581859 0.956786811
1548339829.862920 0.270954400 -0.047958300 -0.092197217 0.012651895 0.279744804 0.086183369 0.956114650
1548339829.896440 0.266154617 -0.045448795 -0.093542606 0.013508333 0.283537447 0.086488977 0.954957426
1548339829.930290 0.262994200 -0.044594634 -0.089752950 0.014036679 0.289122909 0.086829059 0.953242660
1548339829.963810 0.281494230 -0.047502398 -0.101690270 0.013593453 0.291693896 0.089012332 0.952264011
1548339829.997440 0.315509051 -0.040408552 -0.117783234 0.014781835 0.290220380 0.091350101 0.952475071
1548339830.030960 0.286100745 -0.045738317 -0.101256952 0.014638102 0.299793661 0.088944018 0.949735999
1548339830.064480 0.271393090 -0.044358023 -0.097030021 0.015480847 0.307654381 0.089613251 0.947142303
1548339830.097990 0.293515593 -0.049277432 -0.110812522 0.014605367 0.307779282 0.090814829 0.947001219
1548339830.131510 0.221501172 -0.037472237 -0.066383883 0.017443568 0.323284805 0.087589815 0.942077875
1548339830.164910 0.244220138 -0.034683440 -0.082783043 0.017842714 0.323539674 0.088764474 0.941872895
1548339830.198420 0.262992561 -0.018472599 -0.116077788 0.020356160 0.323145479 0.089242227 0.941912115
1548339830.231790 0.268478215 -0.020763196 -0.113869026 0.019461533 0.325635612 0.089498341 0.941048741
1548339830.265230 0.289458841 -0.022814009 -0.130749837 0.017997177 0.326386511 0.088472202 0.940914750
1548339830.298750 0.326910436 -0.015066789 -0.151828542 0.017303089 0.322939515 0.089491397 0.942020178
1548339830.332270 0.300437301 -0.043461874 -0.136895791 0.011515143 0.330867499 0.091138951 0.939195275
1548339830.365860 0.312072247 -0.025857290 -0.123199478 0.012897032 0.332636952 0.087138183 0.938932002
1548339830.399370 0.233644456 -0.065851897 -0.074675716 0.006543168 0.352007985 0.082793728 0.932305098
1548339830.432810 0.203881234 -0.055897169 -0.069207318 0.007176533 0.359948903 0.085033789 0.929061115
1548339830.466300 0.227754876 -0.051429503 -0.085300632 0.006796197 0.356976926 0.085394152 0.930176914
1548339830.499720 0.164458781 -0.022126107 -0.049269039 0.011312148 0.370183021 0.081348382 0.925321043
1548339830.533190 0.185404241 -0.018250771 -0.067834705 0.010686079 0.369822532 0.083069913 0.925319672
1548339830.566670 0.209352881 -0.021555407 -0.080128320 0.008825440 0.366814882 0.084907919 0.926369071
1548339830.600150 0.223988086 -0.016768171 -0.092995755 0.008190820 0.365206122 0.084514424 0.927046239
1548339830.633640 0.242512435 -0.020211926 -0.099828631 0.007410575 0.364394099 0.087681957 0.927078187
1548339830.667110 0.257181793 -0.020102359 -0.114629790 0.005428431 0.361574262 0.087318502 0.928229570
1548339830.700630 0.267741740 -0.027472353 -0.104884781 0.002221268 0.363027275 0.089666575 0.927451432
1548339830.734140 0.272524565 -0.023865631 -0.124076985 0.000545375 0.360741258 0.089559972 0.928355813
1548339830.767660 0.277947068 -0.016717020 -0.138356656 -0.001646473 0.359282166 0.090719268 0.928807616
1548339830.801180 0.286742389 -0.015084906 -0.139117002 -0.004046888 0.358942866 0.091701537 0.928835034
1548339830.834690 0.269800097 -0.012776973 -0.130324274 -0.005939488 0.363228440 0.091312006 0.927195728
1548339830.868210 0.278787732 -0.015401779 -0.132535443 -0.008124167 0.362476528 0.093839593 0.927221060
1548339830.901790 0.278531671 -0.019137381 -0.128203988 -0.010822694 0.362319082 0.094129980 0.927225590
1548339830.935310 0.286512733 -0.013098980 -0.138674662 -0.010928172 0.361476779 0.095099226 0.927454174
1548339830.968850 0.278802782 -0.010579941 -0.131695077 -0.010950403 0.363308728 0.096763477 0.926565528
1548339831.002370 0.280286074 -0.021098560 -0.130555496 -0.012881092 0.363158554 0.098557830 0.926410437
1548339831.035930 0.277123868 -0.018547451 -0.126463458 -0.012474869 0.364893824 0.098218165 0.925769985
1548339831.069850 0.281248480 -0.013494008 -0.132256046 -0.011678345 0.365878254 0.099842481 0.925217927
1548339831.103360 0.284742534 -0.010562979 -0.136604324 -0.011032005 0.366578609 0.100975432 0.924825609
1548339831.136930 0.292244315 -0.007105580 -0.141830578 -0.010562516 0.366478801 0.101685293 0.924792886
1548339831.170640 0.299010366 -0.007085994 -0.145478994 -0.011002887 0.367236525 0.102177523 0.924432814
1548339831.204150 0.304798633 -0.008213457 -0.150389299 -0.012126104 0.367935568 0.103162549 0.924031317
1548339831.237680 0.311113030 -0.001120582 -0.153010651 -0.011951807 0.367646605 0.102501914 0.924222112
1548339831.271190 0.321306944 0.010234296 -0.163269907 -0.011014725 0.367079109 0.101896890 0.924526155
1548339831.304940 0.328813583 0.014027915 -0.167512715 -0.011493238 0.367823690 0.101337142 0.924285889
1548339831.338460 0.339613169 0.013720263 -0.175952375 -0.012572967 0.367090255 0.101858020 0.924506187
1548339831.371980 0.334086210 0.011255395 -0.174749523 -0.014936069 0.369584650 0.099862911 0.923694491
1548339831.405490 0.312592864 0.001825876 -0.167226955 -0.018435093 0.374336332 0.099010512 0.921807706
1548339831.439010 0.327903628 0.005450042 -0.173878878 -0.020733424 0.371808887 0.098121457 0.922876179
1548339831.472600 0.339008629 0.016217640 -0.185083449 -0.021870885 0.368559331 0.096976101 0.924273431
1548339831.506120 0.326805770 0.012468195 -0.175503299 -0.025575478 0.371689379 0.095079787 0.923121154
1548339831.539130 0.318296671 0.014919506 -0.168900654 -0.027801987 0.373572081 0.094356917 0.922370732
1548339831.572650 0.315087199 0.017658042 -0.163168415 -0.029166218 0.372745216 0.094616957 0.922636449
1548339831.606180 0.324624866 0.022323200 -0.174456939 -0.029547820 0.369222254 0.094187960 0.924083591
1548339831.639680 0.313680679 0.011637761 -0.164014503 -0.032018337 0.372385502 0.094761878 0.922672272
1548339831.673190 0.323948264 0.024131460 -0.182066485 -0.029745430 0.368143171 0.096290983 0.924291015
1548339831.706720 0.324137181 0.023071691 -0.178062171 -0.029230924 0.364940137 0.097465858 0.925453722
1548339831.740230 0.326488227 0.027691899 -0.182719812 -0.027535278 0.362067938 0.098444059 0.926529765
1548339831.773750 0.325346231 0.023841023 -0.184725910 -0.027648520 0.360491902 0.099923410 0.926982462
1548339831.807260 0.319120347 0.022583308 -0.183432981 -0.027726641 0.359377652 0.100443088 0.927356541
1548339831.840790 0.320042104 0.022143252 -0.182426557 -0.028381921 0.357582033 0.100171596 0.928059936
1548339831.874340 0.311775118 0.022691790 -0.178562731 -0.028977251 0.357670903 0.099370196 0.928093433
1548339831.907860 0.322342783 0.047007326 -0.192301229 -0.025654009 0.350948811 0.098267421 0.930870771
1548339831.941370 0.322157472 0.042629827 -0.191950217 -0.027980460 0.347321302 0.095943488 0.932405412
1548339831.974880 0.321434766 0.046376761 -0.191269845 -0.028090028 0.344659656 0.093842417 0.933602870
1548339832.008400 0.317662030 0.036333177 -0.184808433 -0.030054688 0.341692179 0.092362806 0.934779227
1548339832.041920 0.324677289 0.033780847 -0.190719977 -0.030485069 0.336740404 0.089979164 0.936792552
1548339832.075430 0.322887450 0.022873161 -0.187587559 -0.031366054 0.336424857 0.089266889 0.936945021
1548339832.108950 0.321722865 0.020245127 -0.192664638 -0.028959703 0.333528966 0.089233257 0.938060343
1548339832.142460 0.319996715 0.023776157 -0.192694917 -0.025257800 0.330393821 0.088550910 0.939340591
1548339832.175980 0.321051508 0.025819274 -0.194954589 -0.021700738 0.328134835 0.088550843 0.940220892
1548339832.209500 0.311159283 0.018013114 -0.194772601 -0.019523200 0.326222420 0.088929407 0.940898180
1548339832.243010 0.312660098 0.012968353 -0.193264335 -0.017597171 0.321583569 0.088625655 0.942560256
1548339832.276400 0.310488939 0.008872822 -0.191121951 -0.016860694 0.318997771 0.088310294 0.943481565
1548339832.309910 0.302422613 0.010822635 -0.190090910 -0.015190922 0.316119224 0.088208430 0.944487751
1548339832.343430 0.307298779 0.005248150 -0.192613557 -0.015635451 0.309293330 0.087341517 0.946818173
1548339832.376930 0.309192985 0.005984062 -0.197295099 -0.015568489 0.304373085 0.085785836 0.948554397
1548339832.410440 0.314464748 0.022930427 -0.196365774 -0.012926347 0.300736547 0.084317826 0.949884713
1548339832.443960 0.314842761 0.021616541 -0.196364120 -0.012645129 0.295931667 0.083756879 0.951445937
1548339832.477450 0.309426129 0.017999830 -0.193944171 -0.012590729 0.291012973 0.082699455 0.953054965
1548339832.510970 0.306734115 0.017441683 -0.191556856 -0.012641495 0.286856502 0.082110889 0.954364359
1548339832.544470 0.303718030 0.015651431 -0.186439320 -0.013221828 0.282258004 0.081471615 0.955781341
1548339832.577930 0.306785613 0.014624369 -0.189459503 -0.013568154 0.275921851 0.080722317 0.957688332
1548339832.611400 0.301622927 0.007794404 -0.187944487 -0.014641028 0.273581207 0.080425337 0.958368778
1548339832.644770 0.299596608 0.006361412 -0.183709711 -0.014223258 0.269697875 0.081490919 0.959385216
1548339832.678290 0.300914139 0.012451285 -0.186327696 -0.012270249 0.263818622 0.081831478 0.961016536
1548339832.711810 0.294521153 0.012578861 -0.183239371 -0.011068132 0.259773195 0.081831500 0.962132514
1548339832.745320 0.303543419 0.006188377 -0.186253250 -0.011246564 0.252874225 0.081865691 0.963963747
1548339832.778840 0.294741541 0.006112083 -0.181472227 -0.009974145 0.249245569 0.081724025 0.964934349
1548339832.812350 0.287877828 -0.002448217 -0.178219110 -0.010437263 0.246650144 0.081502341 0.965614915
1548339832.845870 0.285353065 -0.013067633 -0.177302346 -0.011304733 0.242816269 0.081413999 0.966583788
1548339832.879380 0.281520516 -0.008174200 -0.175729945 -0.009909167 0.238964409 0.079545885 0.967713952
1548339832.912900 0.324736953 0.007744117 -0.194408000 -0.007214791 0.228909522 0.077934459 0.970296085
1548339832.946420 0.322077066 0.006128808 -0.191327825 -0.006705876 0.226417497 0.077292182 0.970935643
1548339832.979930 0.313389391 0.003495670 -0.185510412 -0.006314399 0.223661453 0.075917140 0.971685231
1548339833.013470 0.313554525 -0.000737043 -0.187729329 -0.006218127 0.219721079 0.074120097 0.972723067
1548339833.046950 0.315846056 -0.001819479 -0.188901022 -0.005784861 0.217118219 0.073150314 0.973383367
1548339833.080500 0.305219620 -0.008845813 -0.186746910 -0.006310774 0.215829864 0.072672039 0.973702431
1548339833.114020 0.304135382 -0.007102747 -0.186563298 -0.006065685 0.212783799 0.071068875 0.974492431
1548339833.147560 0.302500159 -0.000677108 -0.183841392 -0.005612173 0.211209387 0.069717094 0.974935174
1548339833.181080 0.304057598 -0.004938314 -0.184566528 -0.007213829 0.209735051 0.069760203 0.975239813
1548339833.214590 0.303015083 0.003851345 -0.178631932 -0.006612706 0.208438486 0.068915218 0.975582063
1548339833.248110 0.304372102 0.006086046 -0.178490102 -0.007040603 0.206890941 0.067551017 0.976003766
1548339833.281640 0.299309611 0.004531772 -0.174920827 -0.007683065 0.206725359 0.067550883 0.976034045
1548339833.315150 0.296663165 0.006333930 -0.172710687 -0.007783897 0.204477191 0.067351274 0.976520479
1548339833.348670 0.299530268 0.002488169 -0.174715534 -0.009027517 0.201768130 0.066063844 0.977161050
1548339833.382190 0.279543906 0.010654691 -0.163779140 -0.008663019 0.204731047 0.065078102 0.976614058
1548339833.415700 0.274162740 0.009578601 -0.159966350 -0.009761336 0.205157891 0.064527810 0.976550639
1548339833.449230 0.275442690 0.004686670 -0.159345806 -0.011157797 0.203959629 0.064125858 0.976813078
1548339833.482740 0.270335644 0.010016518 -0.157805905 -0.011166703 0.203945041 0.062859163 0.976898372
1548339833.516260 0.261843860 0.021416826 -0.151584446 -0.009521690 0.203181133 0.062655143 0.977088034
1548339833.549840 0.275797933 0.012260799 -0.158254892 -0.011584665 0.199530825 0.062518567 0.977826476
1548339833.583360 0.277707130 0.010040889 -0.156708404 -0.012666477 0.200261191 0.062550887 0.977661729
1548339833.616900 0.277864516 0.006320958 -0.155039102 -0.013483492 0.200591058 0.063222617 0.977539897
1548339833.650440 0.268074334 -0.002430958 -0.148946360 -0.014988031 0.202466682 0.062996060 0.977145910
1548339833.683960 0.275723368 0.011709902 -0.151733577 -0.012382991 0.201792836 0.062484283 0.977354586
1548339833.717490 0.264989376 0.016114589 -0.147140533 -0.011338833 0.204590634 0.061843764 0.976826191
1548339833.751070 0.265546054 0.013344587 -0.146332443 -0.010871337 0.204539627 0.061375301 0.976871729
1548339833.784530 0.275099993 0.000673775 -0.150992557 -0.011622049 0.203583449 0.061475914 0.977056503
1548339833.818040 0.260925859 -0.004571634 -0.150336474 -0.011118123 0.206703395 0.060412023 0.976473510
1548339833.851540 0.269892812 -0.007032600 -0.151612490 -0.010101746 0.206055313 0.059535980 0.976675332
1548339833.885060 0.274547219 -0.010784777 -0.152515158 -0.008965714 0.206298128 0.058710501 0.976685107
1548339833.918570 0.273635656 -0.008192835 -0.149034977 -0.006422353 0.207192436 0.057552256 0.976584792
1548339833.952090 0.273445934 -0.005127712 -0.150400460 -0.003937208 0.206826419 0.056526534 0.976735413
1548339833.985600 0.273698926 -0.001580384 -0.149721667 -0.002168827 0.206547573 0.055447228 0.976861835
1548339834.019120 0.248057500 -0.002372743 -0.148567274 -0.001810339 0.209400848 0.053168550 0.976381660
1548339834.052420 0.263519943 0.000963423 -0.151059777 -0.001676991 0.205940709 0.052931339 0.977130413
1548339834.085820 0.265607178 0.007665879 -0.150677830 -0.001622992 0.205001488 0.052769624 0.977336764
1548339834.119340 0.268927366 0.009998138 -0.145934254 -0.002589530 0.204218239 0.052927095 0.977490127
1548339834.152810 0.252132714 0.007611509 -0.143324822 -0.003533915 0.206446365 0.053309247 0.976998210
1548339834.186310 0.253614426 0.015116657 -0.141657710 -0.002982880 0.207078964 0.054256197 0.976814032
1548339834.219810 0.252999574 0.018161355 -0.142267033 -0.002878183 0.208362252 0.056306176 0.976425350
1548339834.253240 0.251172066 0.017371768 -0.139314771 -0.003725213 0.209621847 0.058166757 0.976043761
1548339834.286760 0.262071103 0.013801186 -0.140487745 -0.005345437 0.209342569 0.059644852 0.976006985
1548339834.320280 0.283120096 0.024439180 -0.142482564 -0.005091841 0.207953110 0.058819026 0.976355374
1548339834.353790 0.281326443 0.019846493 -0.139173359 -0.006901603 0.209987968 0.058243092 0.975943208
1548339834.387080 0.255465060 0.029633649 -0.129772380 -0.005556191 0.215520710 0.056604527 0.974841475
1548339834.420540 0.253147125 0.029583629 -0.127853602 -0.005410079 0.219296977 0.055341151 0.974072337
1548339834.454060 0.257669389 0.017468093 -0.128740624 -0.006844124 0.222467750 0.055329304 0.973344743
1548339834.487580 0.235986277 0.028379541 -0.116831407 -0.004327221 0.228527457 0.053286880 0.972068429
1548339834.521090 0.219976678 0.027948331 -0.111073919 -0.003106064 0.234621122 0.052331712 0.970672309
1548339834.554610 0.260215044 0.020079084 -0.133363262 -0.003873619 0.233585328 0.054709509 0.970788240
1548339834.588120 0.259723663 0.019380171 -0.130314991 -0.003621861 0.237144828 0.056039006 0.969849885
1548339834.621590 0.271370858 0.011116540 -0.134276479 -0.004919138 0.238286287 0.057733472 0.969464958
1548339834.655160 0.248617843 0.012436922 -0.122991249 -0.004462254 0.245478824 0.055757612 0.967786789
1548339834.688720 0.259113133 0.034776829 -0.126098469 -0.001674486 0.247526914 0.058027983 0.967140317
1548339834.722240 0.237381518 0.034036513 -0.112755366 -0.002308469 0.255170196 0.057640679 0.965173781
1548339834.755750 0.258922666 0.029438585 -0.131504357 -0.003522789 0.255502999 0.059857499 0.964947104
1548339834.789260 0.265345216 0.037287373 -0.138988361 -0.002712002 0.257531941 0.061019953 0.964337349
1548339834.823280 0.264391363 0.033950113 -0.123874836 -0.004059636 0.262254238 0.062015604 0.962995470
1548339834.857060 0.230675608 0.033903152 -0.104220495 -0.004673530 0.272288591 0.060265724 0.960315108
1548339834.890580 0.214407116 0.033368692 -0.086399667 -0.005739467 0.279897124 0.058288280 0.958241701
1548339834.924250 0.182937309 0.025823992 -0.071283050 -0.006639396 0.289302915 0.058437340 0.955429137
1548339834.957610 0.184268072 0.019023338 -0.050163746 -0.007291425 0.295499176 0.059771553 0.953443468
1548339834.991030 0.176000729 0.016454283 -0.032737639 -0.007476526 0.302150875 0.061183657 0.951265216
1548339835.024540 0.241454408 0.029141719 -0.094529226 -0.004863897 0.291464508 0.064028285 0.954423964
1548339835.057890 0.248281673 0.029345430 -0.115182899 -0.004458448 0.292657375 0.064209498 0.954048753
1548339835.091380 0.274019629 0.029347904 -0.127955094 -0.004617840 0.293098807 0.066585235 0.953749537
1548339835.124900 0.282204717 0.030241318 -0.135366604 -0.004625732 0.295180589 0.067900635 0.953014493
1548339835.158440 0.271401793 0.027263250 -0.125819102 -0.004987630 0.300646156 0.068271711 0.951276004
1548339835.192120 0.274876654 0.028237872 -0.132822230 -0.004793108 0.302917242 0.069998212 0.950430691
1548339835.225620 0.276520640 0.017805338 -0.134323016 -0.006588241 0.306063652 0.071625888 0.949289918
1548339835.259160 0.285517365 0.019289518 -0.135472775 -0.006383322 0.307018191 0.072785780 0.948894799
1548339835.292670 0.279487431 0.018103240 -0.134755954 -0.006583550 0.311271250 0.072164722 0.947554290
1548339835.326160 0.269016951 0.013008839 -0.129841506 -0.007310199 0.317093998 0.073195726 0.945537090
1548339835.359510 0.275697678 0.016238088 -0.130373642 -0.006479006 0.318291605 0.074564114 0.945033729
1548339835.392960 0.307848096 0.020100525 -0.152003050 -0.005812732 0.314994812 0.074339002 0.946159720
1548339835.426130 0.299421221 0.014517801 -0.142166376 -0.005978907 0.319537014 0.074453674 0.944625318
1548339835.459570 0.300687045 0.015452319 -0.139954180 -0.004460864 0.321595967 0.075359590 0.943862855
1548339835.493090 0.314200014 0.016274394 -0.155652046 -0.002754598 0.320143282 0.076240718 0.944292367
1548339835.526520 0.309044480 0.017304117 -0.146820053 -0.001633655 0.323695868 0.076353051 0.943073988
1548339835.560030 0.285338074 0.004081810 -0.144699663 -0.002605055 0.327929348 0.076569393 0.941590488
1548339835.593570 0.274685830 0.010964141 -0.134253591 -0.001148120 0.332275808 0.075704947 0.940138459
1548339835.627080 0.275154084 0.013779027 -0.142225593 -0.000598718 0.334321111 0.076768793 0.939327240
1548339835.660600 0.283548743 0.011889387 -0.148135692 -0.001518694 0.334411055 0.078088708 0.939185321
1548339835.694110 0.300000310 0.013894896 -0.155444980 -0.002061962 0.332931697 0.079103775 0.939624846
1548339835.727610 0.294110924 0.012424648 -0.154861495 -0.002668677 0.336062759 0.078294389 0.938575864
1548339835.761100 0.258671522 0.006094553 -0.127647370 -0.003174905 0.345913798 0.077918626 0.935019910
1548339835.794620 0.270648748 0.009376631 -0.129277378 -0.002508657 0.346134841 0.079386704 0.934816599
1548339835.828120 0.262240946 0.005288160 -0.125172541 -0.002772538 0.348514378 0.079850741 0.933891773
1548339835.861630 0.257068962 0.000079838 -0.124354251 -0.003756485 0.350766927 0.080183327 0.933016062
1548339835.895150 0.263424128 0.001436881 -0.130118534 -0.003792421 0.350853086 0.080719076 0.932937384
1548339835.928690 0.253522903 0.006797632 -0.123473972 -0.002968210 0.354008108 0.079535246 0.931849539
1548339835.962200 0.260364056 0.004386074 -0.127698332 -0.003029007 0.354884893 0.080593936 0.931424797
1548339835.995700 0.315801293 0.015232748 -0.168964043 -0.001537420 0.346381336 0.082783140 0.934432745
1548339836.029150 0.320044070 0.014467865 -0.171189144 -0.002068331 0.346549451 0.083072782 0.934343696
1548339836.062750 0.319204569 0.016386785 -0.171938673 -0.002475616 0.348105073 0.082193278 0.933842063
1548339836.095960 0.320604146 0.013087234 -0.170228317 -0.003876523 0.349666417 0.082657084 0.933212817
1548339836.129460 0.314853758 0.008445107 -0.166091263 -0.005327784 0.351661563 0.083096653 0.932416558
1548339836.162970 0.325238794 0.010405019 -0.173587054 -0.005698541 0.351037174 0.083851375 0.932582080
1548339836.196490 0.321872354 0.021966483 -0.174858257 -0.004227677 0.353548318 0.084070727 0.931621075
1548339836.230010 0.326938212 0.015602248 -0.176879689 -0.005730497 0.355144739 0.084821440 0.930937529
1548339836.263520 0.328293294 0.022748020 -0.178239092 -0.004773000 0.357410967 0.084309548 0.930121779
1548339836.297040 0.332652688 0.019250253 -0.176685050 -0.005645539 0.359354883 0.085182950 0.929287970
1548339836.330550 0.328842491 0.026812309 -0.178076461 -0.004972987 0.361182600 0.084363692 0.928657711
1548339836.363970 0.336243212 0.030133525 -0.184244990 -0.006027321 0.362143934 0.084930144 0.928225338
1548339836.397490 0.335588902 0.028482415 -0.183506131 -0.007724698 0.364235044 0.085682735 0.927324951
1548339836.431000 0.335485846 0.021846652 -0.180564210 -0.009796472 0.366021812 0.086982943 0.926480472
1548339836.464620 0.336058319 0.033236910 -0.191292882 -0.009079359 0.368149042 0.086704478 0.925670624
1548339836.498150 0.347928733 0.032835364 -0.196835622 -0.009609990 0.371197432 0.090187073 0.924113810
1548339836.532200 0.339370698 0.028418645 -0.186230987 -0.010487009 0.374278814 0.091915898 0.922689974
1548339836.565720 0.337760776 0.027809545 -0.184099555 -0.011291604 0.375254005 0.092603125 0.922215581
1548339836.599260 0.335161716 0.025106672 -0.183431417 -0.012616776 0.376329213 0.094210967 0.921597183
1548339836.632780 0.343739867 0.025884053 -0.189107358 -0.014410774 0.374399811 0.094769940 0.922299147
1548339836.666290 0.346229047 0.030084359 -0.189244375 -0.015566028 0.374585152 0.094095811 0.922274172
1548339836.699780 0.342663795 0.024340210 -0.180624098 -0.017584318 0.376334935 0.093213640 0.921614885
1548339836.733300 0.317346722 0.007306900 -0.172501564 -0.020914136 0.380736411 0.093091257 0.919748008
1548339836.766810 0.332059473 0.015559613 -0.185726672 -0.019824211 0.377298802 0.093143754 0.921182275
1548339836.800330 0.343907773 0.020494886 -0.200430915 -0.019358564 0.374800682 0.091921948 0.922334015
1548339836.833840 0.324509084 0.019052157 -0.180543855 -0.019430537 0.380304873 0.090492554 0.920218289
1548339836.867360 0.320800751 0.009406306 -0.179342434 -0.020669375 0.381302029 0.091588259 0.919670105
1548339836.900880 0.333470881 0.018474514 -0.191200361 -0.019865759 0.378831029 0.091378696 0.920729220
1548339836.934390 0.331306309 0.024686698 -0.189268246 -0.020179369 0.381001323 0.091274746 0.919836819
1548339836.967880 0.329881907 0.016492631 -0.183330759 -0.022838840 0.383059025 0.092967413 0.918749809
1548339837.001390 0.342622966 0.016801525 -0.196564153 -0.023622630 0.380412966 0.094689652 0.919653118
1548339837.034900 0.351347268 0.017233659 -0.208564907 -0.024604289 0.378940672 0.095690057 0.920131505
1548339837.068420 0.350423515 0.019768288 -0.202808231 -0.025210230 0.379991859 0.095534563 0.919697642
1548339837.101930 0.337857425 0.016169008 -0.183529913 -0.026149880 0.383110672 0.094955184 0.918436646
1548339837.135380 0.339528412 0.018184854 -0.187786117 -0.025890408 0.381763995 0.095216967 0.918977499
1548339837.168890 0.344864607 0.019062821 -0.194691211 -0.025990926 0.380829841 0.095147714 0.919369340
1548339837.202450 0.355878383 0.018852267 -0.203449458 -0.026213560 0.379086941 0.096613027 0.919930339
1548339837.236000 0.333126903 0.015654949 -0.177633986 -0.026460951 0.383758426 0.094511062 0.918203115
1548339837.269510 0.345816135 0.015024213 -0.188604861 -0.025874937 0.381324083 0.095380336 0.919143617
1548339837.303030 0.343962371 0.012339766 -0.185987741 -0.025791734 0.382617682 0.095562190 0.918589354
1548339837.336540 0.348715693 0.014853644 -0.190722585 -0.024319457 0.381536841 0.096484557 0.918982565
1548339837.370060 0.348035097 0.016082160 -0.188405633 -0.023418164 0.381625891 0.095601358 0.919061303
1548339837.403580 0.349178404 0.019208690 -0.188790277 -0.022160353 0.381602019 0.095378757 0.919125497
1548339837.437090 0.345191061 0.017043903 -0.185584679 -0.022062864 0.382314593 0.094911583 0.918880045
1548339837.470580 0.347905040 0.019678859 -0.184250057 -0.021163914 0.381690562 0.094505139 0.919202447
1548339837.504100 0.352687091 0.024080200 -0.187948123 -0.019419402 0.380798876 0.094567709 0.919604301
1548339837.537640 0.347931027 -0.000038836 -0.184495717 -0.022113789 0.382328451 0.094316170 0.918934405
1548339837.571160 0.352588683 -0.003668902 -0.187007129 -0.021549305 0.382216901 0.095365249 0.918885946
1548339837.604670 0.356179804 -0.003384244 -0.192221090 -0.020079749 0.381492466 0.096233778 0.919129670
1548339837.638230 0.355168432 -0.000039903 -0.194803134 -0.018173141 0.381666392 0.096721970 0.919045925
1548339837.671760 0.355496854 0.005245382 -0.195271805 -0.016526176 0.382101446 0.096754752 0.918892741
1548339837.705290 0.345997393 0.007736419 -0.194563210 -0.015619263 0.384397477 0.096669190 0.917959511
1548339837.738950 0.356306702 0.008544818 -0.200936958 -0.015466145 0.382659405 0.098171316 0.918528736
1548339837.772690 0.352823019 0.004662944 -0.197789356 -0.015773891 0.382612765 0.097990021 0.918562233
1548339837.806350 0.357977718 -0.006236326 -0.198619977 -0.017324120 0.381384969 0.098074295 0.919035792
1548339837.839870 0.355699450 -0.001611398 -0.198786840 -0.016185910 0.381452352 0.098013997 0.919035017
1548339837.873430 0.367134005 0.009482409 -0.207444251 -0.014106425 0.377755880 0.097460978 0.920653522
1548339837.906960 0.373380899 0.010917869 -0.212566361 -0.013849790 0.374909520 0.097419597 0.921824515
1548339837.940490 0.354459345 -0.000832531 -0.195215508 -0.015480132 0.376646936 0.095969945 0.921242177
1548339837.974010 0.371178865 0.003431998 -0.206604168 -0.014927422 0.371900409 0.095687248 0.923207045
1548339838.007550 0.352661878 0.006888271 -0.195905477 -0.013765288 0.373519629 0.093738906 0.922771156
1548339838.041050 0.367668658 0.002247301 -0.202259079 -0.014097180 0.369750768 0.095200025 0.924133420
1548339838.074580 0.384102881 0.002930253 -0.215510562 -0.013820824 0.365018904 0.096077301 0.925926208
1548339838.108150 0.338601917 0.001251881 -0.182550162 -0.013744915 0.372489452 0.093125783 0.923249841
1548339838.141700 0.350946724 0.003788650 -0.190900370 -0.013954070 0.370358199 0.094694450 0.923944294
1548339838.175240 0.370988965 0.004180081 -0.206157327 -0.014794840 0.365697503 0.096137024 0.925637126
1548339838.208780 0.384305894 0.008180436 -0.219564706 -0.014616014 0.360600412 0.096922800 0.927555740
1548339838.242290 0.406175405 0.017407168 -0.235467583 -0.014366728 0.354893088 0.096569180 0.929795086
1548339838.275790 0.428714514 0.022298509 -0.250467896 -0.015593368 0.348926425 0.096148498 0.932074368
1548339838.309310 0.360489547 0.017076720 -0.203372419 -0.017623065 0.357520014 0.091521159 0.929243088
1548339838.342820 0.349068165 0.005874313 -0.187812760 -0.021551678 0.359358430 0.089845151 0.928614497
1548339838.376340 0.346743912 -0.003315101 -0.181162477 -0.024405176 0.359254032 0.088860609 0.928678989
1548339838.409850 0.325386286 0.005716873 -0.168900847 -0.023541966 0.361180514 0.086352356 0.928190529
1548339838.443310 0.332421184 0.007467000 -0.172611445 -0.023523193 0.358602434 0.086265631 0.929198146
1548339838.476820 0.338978648 0.011850516 -0.177947685 -0.023001580 0.356206149 0.085528739 0.930200517
1548339838.510340 0.345796645 0.015976887 -0.185400277 -0.022686310 0.353097439 0.085806876 0.931367159
1548339838.543850 0.355288327 0.017783407 -0.193877697 -0.022508161 0.348912925 0.086635798 0.932870507
1548339838.577370 0.358732700 0.020772403 -0.205125913 -0.022313008 0.346595943 0.086654738 0.933736742
1548339838.610860 0.371766657 0.023042429 -0.214086056 -0.021706620 0.343270123 0.087243788 0.934924006
1548339838.644360 0.368509948 0.014730593 -0.203989342 -0.022694582 0.344880670 0.086509250 0.934375942
1548339838.677880 0.373744279 0.015934195 -0.213557631 -0.020804111 0.342363596 0.086690083 0.935328364
1548339838.711400 0.379681051 0.018447591 -0.225331724 -0.018552821 0.339177102 0.086456977 0.936557472
1548339838.744910 0.384206206 0.022616593 -0.237518057 -0.015113682 0.335824609 0.087158799 0.937761545
1548339838.778430 0.391717315 0.026782475 -0.252791852 -0.012620652 0.331319809 0.086759008 0.939436436
1548339838.811940 0.324253261 -0.009530262 -0.159304604 -0.018413018 0.346519142 0.083830498 0.934108078
1548339838.845450 0.330209017 -0.001871469 -0.176500306 -0.016384769 0.342330992 0.083835185 0.935688376
1548339838.878950 0.337045252 -0.003662567 -0.184244066 -0.016721483 0.339770108 0.083698049 0.936627626
1548339838.912460 0.344463855 0.005472497 -0.203177735 -0.015308428 0.336497337 0.083177760 0.937878788
1548339838.945970 0.367827803 0.030752165 -0.225257203 -0.011789419 0.331293643 0.081714228 0.939908683
1548339838.979480 0.381266832 0.040823150 -0.244166031 -0.009220843 0.327575266 0.082187481 0.941198528
1548339839.012980 0.398835689 0.054331433 -0.268055379 -0.005264052 0.322185218 0.083325550 0.942987740
1548339839.046500 0.415044427 0.061729543 -0.284626842 -0.004214811 0.318095356 0.082701400 0.944435298
1548339839.080010 0.430074692 0.070271187 -0.309410244 -0.001986136 0.313671917 0.083247125 0.945873082
1548339839.113540 0.460329890 0.088277936 -0.331836760 0.000222834 0.307155043 0.082608886 0.948067248
1548339839.147040 0.480355293 0.085081600 -0.363788188 0.001361057 0.301203400 0.085105486 0.949753463
1548339839.180540 0.511768639 0.111036293 -0.384726614 0.005295126 0.294899553 0.084470309 0.951772511
1548339839.213990 0.528698564 0.116213165 -0.407321483 0.007029427 0.290787697 0.086209632 0.952869892
1548339839.247570 0.568147838 0.124383658 -0.426803201 0.008118487 0.283508301 0.087770618 0.954910159
1548339839.280980 0.601144373 0.130551785 -0.452983469 0.009676700 0.275733203 0.088373035 0.957114279
1548339839.314480 0.623663604 0.141115800 -0.452351302 0.010974978 0.273144752 0.088183075 0.957859695
1548339839.347990 0.652155936 0.156464651 -0.480428845 0.014785415 0.266225040 0.089895420 0.959595978
1548339839.381500 0.703340888 0.166672781 -0.500460863 0.015696343 0.257157028 0.089509018 0.962087333
1548339839.415010 0.740936458 0.183107406 -0.528157771 0.018959567 0.248635650 0.088713169 0.964339554
1548339839.448460 0.776442170 0.185415655 -0.552386642 0.020379586 0.241379410 0.091300920 0.965911388
1548339839.481980 0.804322243 0.204013124 -0.577131152 0.024735404 0.234324858 0.091838710 0.967494547
1548339839.515500 0.837000072 0.221619606 -0.606043041 0.028596094 0.226477295 0.094711207 0.968978882
1548339839.548980 0.870818555 0.233471945 -0.616565228 0.030711791 0.219487399 0.096951112 0.970300257
1548339839.582100 0.915508747 0.236770540 -0.632634103 0.030949743 0.209604710 0.097203955 0.972450197
1548339839.615620 0.942368269 0.239081204 -0.640018344 0.031129355 0.204128966 0.098816849 0.973446250
1548339839.649130 0.977545857 0.251429826 -0.662256837 0.033109792 0.195967689 0.099956423 0.974940598
1548339839.682580 1.006406784 0.262053281 -0.675478995 0.034209371 0.187304482 0.099676944 0.976632595
1548339839.716090 1.025385737 0.265969068 -0.685054779 0.034408536 0.181967989 0.099908173 0.977610409
1548339839.749610 1.046382308 0.275272220 -0.709722221 0.034785051 0.175468504 0.098977335 0.978879094
1548339839.783130 1.074810386 0.283752471 -0.720695317 0.035175223 0.168780923 0.100621887 0.979872942
1548339839.816710 1.081615806 0.306278050 -0.761356115 0.041296646 0.161356568 0.102953568 0.980642259
1548339839.850280 1.089306116 0.322595477 -0.786821663 0.046110563 0.156455308 0.106335998 0.980860949
1548339839.883870 1.120096087 0.324704230 -0.796312034 0.044980004 0.149815843 0.106599949 0.981920838
1548339839.917390 1.090906620 0.316880822 -0.780905187 0.043267313 0.153694466 0.105232820 0.981545746
1548339839.950900 1.077705264 0.305695117 -0.774720728 0.041400939 0.154609963 0.104220785 0.981590390
1548339839.984370 1.075225711 0.303066313 -0.770497918 0.040390655 0.154310226 0.103192180 0.981788337
1548339840.017860 1.069177032 0.298327416 -0.769610405 0.039002009 0.154399142 0.102316841 0.981922090
1548339840.051400 1.080663085 0.296987772 -0.768036902 0.036956444 0.151557535 0.100497782 0.982631505
1548339840.084970 1.084439993 0.284302592 -0.766713798 0.033643875 0.150670454 0.100032873 0.982934356
1548339840.118480 1.083747983 0.292580724 -0.766964614 0.034606542 0.149488151 0.098987937 0.983187199
1548339840.152000 1.068550110 0.291710496 -0.760309815 0.034349132 0.150789484 0.097932413 0.983103216
1548339840.185520 1.044771671 0.285816401 -0.752219975 0.033282854 0.154456094 0.096638002 0.982698679
1548339840.219030 1.017548680 0.283077270 -0.744374394 0.033650145 0.158391908 0.095743850 0.982147038
1548339840.252500 1.000463009 0.277632982 -0.737338901 0.033231638 0.159659207 0.095308691 0.981998384
1548339840.286060 0.899535477 0.215170860 -0.627121568 0.018209938 0.180708662 0.087728299 0.979447067
1548339840.319580 0.907680094 0.213621959 -0.624629498 0.016898818 0.178107351 0.088688515 0.979860485
1548339840.353100 0.962517142 0.226846993 -0.649888396 0.017229738 0.167335317 0.090370022 0.981598318
1548339840.386610 0.998154402 0.224598438 -0.656487226 0.014918583 0.160967708 0.091901459 0.982558370
1548339840.420130 1.040148973 0.226292893 -0.651313365 0.014461993 0.153562531 0.092508107 0.983692825
1548339840.453640 1.040382266 0.240539089 -0.657858729 0.016730435 0.153373733 0.093567781 0.983586133
1548339840.487160 1.048563004 0.223554224 -0.651993752 0.013473290 0.152413890 0.094449013 0.983701110
1548339840.520680 1.033679128 0.222993791 -0.641854703 0.013414442 0.154177725 0.092620745 0.983600855
1548339840.554400 1.048072696 0.206702769 -0.657821119 0.010021435 0.151699677 0.094431520 0.983854413
1548339840.587600 1.034063101 0.201483503 -0.645180702 0.009163074 0.154717192 0.093602397 0.983472049
1548339840.620950 1.013602853 0.192001626 -0.641742349 0.007604264 0.158229157 0.092886589 0.982994318
1548339840.654460 0.965531886 0.191959739 -0.634078681 0.007943576 0.165592954 0.090831138 0.981970251
1548339840.688110 0.953150690 0.195839569 -0.631116569 0.008710389 0.168286204 0.089836001 0.981597364
1548339840.721620 0.925183296 0.191817626 -0.622187078 0.008179042 0.173155338 0.088413663 0.980883956
1548339840.755180 0.928485274 0.193710208 -0.623795748 0.008333724 0.171711370 0.087942913 0.981178820
1548339840.788690 0.952118099 0.204664841 -0.629362047 0.009714376 0.166550130 0.087743595 0.982073188
1548339840.822210 0.936266005 0.207481354 -0.624901474 0.010020555 0.168988273 0.085864976 0.981819630
1548339840.855730 0.913072586 0.205733344 -0.617278218 0.009407495 0.172870830 0.083998218 0.981311083
1548339840.889240 0.914949954 0.165142477 -0.611732244 0.001747476 0.173123538 0.083995633 0.981310308
1548339840.922760 0.913553655 0.160228848 -0.605414391 0.001296296 0.174999833 0.083104067 0.981054068
1548339840.956290 0.922659755 0.167446241 -0.610623956 0.003982441 0.173151031 0.083488546 0.981342196
1548339840.989830 0.909751832 0.170485109 -0.604470253 0.006212795 0.176517174 0.082361668 0.980826020
1548339841.023340 0.911818862 0.179656953 -0.602672040 0.009171102 0.176739007 0.082545899 0.980747402
1548339841.056860 0.892372072 0.176894605 -0.599006176 0.009837223 0.180133879 0.081749901 0.980189741
1548339841.090370 0.874273121 0.175167561 -0.590291440 0.010471577 0.183825031 0.081052080 0.979555666
1548339841.123890 0.865796804 0.168011323 -0.584776878 0.009335981 0.185307577 0.080093518 0.979366601
1548339841.157430 0.860896409 0.168569997 -0.581838191 0.009349160 0.186238781 0.079348080 0.979250491
1548339841.191000 0.863452077 0.167967454 -0.577284098 0.009134204 0.184685171 0.078527674 0.979612887
1548339841.224530 0.864478052 0.171860099 -0.583216608 0.009856095 0.182818368 0.077445306 0.980042100
1548339841.258040 0.858183980 0.170218021 -0.580148458 0.009727624 0.183527261 0.077482194 0.979907990
1548339841.291550 0.887649179 0.179390967 -0.587503731 0.011473631 0.175720975 0.079749361 0.981137395
1548339841.325070 0.765702069 0.202721208 -0.540656984 0.016500495 0.191470101 0.075249739 0.978470445
1548339841.358590 0.803282201 0.212095603 -0.557075202 0.017558558 0.179919928 0.076524653 0.980542958
1548339841.391990 0.842757881 0.219682068 -0.562088072 0.018463057 0.168866411 0.079087637 0.982287347
1548339841.425510 0.890042186 0.234810218 -0.580975413 0.020300858 0.156626210 0.081059895 0.984116554
1548339841.459030 0.926815867 0.227046236 -0.584095001 0.017207636 0.148185030 0.080849268 0.985499084
1548339841.492540 0.941601038 0.237586662 -0.586705685 0.019605557 0.142171621 0.084165551 0.986062348
1548339841.526060 0.948792875 0.237973049 -0.585709393 0.020382550 0.137309045 0.085746333 0.986599386
1548339841.559860 0.919323623 0.225152582 -0.577146411 0.020833837 0.137492791 0.086891942 0.986464143
1548339841.593460 0.966499925 0.239251330 -0.582295179 0.025479050 0.124024570 0.087803759 0.988058329
1548339841.626970 0.919807196 0.226457983 -0.576117814 0.027291734 0.126333728 0.087674119 0.987728834
1548339841.660430 0.940154850 0.224404171 -0.592838585 0.030401189 0.115746155 0.088194951 0.988888383
1548339841.693940 0.983753264 0.233180240 -0.592877328 0.034797080 0.098654404 0.086137615 0.990775824
1548339841.727440 1.015443921 0.245005354 -0.589752495 0.039288536 0.083988681 0.082887203 0.992235839
1548339841.760980 1.057178020 0.253165036 -0.607312739 0.042047784 0.069707580 0.077787593 0.993640721
1548339841.794550 1.096163630 0.264493227 -0.604257524 0.045500610 0.056148905 0.074555717 0.994594634
1548339841.828070 1.135013580 0.264720649 -0.608279824 0.046839494 0.043202583 0.069595844 0.995538056
1548339841.861580 1.164544106 0.252927810 -0.612578750 0.046765577 0.032515548 0.066810183 0.996138632
1548339841.895100 1.214775920 0.249678642 -0.607305348 0.047612321 0.019181984 0.065770917 0.996513546
1548339841.928620 1.266293406 0.251684040 -0.601645768 0.049314857 0.003175147 0.066063851 0.996590972
1548339841.962070 1.290708303 0.238054916 -0.588541746 0.048019785 -0.007064989 0.065098070 0.996697783
1548339841.995570 1.321758866 0.228152528 -0.585380673 0.046447113 -0.015425088 0.066344388 0.996595800
1548339842.029020 1.248050213 0.239547044 -0.600103199 0.050019819 -0.007673775 0.063759267 0.996681452
1548339842.062260 1.250417471 0.243188575 -0.600866318 0.051230021 -0.011124209 0.063400179 0.996610284
1548339842.095780 1.235466361 0.236041233 -0.604878426 0.050738875 -0.011156401 0.063385181 0.996636033
1548339842.129290 1.234074712 0.241878510 -0.603071392 0.052142479 -0.013834544 0.062108915 0.996610343
1548339842.162610 1.235285044 0.236200660 -0.604621530 0.051422123 -0.017079150 0.061232604 0.996651709
1548339842.196080 1.246987581 0.238617837 -0.599454999 0.052254874 -0.021219928 0.060545519 0.996570826
1548339842.229550 1.253690481 0.243939325 -0.600540161 0.053500988 -0.025482135 0.060359806 0.996416092
1548339842.263040 1.258545876 0.243131474 -0.600935221 0.053265098 -0.029695814 0.058829017 0.996403575
1548339842.296560 1.258423090 0.253695518 -0.602602482 0.054999143 -0.034243785 0.056642529 0.996290147
1548339842.330100 1.294535875 0.254467398 -0.598154545 0.054243878 -0.043938339 0.055139948 0.996035457
1548339842.363630 1.218801737 0.249697357 -0.597899258 0.053163998 -0.035156041 0.051377565 0.996643364
1548339842.397180 1.244525909 0.254369915 -0.597830832 0.052776068 -0.043990079 0.049180347 0.996424019
1548339842.430730 1.188363791 0.249338895 -0.597103119 0.051473435 -0.038541660 0.046085451 0.996865630
1548339842.464300 1.185784698 0.246612981 -0.598629773 0.049448516 -0.041886747 0.044741295 0.996894479
1548339842.497820 1.209961653 0.250454277 -0.598481655 0.048097882 -0.050019808 0.045449678 0.996553540
1548339842.531350 1.198078990 0.252026796 -0.600052774 0.046926063 -0.052524164 0.044580527 0.996519804
1548339842.564860 1.201569796 0.258859038 -0.597715616 0.046481911 -0.056788988 0.044374198 0.996315897
1548339842.598380 1.192624927 0.256126642 -0.594442844 0.044330262 -0.056789540 0.043794807 0.996439576
1548339842.631900 1.167884231 0.254509270 -0.592324495 0.043366428 -0.055323768 0.043954521 0.996557415
1548339842.665410 1.168916583 0.253305197 -0.590363503 0.043202575 -0.059607487 0.042683009 0.996372759
1548339842.698990 1.182428837 0.256709576 -0.588028312 0.043439828 -0.064831518 0.040732231 0.996117830
1548339842.732530 1.188888550 0.252489388 -0.584978342 0.041971989 -0.066986375 0.038249914 0.996136606
1548339842.766050 1.204062104 0.253688693 -0.582599699 0.041336387 -0.068933681 0.036206044 0.996106684
1548339842.799560 1.184695601 0.260401815 -0.580606222 0.041906469 -0.065800682 0.033720259 0.996381938
1548339842.833060 1.206823349 0.255531788 -0.582819223 0.040621843 -0.068275109 0.031443935 0.996343136
1548339842.866510 1.185692310 0.268228769 -0.581559062 0.042024653 -0.062863767 0.028965291 0.996716142
1548339842.900020 1.221026540 0.276811153 -0.574480832 0.042132024 -0.068320327 0.028840471 0.996356070
1548339842.933540 1.208572507 0.278194249 -0.573943436 0.040834263 -0.066371411 0.025333988 0.996637106
1548339842.967060 1.219123840 0.273111761 -0.575671136 0.037284911 -0.066775531 0.023718290 0.996788979
1548339843.000560 1.215058446 0.292266905 -0.568294942 0.038171988 -0.065605715 0.023360454 0.996841550
1548339843.034070 1.208984375 0.294124842 -0.564026713 0.036284309 -0.063647002 0.021727744 0.997075975
1548339843.067590 1.200971484 0.292089641 -0.563351214 0.033946957 -0.061059836 0.021153653 0.997332335
1548339843.101090 1.193344831 0.288297892 -0.565723240 0.031762816 -0.059291042 0.021180006 0.997510433
1548339843.134580 1.193485618 0.287750900 -0.564510047 0.030309068 -0.059026722 0.020494055 0.997585654
1548339843.168020 1.186874628 0.290826231 -0.558418512 0.029467123 -0.057050545 0.020876404 0.997717977
1548339843.201540 1.173290253 0.290510327 -0.560518980 0.028831866 -0.054979213 0.021717841 0.997834861
1548339843.235020 1.158942223 0.292131722 -0.559860528 0.029057238 -0.055615045 0.022892265 0.997766793
1548339843.268550 1.151926637 0.289743751 -0.560191691 0.028985551 -0.060044646 0.023207158 0.997504830
1548339843.302090 1.169636011 0.288120627 -0.559896767 0.028990282 -0.065549701 0.022875924 0.997165740
1548339843.335600 1.174393773 0.287578434 -0.556386948 0.028454306 -0.067432441 0.024993673 0.997004747
1548339843.369190 1.173491478 0.288102686 -0.556034982 0.028690564 -0.069738254 0.025763044 0.996819794
1548339843.402670 1.171747208 0.290389925 -0.554018438 0.029651549 -0.071826600 0.025500763 0.996650100
1548339843.436180 1.167527676 0.287247866 -0.550865114 0.029729567 -0.072630242 0.024628388 0.996611476
1548339843.469720 1.154188395 0.289916098 -0.552834153 0.031153681 -0.071856566 0.024167538 0.996635377
1548339843.503210 1.148119330 0.285578877 -0.555501044 0.031443555 -0.073527195 0.023719819 0.996515155
1548339843.536730 1.143403292 0.288756698 -0.553592205 0.033330340 -0.076673582 0.023598896 0.996219516
1548339843.570260 1.147226453 0.287730426 -0.549462795 0.034539483 -0.081202455 0.022806892 0.995837867
1548339843.603780 1.140013456 0.291430652 -0.548620164 0.035873681 -0.083124533 0.022841025 0.995631278
1548339843.637350 1.146912575 0.290492237 -0.549426138 0.036078915 -0.086726978 0.022570046 0.995322704
1548339843.670920 1.149821877 0.291527897 -0.545513511 0.036000222 -0.087755390 0.022394588 0.995239437
1548339843.704430 1.135191083 0.291277438 -0.543567359 0.035873923 -0.086151019 0.022831328 0.995374203
1548339843.737950 1.120805979 0.287911385 -0.551147103 0.036207117 -0.085758425 0.023403253 0.995382726
1548339843.771460 1.126337290 0.274840385 -0.551642418 0.035157841 -0.089117050 0.024215849 0.995105863
1548339843.804980 1.147107840 0.272211581 -0.556851864 0.035918325 -0.094676957 0.025996724 0.994520128
1548339843.838500 1.175571918 0.283531159 -0.568666935 0.038834013 -0.100090168 0.026528299 0.993866265
1548339843.872420 1.207584620 0.291006684 -0.587818623 0.040518254 -0.106441364 0.025878547 0.993155956
1548339843.905940 1.243786573 0.290007591 -0.589196444 0.041365083 -0.114463985 0.027065950 0.992196739
1548339843.973140 0.102267638 0.030278586 -0.020476855 -0.011862638 0.094334967 0.016039096 0.995340586
1548339844.006810 0.081530474 0.031557348 -0.007355021 -0.011182067 0.094615214 0.012289185 0.995375276
1548339844.040330 0.084484383 0.029722296 -0.011188216 -0.011224777 0.090912394 0.011274819 0.995731771
1548339844.074300 0.083365172 0.029638348 -0.010350638 -0.010868226 0.088411689 0.010356037 0.995970905
1548339844.108370 0.077461571 0.027272800 -0.007187890 -0.010590893 0.087093353 0.008791670 0.996105015
1548339844.141890 0.086067408 0.022205113 -0.009789856 -0.010526505 0.084731638 0.007291967 0.996321499
1548339844.175400 0.076286197 0.026438789 -0.003212229 -0.009018539 0.086825401 0.005943798 0.996164978
1548339844.208920 0.081652373 0.024183668 -0.007043564 -0.008932013 0.086483918 0.006750006 0.996190369
1548339844.242440 0.084741458 0.019505072 -0.010575861 -0.008835364 0.085712917 0.006207529 0.996261358
1548339844.275950 0.093864992 0.015003867 -0.012226854 -0.008976058 0.084542900 0.006748594 0.996356547
1548339844.309470 0.089456491 0.013274520 -0.011344628 -0.008920506 0.085639060 0.006494673 0.996265113
1548339844.342980 0.084081516 0.013426840 -0.007096613 -0.008838352 0.086918645 0.005695521 0.996159911
1548339844.375030 0.086924523 0.008281290 -0.002446649 -0.009789001 0.088717997 0.005244697 0.995994866
1548339844.408430 0.109256342 0.004450079 -0.001669151 -0.009785369 0.090259857 0.006266227 0.995850444
1548339844.441950 0.100900710 -0.000379662 0.003840695 -0.009719170 0.098347045 0.008410574 0.995069146
1548339844.475460 0.102574646 0.002313360 -0.002469091 -0.007845165 0.102811046 0.011565449 0.994602740
1548339844.508980 0.113106087 -0.008012691 0.001450226 -0.008363889 0.107383110 0.013250939 0.994094253
1548339844.542490 0.115221865 -0.007523913 -0.003099626 -0.005907599 0.115626127 0.018097462 0.993110359
1548339844.576010 0.122332312 -0.013388041 0.002716321 -0.005179594 0.119697705 0.020776078 0.992579460
1548339844.609530 0.137694851 -0.016150203 0.004632415 -0.003465570 0.124089919 0.022648977 0.992006421
1548339844.643050 0.168262661 -0.014242902 -0.012102278 -0.000321621 0.126544908 0.026781570 0.991599202
1548339844.676590 0.155061409 -0.009691538 -0.011076924 0.002721457 0.133688822 0.029616721 0.990576982
1548339844.710120 0.157374054 -0.010210417 -0.014699621 0.003930704 0.136759982 0.029530246 0.990156174
1548339844.743640 0.120764419 -0.017495638 -0.001109758 0.003259945 0.147817031 0.027156768 0.988636434
1548339844.777170 0.119421542 -0.018667208 -0.000600011 0.002972680 0.152497321 0.028107531 0.987899601
1548339844.810690 0.132509708 -0.025219768 -0.011330325 0.001810997 0.154512778 0.028483173 0.987578452
1548339844.844200 0.121878594 -0.024711631 -0.000336683 0.001996610 0.161082089 0.027570976 0.986553848
1548339844.877720 0.130852535 -0.032351341 -0.005460935 0.000970910 0.163445145 0.027973952 0.986155272
1548339844.911230 0.125999287 -0.030477939 -0.009147523 0.001493821 0.168453187 0.027542604 0.985323668
1548339844.944740 0.125703573 -0.031120839 -0.008651142 0.002001829 0.172609419 0.028071897 0.984588206
1548339844.978240 0.122681774 -0.037348192 -0.006965531 0.001833091 0.177135602 0.028386716 0.983775258
1548339845.011760 0.135083899 -0.038243655 -0.016221745 0.002695893 0.180052042 0.029029377 0.983224928
1548339845.045280 0.130838588 -0.032541115 -0.009509247 0.005320019 0.188878551 0.030379122 0.981516004
1548339845.078780 0.132192791 -0.042395841 -0.014102479 0.005390787 0.194818601 0.032407600 0.980288923
1548339845.112290 0.143244386 -0.043386556 -0.016325545 0.006627838 0.198203966 0.034534521 0.979529798
1548339845.145810 0.143153235 -0.046253812 -0.018573873 0.007843667 0.203939795 0.036850076 0.978258193
1548339845.179320 0.144502953 -0.054925688 -0.022746136 0.007578264 0.208904922 0.039774884 0.977097332
1548339845.212840 0.154323503 -0.053281520 -0.032423586 0.008770419 0.211328268 0.041890364 0.976477683
1548339845.246350 0.147687972 -0.054099310 -0.026479155 0.009796259 0.216175064 0.043147568 0.975351572
1548339845.279870 0.152572513 -0.048348747 -0.029769216 0.011479085 0.220441654 0.043569259 0.974358976
1548339845.313390 0.146388739 -0.056958985 -0.028821664 0.010691917 0.225593850 0.044810634 0.973131597
1548339845.346520 0.150372311 -0.052808549 -0.035628963 0.012162471 0.227449194 0.044598505 0.972692072
1548339845.379950 0.153915644 -0.040672112 -0.040984403 0.014739547 0.231783643 0.043422516 0.971685946
1548339845.447040 0.166967675 -0.052988786 -0.046141177 0.013314965 0.240106329 0.044688914 0.969626009
1548339845.480560 0.173601121 -0.055056974 -0.056416303 0.013360532 0.243603960 0.044460155 0.968763053
1548339845.514070 0.173519537 -0.057016198 -0.055869218 0.013043421 0.251518250 0.045845252 0.966678143
1548339845.547590 0.182877526 -0.047967866 -0.060619008 0.013627909 0.255160987 0.045916982 0.965711534
1548339845.581130 0.184895784 -0.049659334 -0.065825209 0.012305466 0.259734988 0.046362020 0.964487851
1548339845.615100 0.190386847 -0.052296255 -0.069857590 0.010545067 0.265799135 0.047861513 0.962781847
1548339845.648680 0.202980772 -0.049230363 -0.074695006 0.009350501 0.269516766 0.049273428 0.961688817
1548339845.682190 0.197081059 -0.051244460 -0.073760718 0.007144262 0.276564837 0.050350454 0.959648728
1548339845.715710 0.213207379 -0.051460840 -0.077217549 0.005292563 0.280457765 0.052529071 0.958413303
1548339845.749200 0.213963270 -0.056355543 -0.078017272 0.002872208 0.286053628 0.053633060 0.956707120
1548339845.782230 0.208590567 -0.056209337 -0.073399246 0.001344863 0.293008476 0.054896396 0.954531610
1548339845.815720 0.204049587 -0.051180143 -0.065251462 0.001209321 0.299794883 0.056850445 0.952307522
1548339845.849230 0.210992455 -0.055143699 -0.071525328 -0.000529001 0.302924216 0.058642332 0.951208591
1548339845.882750 0.215773985 -0.059282783 -0.072740115 -0.002136285 0.306872666 0.059965547 0.949857235
1548339845.916310 0.229940474 -0.064541690 -0.087282591 -0.003920523 0.309259444 0.062165346 0.948935568
1548339845.950180 0.228183642 -0.059012387 -0.080247149 -0.003638224 0.315502018 0.063591428 0.946784735
1548339845.983780 0.226863787 -0.058612842 -0.077980347 -0.004053601 0.320350260 0.064283848 0.945106804
1548339846.017320 0.232284963 -0.054854210 -0.082013518 -0.004051517 0.323894292 0.065637417 0.943804979
1548339846.050870 0.224386960 -0.072269812 -0.075593039 -0.007670379 0.330612928 0.066655964 0.941378355
1548339846.084360 0.235699371 -0.060783323 -0.081221275 -0.006623424 0.333316892 0.067713454 0.940356791
1548339846.117850 0.235902667 -0.056555487 -0.086316720 -0.006230679 0.336859465 0.068655938 0.939027786
1548339846.151360 0.241477013 -0.063045226 -0.088914327 -0.007772687 0.339626431 0.069848970 0.937931001
1548339846.184880 0.240615040 -0.062490951 -0.088179417 -0.008712972 0.343984842 0.070080824 0.936315775
1548339846.218310 0.253820181 -0.065951809 -0.100101590 -0.009868192 0.345277309 0.071914710 0.935689270
1548339846.251820 0.262364268 -0.046470266 -0.105611019 -0.008186233 0.347226709 0.071573704 0.935010076
1548339846.285340 0.260907859 -0.052740820 -0.100430325 -0.010555133 0.351043195 0.072742924 0.933469713
1548339846.318940 0.262710065 -0.048648503 -0.099759452 -0.011302621 0.354203284 0.073152214 0.932234406
1548339846.352600 0.270068139 -0.048481327 -0.103423297 -0.012857313 0.356868714 0.073621131 0.931160212
1548339846.386150 0.279517561 -0.049991358 -0.110746227 -0.014245094 0.359086663 0.074561484 0.930212021
1548339846.419660 0.279195726 -0.043547042 -0.110700019 -0.014132305 0.362515748 0.074325323 0.928901672
1548339846.453530 0.279561222 -0.051857661 -0.107287578 -0.016016265 0.365754187 0.075539917 0.927502632
1548339846.487050 0.282227308 -0.042326842 -0.108336553 -0.015071078 0.368070751 0.075374112 0.926615059
1548339846.520530 0.284492582 -0.034217469 -0.110142350 -0.014903851 0.371393293 0.075483821 0.925282180
1548339846.553730 0.295257837 -0.036500745 -0.114257023 -0.016923599 0.373338968 0.076512821 0.924379468
1548339846.587240 0.300864905 -0.030028118 -0.126250580 -0.017607318 0.375728875 0.076990947 0.923358083
1548339846.620760 0.304131627 -0.031166201 -0.124523014 -0.019998746 0.380408287 0.079266705 0.921198368
1548339846.654280 0.300167978 -0.031181170 -0.114434749 -0.021995351 0.383020252 0.081420340 0.919881761
1548339846.687780 0.309240639 -0.028165929 -0.122742906 -0.023650618 0.382892907 0.081005633 0.919930339
1548339846.721300 0.319026053 -0.033247579 -0.123639390 -0.025642673 0.385404825 0.084480748 0.918514371
1548339846.754750 0.312376678 -0.034666937 -0.112930901 -0.026537474 0.388554841 0.086387463 0.916983128
1548339846.788270 0.323858529 -0.032829702 -0.120464683 -0.027251260 0.387720674 0.087324917 0.917226493
1548339846.821790 0.318149865 -0.026462452 -0.116698340 -0.027241912 0.390593290 0.087200932 0.916018963
1548339846.855290 0.316175461 -0.021929361 -0.111153714 -0.027596438 0.391336441 0.087826826 0.915631294
1548339846.888790 0.321262032 -0.013216208 -0.114443526 -0.027799809 0.389681816 0.086505964 0.916456223
1548339846.922220 0.318111688 -0.016432844 -0.113590017 -0.029529255 0.391089559 0.086113416 0.915839195
1548339846.955400 0.305091619 -0.003806127 -0.096889965 -0.027940976 0.391450018 0.085241564 0.915816605
1548339846.988920 0.319311917 -0.008203044 -0.113889731 -0.029483194 0.385312051 0.083286479 0.918547094
1548339847.022580 0.323760659 -0.011328056 -0.115439087 -0.030399183 0.386511147 0.082893796 0.918048859
1548339847.056210 0.313623160 -0.020163033 -0.100084372 -0.030793434 0.388083905 0.084435426 0.917231321
1548339847.089720 0.317880362 -0.014841400 -0.109642476 -0.029228948 0.383597910 0.082205147 0.919369698
1548339847.123300 0.318329632 -0.007368844 -0.105217911 -0.027202258 0.381600261 0.081235595 0.920348883
1548339847.156750 0.304098874 -0.004523831 -0.093988225 -0.025877645 0.380403757 0.080439255 0.920952141
1548339847.190270 0.302591801 -0.003459131 -0.097758219 -0.025331855 0.376208842 0.079328954 0.922784984
1548339847.223780 0.304061323 -0.003241042 -0.101565324 -0.025546940 0.372510731 0.079094850 0.924298227
1548339847.257300 0.310395122 -0.000066998 -0.104608580 -0.025648160 0.369179904 0.079401642 0.925604522
1548339847.290820 0.300138265 0.011527013 -0.094988368 -0.023834612 0.367087215 0.079676718 0.926461279
1548339847.324330 0.302058935 0.011524686 -0.102976277 -0.024169076 0.360882819 0.079481415 0.928903759
1548339847.357850 0.309026539 0.009101593 -0.110475719 -0.025286674 0.357109517 0.079857230 0.930298984
1548339847.391370 0.305406630 0.005473579 -0.102298647 -0.026394930 0.355864972 0.080564611 0.930684030
1548339847.424880 0.305140883 0.010967871 -0.106926061 -0.025828181 0.351711094 0.080208696 0.932308316
1548339847.458410 0.304488450 0.007412797 -0.103002958 -0.026806841 0.349428326 0.079928093 0.933162749
1548339847.491910 0.294733614 0.017878057 -0.096666567 -0.025139203 0.347428024 0.077931002 0.934124470
1548339847.525430 0.303718477 0.015484065 -0.101833954 -0.026153032 0.342498541 0.076614134 0.936024070
1548339847.558960 0.305842519 0.008088410 -0.103280663 -0.027945276 0.340012461 0.075542144 0.936965287
1548339847.592480 0.301663697 0.007761654 -0.101128899 -0.028061051 0.338495016 0.074121729 0.937624454
1548339847.625990 0.302489161 0.011937357 -0.103303060 -0.027417490 0.335496306 0.072023451 0.938883960
1548339847.659510 0.303119272 0.013082898 -0.104219310 -0.027561182 0.334645331 0.069856614 0.939347088
1548339847.693030 0.309821278 0.007382483 -0.107498005 -0.028488165 0.332870543 0.068862639 0.940023184
1548339847.726540 0.303867459 0.011802902 -0.100223571 -0.027127264 0.333130509 0.067543626 0.940067053
1548339847.760060 0.304477543 0.015925262 -0.101831801 -0.025920885 0.331392080 0.065781511 0.940840125
1548339847.793510 0.297293961 0.020977207 -0.098435365 -0.024441704 0.330709845 0.064022094 0.941241086
1548339847.827030 0.301425278 0.018311024 -0.098525867 -0.024218099 0.326994807 0.062786333 0.942627072
1548339847.860540 0.303814530 0.018279273 -0.100615516 -0.023974806 0.325876713 0.061267685 0.943120301
1548339847.894060 0.295455098 0.018635998 -0.095655717 -0.023270914 0.326101571 0.061241001 0.943061948
1548339847.927580 0.294819742 0.018952504 -0.095764227 -0.023307677 0.323057741 0.059829749 0.944198549
1548339847.961090 0.299640298 0.018798711 -0.095164597 -0.023964420 0.320685953 0.058470428 0.945075393
1548339847.994610 0.297081023 0.018108914 -0.090651646 -0.024298621 0.320058316 0.058742363 0.945262730
1548339848.028120 0.287505418 0.017443059 -0.083781257 -0.024221804 0.318979114 0.058978751 0.945614696
1548339848.061640 0.296694398 0.024475358 -0.086627387 -0.022757314 0.313983440 0.058629036 0.947343171
1548339848.095130 0.293418914 0.019007305 -0.085247025 -0.023107329 0.312870502 0.059406452 0.947654486
1548339848.128650 0.290314406 0.021556847 -0.081264697 -0.021761468 0.311076015 0.060612716 0.948200524
1548339848.162190 0.287441015 0.023307402 -0.078378908 -0.020291546 0.307429612 0.060596433 0.949422657
1548339848.195680 0.291891098 0.021801077 -0.077957489 -0.019222442 0.305392444 0.061917998 0.950016916
1548339848.229190 0.276364148 0.013234108 -0.066136152 -0.018115358 0.305841625 0.064249031 0.949739337
1548339848.262710 0.281638712 0.017656650 -0.072262727 -0.014833101 0.300305694 0.065575138 0.951470613
1548339848.296250 0.289006770 0.011570951 -0.078116849 -0.013599209 0.296198130 0.066898234 0.952683747
1548339848.329750 0.296079904 0.015495057 -0.082566999 -0.010360571 0.292276233 0.068364911 0.953830957
1548339848.363260 0.290130496 0.009139589 -0.080797188 -0.009025251 0.289578140 0.069160618 0.954609811
1548339848.396780 0.293308079 0.008675823 -0.084509417 -0.007046424 0.285902917 0.069532916 0.955706537
1548339848.430290 0.302767724 0.008395583 -0.090858981 -0.005576216 0.282140762 0.070603259 0.956755280
1548339848.463810 0.310223848 0.016070276 -0.098468557 -0.003404332 0.278474212 0.070471153 0.957848787
1548339848.497320 0.294892669 0.014403637 -0.089026257 -0.002904982 0.279980779 0.070244268 0.957427859
1548339848.530840 0.300307930 0.014934827 -0.095298186 -0.002383081 0.278331220 0.070705391 0.957876205
1548339848.564340 0.305030882 0.011835417 -0.099181257 -0.002960381 0.277148336 0.071688809 0.958144426
1548339848.597860 0.291982621 0.009654483 -0.088671468 -0.003892208 0.279615134 0.070899077 0.957482934
1548339848.631370 0.296499848 0.013879784 -0.090730719 -0.003929250 0.279350638 0.071085609 0.957546115
1548339848.664890 0.297690928 0.017370889 -0.090798587 -0.003919238 0.279552251 0.071417294 0.957462668
1548339848.698380 0.298806131 0.013590639 -0.090819843 -0.005462998 0.279167354 0.071693830 0.957546711
1548339848.731620 0.298172951 0.013675828 -0.091926731 -0.006136727 0.278629601 0.071235768 0.957733452
1548339848.765100 0.299405783 0.011390926 -0.090883248 -0.007105279 0.278772980 0.071378320 0.957674384
1548339848.798580 0.303000361 0.010836303 -0.092840470 -0.007119793 0.278404564 0.071867160 0.957744896
1548339848.832080 0.309529245 0.011821449 -0.098581582 -0.006815502 0.276995450 0.072112307 0.958137155
1548339848.865590 0.311907172 0.006404954 -0.098747559 -0.008021835 0.277728260 0.071866199 0.957934201
1548339848.899100 0.305720806 0.002490967 -0.093459308 -0.008819398 0.280308664 0.071775377 0.957182109
1548339848.932420 0.307624876 0.003792987 -0.096415535 -0.009142745 0.280607224 0.071111940 0.957141101
1548339848.965900 0.306117415 0.002711040 -0.095264561 -0.010072410 0.282070309 0.070006847 0.956783116
1548339848.999420 0.311003149 0.008474257 -0.097902305 -0.010198418 0.282562941 0.068604216 0.956737995
1548339849.032940 0.311458141 0.007616031 -0.095418319 -0.011434561 0.284752756 0.067157008 0.956177294
1548339849.066450 0.313948959 0.005696810 -0.094683439 -0.012422843 0.286223620 0.066725552 0.955755949
1548339849.099970 0.315535545 0.007511809 -0.094898522 -0.012778603 0.288551539 0.065343268 0.955146551
1548339849.133480 0.317167133 0.006004843 -0.092614070 -0.012957239 0.290401280 0.065356456 0.954582512
1548339849.166950 0.317122906 0.007347651 -0.092587918 -0.012691818 0.291611522 0.065058924 0.954237342
1548339849.200460 0.323173940 0.009807349 -0.094012506 -0.011865570 0.292051047 0.064867362 0.954126656
1548339849.233980 0.320332408 -0.000974007 -0.088313811 -0.012790174 0.294232160 0.065822251 0.953378856
1548339849.267490 0.321466058 -0.003860068 -0.087227777 -0.012222978 0.294924289 0.066800341 0.953104377
1548339849.301010 0.320771635 0.002235417 -0.085887298 -0.010162737 0.295944721 0.066811189 0.952811480
1548339849.334800 0.319656223 0.007534718 -0.086066313 -0.008495722 0.297047526 0.067164585 0.952459693
1548339849.368460 0.320354939 0.003867013 -0.086031444 -0.008545953 0.297403127 0.068254299 0.952270806
1548339849.401990 0.317099422 0.001672538 -0.087314174 -0.008621696 0.298408419 0.068946749 0.951905727
1548339849.435500 0.317087501 0.007981796 -0.086001068 -0.007573312 0.298894793 0.070049636 0.951681435
1548339849.469020 0.309064835 0.009737967 -0.082115263 -0.007704170 0.299827427 0.070331112 0.951366246
1548339849.502530 0.321221262 0.010658897 -0.088367239 -0.008354384 0.296663672 0.070884936 0.952310979
1548339849.535900 0.316745102 0.008120854 -0.088489592 -0.009497880 0.297037989 0.071427971 0.952142954
1548339849.569350 0.314603627 0.011315709 -0.086786367 -0.010307400 0.297211200 0.071323805 0.952088356
1548339849.602870 0.312800467 0.011822763 -0.085050054 -0.011411812 0.297885239 0.071249746 0.951870561
1548339849.636380 0.314083964 0.012549894 -0.082108952 -0.011983796 0.297970235 0.072075553 0.951774776
1548339849.669960 0.316061705 0.008707833 -0.086065851 -0.013137796 0.296983540 0.072199784 0.952058494
1548339849.703480 0.317465961 0.011181056 -0.085202485 -0.013586585 0.296978325 0.071816355 0.952082813
1548339849.737000 0.318429530 0.007379043 -0.084534973 -0.014678405 0.297180921 0.072404422 0.951958835
1548339849.770510 0.317182899 0.007147687 -0.083315767 -0.015138968 0.297270566 0.071756221 0.951972723
1548339849.803960 0.316120088 0.007023663 -0.082404830 -0.015314718 0.298154622 0.071413301 0.951719165
1548339849.837480 0.322003126 0.007453775 -0.084147714 -0.015323158 0.298319429 0.071539991 0.951657891
1548339849.871000 0.323091269 0.004507060 -0.081909388 -0.015533568 0.299628794 0.071360052 0.951256573
1548339849.904510 0.322431862 0.004044665 -0.081572689 -0.014632255 0.300574005 0.071204744 0.950984299
1548339849.938030 0.320886195 0.001163360 -0.081081934 -0.013875486 0.302193046 0.070535205 0.950532317
1548339849.971540 0.320337653 0.002672713 -0.080358654 -0.012526097 0.304328799 0.070277192 0.949888527
1548339850.005020 0.325279146 0.002011931 -0.082091510 -0.011585847 0.305508882 0.070050798 0.949538291
1548339850.038540 0.322128415 -0.003250072 -0.078915790 -0.011244900 0.307876438 0.070266224 0.948761463
1548339850.072160 0.326978624 -0.002187027 -0.085991025 -0.010060072 0.307777494 0.070162401 0.948814571
1548339850.105670 0.321890235 0.003211411 -0.080355272 -0.008708885 0.309909672 0.069692470 0.948168278
1548339850.139090 0.322831959 0.004515401 -0.080810606 -0.008087244 0.310172409 0.069959089 0.948068261
1548339850.172570 0.324111372 0.005913545 -0.082254633 -0.007669714 0.310010970 0.070006289 0.948121071
1548339850.206090 0.323080242 0.004038776 -0.082757846 -0.008023061 0.310578167 0.070103355 0.947925270
1548339850.239610 0.322868258 0.000636436 -0.080418035 -0.008626410 0.311302423 0.071175814 0.947602451
1548339850.273150 0.319611192 0.005687267 -0.077485196 -0.007950298 0.312369555 0.071825251 0.947208107
1548339850.306740 0.319743782 0.004888149 -0.077654980 -0.008287805 0.312873781 0.073302157 0.946925581
1548339850.340250 0.324794054 0.007425658 -0.082502313 -0.008180519 0.311496407 0.075052105 0.947243512
1548339850.373700 0.323885709 0.005427743 -0.082829595 -0.009172298 0.311324835 0.076130286 0.947204769
1548339850.407210 0.326262355 0.005485337 -0.084902972 -0.010343880 0.310428351 0.076463461 0.947460115
1548339850.440800 0.325031906 0.006321117 -0.082179070 -0.011473526 0.310110003 0.076529600 0.947545946
1548339850.474340 0.325579077 0.005079736 -0.083287992 -0.012885237 0.309509963 0.076056920 0.947762012
1548339850.507890 0.325888783 0.005133216 -0.080928467 -0.013814012 0.309212148 0.075556621 0.947886169
1548339850.541460 0.327049822 0.005093425 -0.079648986 -0.014333098 0.308685899 0.075111836 0.948085308
1548339850.574970 0.325143874 0.000106916 -0.078543782 -0.015418313 0.309327573 0.074832521 0.947881222
1548339850.608440 0.325113893 0.001522796 -0.078469895 -0.015103707 0.310037881 0.074479945 0.947681963
1548339850.641960 0.325563639 -0.000344187 -0.078992404 -0.015170531 0.310171723 0.074098684 0.947667003
1548339850.675470 0.325867087 -0.002270421 -0.079679452 -0.015501084 0.310594231 0.072844453 0.947620511
1548339850.708990 0.324348390 -0.001894533 -0.078257158 -0.015375417 0.312203705 0.072068147 0.947152913
1548339850.742460 0.320255548 0.002040408 -0.075506873 -0.014757854 0.313384265 0.070549287 0.946887136
1548339850.775960 0.321935415 0.002653950 -0.077262968 -0.014564279 0.313170522 0.069251522 0.947056651
1548339850.809500 0.321234494 -0.002487030 -0.075219192 -0.015338317 0.314489782 0.068125218 0.946688890
1548339850.843010 0.320352554 0.000073591 -0.071945556 -0.014237159 0.315279335 0.067771621 0.946468830
1548339850.876530 0.318880528 -0.001484832 -0.071428776 -0.014049108 0.315583676 0.067006201 0.946424723
1548339850.910040 0.319375575 -0.003837355 -0.072109163 -0.013675190 0.315837860 0.067010619 0.946345091
1548339850.943330 0.319323003 0.001134023 -0.073522322 -0.011973164 0.315610558 0.067051709 0.946441054
1548339850.976830 0.315942436 -0.002688040 -0.070864066 -0.011953666 0.316378087 0.067465909 0.946155548
