1548339819.874260 0.000000000 0.000000000 0.000000000 0.000000000 0.000000000 0.000000000 1.000000000
1548339819.907610 0.002914908 -0.002428995 0.000375264 -0.000291932 0.002575974 0.001655149 0.999995232
1548339819.941050 0.005197270 -0.001873766 -0.000968734 -0.000216424 0.004430857 0.003853897 0.999982715
1548339819.974550 0.006375709 -0.003687264 -0.000562816 -0.000547460 0.005940153 0.005483786 0.999967158
1548339820.008060 0.009356149 -0.009417880 -0.000883649 -0.001416490 0.007597907 0.006603784 0.999948323
1548339820.041580 0.013629002 -0.009411119 -0.000688285 -0.001301892 0.009500616 0.008628529 0.999916792
1548339820.075100 0.017609268 -0.014516704 -0.000485304 -0.002141330 0.011865181 0.010049868 0.999876797
1548339820.108610 0.026614672 -0.015925061 -0.001719256 -0.002190858 0.013953223 0.011394440 0.999835312
1548339820.142140 0.031352669 -0.017793722 -0.001900600 -0.002902281 0.017930347 0.011980619 0.999763250
1548339820.175640 0.030791067 -0.019566340 -0.001079579 -0.003669807 0.022759302 0.012425702 0.999657035
1548339820.209170 0.039185632 -0.020336790 -0.003265892 -0.004091008 0.025524648 0.013039815 0.999580801
1548339820.242690 0.036362253 -0.021201925 -0.001414210 -0.004783751 0.030849533 0.012266076 0.999437332
1548339820.276200 0.040673215 -0.022212349 -0.000812133 -0.005198158 0.035092518 0.011882507 0.999299943
1548339820.309720 0.042569779 -0.024401885 -0.000620741 -0.005449351 0.040058348 0.011996953 0.999110460
1548339820.343240 0.049138036 -0.022621410 -0.001443992 -0.004904040 0.043589205 0.012409654 0.998960435
1548339820.376770 0.047120888 -0.020691698 -0.001578558 -0.004913918 0.048994657 0.012111658 0.998713493
1548339820.410300 0.049916271 -0.019565655 -0.002385127 -0.005828476 0.053443160 0.012316369 0.998477936
1548339820.443820 0.070877597 -0.025280911 -0.005478923 -0.008013135 0.055567682 0.012628798 0.998342872
1548339820.477340 0.071856044 -0.025865084 -0.006088481 -0.009262384 0.061592374 0.013297827 0.997969806
1548339820.510870 0.066120073 -0.021896066 -0.006078620 -0.009949469 0.067634642 0.014257279 0.997558653
1548339820.544380 0.070524655 -0.020812547 -0.007198950 -0.011393320 0.071598470 0.015513597 0.997247815
1548339820.577900 0.074658923 -0.018030280 -0.005349111 -0.013088619 0.076101877 0.015959198 0.996886373
1548339820.611410 0.085009679 -0.010720775 -0.003198071 -0.013985848 0.080304943 0.017995264 0.996509731
1548339820.644930 0.082720414 -0.013040716 0.000232191 -0.016104342 0.086164109 0.019156462 0.995966554
1548339820.678910 0.079587221 -0.009613293 0.001007999 -0.016622240 0.092142023 0.020644896 0.995393038
1548339820.712510 0.090720817 -0.010647056 -0.003055449 -0.017901294 0.095320895 0.021443339 0.995054603
1548339820.746060 0.084102988 -0.004863120 0.002272043 -0.018504767 0.102089040 0.022311486 0.994352877
1548339820.779820 0.084281974 0.001990953 0.002601320 -0.019042110 0.105682783 0.024010111 0.993927598
1548339820.813430 0.097207032 0.001140629 0.001506511 -0.021147804 0.107341886 0.024806719 0.993687630
1548339820.846980 0.101606838 0.000270611 0.000307287 -0.023298617 0.112302735 0.025378007 0.993076622
1548339820.880510 0.098404028 0.004867946 0.004995819 -0.024840107 0.118626334 0.025467586 0.992301404
1548339820.914340 0.090122655 0.002326205 0.006919296 -0.027166927 0.124825589 0.026217746 0.991460145
1548339820.947900 0.085931018 0.000316768 0.007717990 -0.028598448 0.127908334 0.027394155 0.990995049
1548339820.981410 0.097353771 0.008196199 0.009077134 -0.028738463 0.128777698 0.027430965 0.990877390
1548339821.014930 0.113732442 0.006372809 0.007412792 -0.030363983 0.130507693 0.029435679 0.990544975
1548339821.048450 0.114393838 0.006726655 0.010264750 -0.031525392 0.135880187 0.031151487 0.989733458
1548339821.081970 0.117635906 0.006744607 0.011445356 -0.032052882 0.141045809 0.033260595 0.988924861
1548339821.115480 0.119568117 0.007841707 0.010651729 -0.032016926 0.146530584 0.035572596 0.988047719
1548339821.149030 0.113360576 -0.001151534 0.009759466 -0.033080801 0.152071536 0.038143780 0.987079024
1548339821.182550 0.121564984 0.000270962 0.011786259 -0.031934284 0.155350417 0.040025134 0.986531496
1548339821.216070 0.126698330 -0.004309725 0.011005181 -0.031351727 0.160781905 0.042104535 0.985592961
1548339821.249610 0.121188171 -0.005295183 0.014268910 -0.030056838 0.166258216 0.043655317 0.984656811
1548339821.283120 0.126535103 -0.017149299 0.005824092 -0.030068746 0.169115424 0.044649456 0.984125137
1548339821.316640 0.132005230 -0.009760564 0.008431539 -0.027122563 0.173450366 0.045416579 0.983420908
1548339821.350150 0.130595416 -0.010039217 0.007201344 -0.025406772 0.178367689 0.046909872 0.982516646
1548339821.383670 0.142690048 -0.015415391 0.000334533 -0.024737136 0.179545760 0.047767241 0.982277811
1548339821.417120 0.148056805 -0.011640443 -0.003036347 -0.022481531 0.182904124 0.047784239 0.981711447
1548339821.450640 0.145634025 -0.018427905 -0.004249581 -0.021923080 0.188174993 0.048928864 0.980670989
1548339821.484150 0.148924038 -0.019926922 -0.004079246 -0.020545425 0.191604048 0.050188988 0.979972899
1548339821.517670 0.155130550 -0.015373249 -0.008422082 -0.018420577 0.194546953 0.050449029 0.979421794
1548339821.551190 0.158942163 -0.015156517 -0.007143469 -0.017334588 0.199469656 0.051386707 0.978402138
1548339821.584790 0.154882804 -0.013728730 -0.007756033 -0.016089538 0.206260994 0.052322526 0.976964653
1548339821.618300 0.151259795 -0.023146344 -0.006990479 -0.016469097 0.210885122 0.054466259 0.975853264
1548339821.651730 0.163903609 -0.025170742 -0.010380013 -0.015994791 0.212171823 0.055485636 0.975524783
1548339821.685510 0.161574379 -0.023288738 -0.007666090 -0.014783186 0.216731191 0.056951508 0.974456549
1548339821.719030 0.161647841 -0.023317728 -0.006739030 -0.013923354 0.219920486 0.058630742 0.973654747
1548339821.752540 0.160794511 -0.024108930 -0.008247006 -0.012984719 0.222733051 0.059466660 0.972977459
1548339821.786080 0.169808596 -0.022259548 -0.012450002 -0.011790296 0.224534616 0.060273174 0.972528815
1548339821.819630 0.168554842 -0.028587380 -0.011316956 -0.011911710 0.228097662 0.061995193 0.971589506
1548339821.853150 0.171348855 -0.030519485 -0.012323197 -0.011306665 0.230006814 0.062615283 0.971106768
1548339821.886670 0.171303824 -0.023216506 -0.011423181 -0.009451475 0.233191207 0.062371485 0.970382571
1548339821.920180 0.172267243 -0.026484679 -0.011890237 -0.009534745 0.237183020 0.063357547 0.969349861
1548339821.953690 0.169844046 -0.020793494 -0.008639615 -0.008248515 0.240272999 0.063755803 0.968574226
1548339821.987170 0.175875425 -0.026818933 -0.012966925 -0.009132318 0.241849855 0.064475112 0.968126118
1548339822.020690 0.171786219 -0.023143642 -0.011859193 -0.008497620 0.245795965 0.064094625 0.967162848
1548339822.054200 0.179703087 -0.022829024 -0.011731666 -0.008790953 0.248110771 0.065036632 0.966506064
1548339822.087720 0.179885983 -0.028099246 -0.011640604 -0.009880702 0.250983715 0.065441512 0.965726137
1548339822.121230 0.179955170 -0.027124695 -0.013022075 -0.009897728 0.254752368 0.065526493 0.964732885
1548339822.154780 0.189287558 -0.030373188 -0.015186402 -0.010415557 0.257466018 0.067165539 0.963893950
1548339822.188290 0.190404013 -0.026647486 -0.013280360 -0.009538430 0.260699004 0.067684114 0.962997377
1548339822.221780 0.192651466 -0.032356571 -0.016464015 -0.010407431 0.264686167 0.068263561 0.961859107
1548339822.255270 0.185412094 -0.033095811 -0.012407311 -0.010096615 0.270458102 0.069599070 0.960159600
1548339822.288760 0.189889565 -0.030779252 -0.013417590 -0.009350360 0.272960454 0.070215866 0.959413826
1548339822.322270 0.188517168 -0.034827679 -0.014538278 -0.009599944 0.276737630 0.070704192 0.958292782
1548339822.355750 0.183921337 -0.030821217 -0.012607476 -0.008234503 0.281171292 0.071459137 0.956957936
1548339822.389300 0.192768618 -0.031209068 -0.013201687 -0.007834601 0.282640100 0.072899356 0.956419826
1548339822.422830 0.187690213 -0.034099899 -0.015729552 -0.007732416 0.286585152 0.072891690 0.955246508
1548339822.456340 0.222324982 -0.046556178 -0.027508741 -0.009992092 0.285503119 0.074019067 0.955462873
1548339822.489850 0.221189827 -0.046075847 -0.021995340 -0.009483609 0.288750350 0.074672215 0.954440892
1548339822.523330 0.218359172 -0.044981964 -0.026398821 -0.008632854 0.291317970 0.074357577 0.953692973
1548339822.556840 0.217909649 -0.042001784 -0.028810445 -0.008040074 0.295813113 0.074028425 0.952339113
1548339822.590300 0.219510823 -0.041073248 -0.027262541 -0.007948929 0.298835337 0.074918330 0.951326191
1548339822.623760 0.224373624 -0.043319955 -0.031681299 -0.008242452 0.299502790 0.075133264 0.951096833
1548339822.657260 0.222293958 -0.037834484 -0.032973982 -0.007400482 0.303424150 0.074395306 0.949918091
1548339822.690760 0.221929237 -0.042216316 -0.031832568 -0.008204625 0.307184875 0.075384155 0.948623955
1548339822.724280 0.223015696 -0.047167014 -0.028900752 -0.008867189 0.308607906 0.076365732 0.948077440
1548339822.757790 0.221691132 -0.045011692 -0.030897595 -0.008416596 0.310860455 0.076087922 0.947367728
1548339822.791300 0.226279944 -0.040676288 -0.036132250 -0.007554614 0.313981175 0.076925963 0.946277559
1548339822.824760 0.226048902 -0.043597449 -0.031176100 -0.007699895 0.317575902 0.078346275 0.944959342
1548339822.858280 0.226485729 -0.036366984 -0.034014948 -0.006433628 0.319719940 0.078357019 0.944244623
1548339822.891770 0.225759923 -0.038391743 -0.037533186 -0.007196536 0.323892891 0.078713298 0.942786217
1548339822.925230 0.227159426 -0.035771262 -0.038290769 -0.007733342 0.328226268 0.079426222 0.941222191
1548339822.958730 0.232251674 -0.037754543 -0.041107148 -0.008954391 0.331284791 0.081205331 0.939987183
1548339822.992250 0.233666807 -0.039786179 -0.037922915 -0.010336149 0.334690064 0.081745505 0.938719034
1548339823.025780 0.236188948 -0.039151944 -0.041643210 -0.010904967 0.337917805 0.082820803 0.937461138
1548339823.059350 0.235482618 -0.030875266 -0.037213761 -0.010756433 0.340941161 0.082880206 0.936362267
1548339823.092810 0.243800834 -0.035408054 -0.044378124 -0.012523978 0.341306001 0.083681270 0.936136127
1548339823.126300 0.242182270 -0.025317492 -0.043372624 -0.011865683 0.344103903 0.082564376 0.935219109
1548339823.159840 0.242150679 -0.031527467 -0.043349534 -0.013732469 0.347672969 0.082594626 0.933869958
1548339823.193360 0.239678726 -0.038961969 -0.039326049 -0.015326468 0.350291729 0.083640277 0.932772815
1548339823.226870 0.250880629 -0.037617791 -0.046130072 -0.015838388 0.349686235 0.084150344 0.932945549
1548339823.260390 0.249711573 -0.029540943 -0.045698103 -0.015001683 0.351977646 0.083855510 0.932123899
1548339823.293900 0.247815654 -0.035332125 -0.043250497 -0.016956795 0.354223818 0.083545350 0.931266963
1548339823.327410 0.250379503 -0.027658729 -0.050656088 -0.016281720 0.355892152 0.083725207 0.930626571
1548339823.360930 0.250394791 -0.031942699 -0.047730215 -0.017564598 0.358586729 0.084822886 0.929468751
1548339823.394950 0.253933042 -0.027911834 -0.048567720 -0.017455153 0.359320432 0.085213073 0.929151714
1548339823.428580 0.256432027 -0.022070667 -0.053303380 -0.017079270 0.360782951 0.084838383 0.928626060
1548339823.462370 0.256789863 -0.012857280 -0.049999621 -0.016278923 0.364066154 0.085692346 0.927279711
1548339823.495880 0.257147074 -0.020955794 -0.050675631 -0.018631956 0.365918308 0.086262122 0.926453173
1548339823.529400 0.259492517 -0.019615144 -0.048898984 -0.019043606 0.366871089 0.087150402 0.925984740
1548339823.562640 0.263514698 -0.020825153 -0.053137016 -0.020063045 0.366777182 0.086699985 0.926042736
1548339823.596340 0.266616464 -0.014253126 -0.054405663 -0.019780077 0.368579149 0.086844534 0.925319493
1548339823.629940 0.263506025 -0.007977508 -0.052173257 -0.019362770 0.371674865 0.086369045 0.924133778
1548339823.663460 0.294023991 -0.032054167 -0.080033921 -0.024705384 0.367252976 0.089283034 0.925496340
1548339823.696890 0.291606754 -0.021261627 -0.080921695 -0.024006076 0.368521035 0.088041320 0.925129533
1548339823.730340 0.288142264 -0.010500608 -0.081603661 -0.023711585 0.371701121 0.087215915 0.923942327
1548339823.763860 0.293042719 -0.019728627 -0.078384265 -0.026678747 0.373187780 0.088737763 0.923116863
1548339823.797370 0.295937032 -0.023281973 -0.080225453 -0.028603951 0.373383373 0.089228675 0.922932744
1548339823.830890 0.294742584 -0.012104375 -0.079650536 -0.028211683 0.375345945 0.088425353 0.922225833
1548339823.864420 0.298515826 -0.019372417 -0.075901978 -0.030055778 0.376888007 0.090065569 0.921379566
1548339823.897980 0.295588076 -0.015643932 -0.074155293 -0.029606644 0.376814932 0.090640232 0.921367645
1548339823.931450 0.301233798 -0.013365082 -0.077232324 -0.029589508 0.376389772 0.091019571 0.921504557
1548339823.964950 0.298412710 -0.017409151 -0.075392894 -0.030265348 0.376951605 0.091897808 0.921165705
1548339823.998320 0.303168923 -0.013916446 -0.079041488 -0.029433191 0.375357985 0.091895886 0.921843410
1548339824.031810 0.311654687 -0.009407146 -0.088958167 -0.028544143 0.374647111 0.092565477 0.922093511
1548339824.065350 0.309033155 -0.010392598 -0.089240208 -0.028591575 0.375864267 0.092376962 0.921615481
1548339824.098840 0.307361126 -0.007200954 -0.091253638 -0.028467264 0.377760589 0.091942042 0.920887172
1548339824.132360 0.310768574 -0.002525971 -0.091323324 -0.028264053 0.379613459 0.092038453 0.920121610
1548339824.165880 0.317198396 -0.010469069 -0.093091495 -0.029463138 0.380115807 0.093826234 0.919695914
1548339824.199390 0.314107567 -0.001908303 -0.091194823 -0.027560502 0.381620854 0.093417026 0.919173121
1548339824.232910 0.317679316 -0.005784013 -0.094237417 -0.027861184 0.381930918 0.094236746 0.918951571
1548339824.266420 0.320796520 -0.002362316 -0.096982189 -0.027011586 0.382504135 0.094100259 0.918752491
1548339824.299940 0.325887650 -0.000524899 -0.103446193 -0.026503792 0.383350760 0.094514184 0.918371797
1548339824.333460 0.323498487 -0.001276375 -0.103812955 -0.026457807 0.385278016 0.094414331 0.917576611
1548339824.366970 0.323565334 0.003841245 -0.103551388 -0.025395039 0.386872619 0.093985260 0.916979492
1548339824.400490 0.323824555 0.006442471 -0.107732482 -0.024530046 0.389033258 0.093778059 0.916109741
1548339824.434000 0.326060891 -0.003462838 -0.113024309 -0.025665766 0.391343951 0.094493404 0.915020287
1548339824.467380 0.329008073 0.003092930 -0.112802848 -0.023821667 0.392891705 0.094218090 0.914435148
1548339824.500880 0.324679524 -0.002219436 -0.116975598 -0.023621066 0.395603150 0.094095901 0.913283169
1548339824.534410 0.338397920 0.000627464 -0.118971370 -0.021905920 0.396965802 0.095203608 0.912619591
1548339824.567540 0.347332239 -0.016487952 -0.119081855 -0.022518771 0.396273643 0.097591437 0.912653267
1548339824.601040 0.343416423 -0.016545253 -0.118426301 -0.020164259 0.395721316 0.096901014 0.913021505
1548339824.634510 0.343639404 -0.015923418 -0.132711038 -0.018198606 0.396131694 0.096579343 0.912918925
1548339824.668030 0.352163732 -0.010745293 -0.137557089 -0.015649440 0.396767586 0.097335033 0.912609696
1548339824.701540 0.365162045 -0.019341141 -0.143936127 -0.015488859 0.394631147 0.098079734 0.913458645
1548339824.735090 0.354530841 -0.003370637 -0.151783019 -0.011841304 0.397467911 0.094928302 0.912615836
1548339824.768620 0.368278474 -0.019038800 -0.145390883 -0.013152998 0.399326324 0.097445756 0.911520600
1548339824.802150 0.366414368 -0.015743500 -0.146492302 -0.010435943 0.398493230 0.097341709 0.911931396
1548339824.835670 0.366023123 -0.011541574 -0.153098419 -0.008867669 0.397458494 0.095056549 0.912640333
1548339824.869180 0.377278566 -0.024534160 -0.158689648 -0.009820526 0.396426916 0.095852599 0.912995934
1548339824.902700 0.370225757 -0.012995559 -0.156790406 -0.007092237 0.396024376 0.092610739 0.913530290
1548339824.936240 0.380330712 -0.019130914 -0.165913075 -0.007582149 0.394064784 0.091549590 0.914480269
1548339824.969910 0.376215190 -0.015841952 -0.162361801 -0.006392923 0.394540161 0.090012737 0.914436936
1548339825.003430 0.386323035 -0.008630219 -0.172126547 -0.005277635 0.391220659 0.087545462 0.916108251
1548339825.036790 0.389292479 -0.003894129 -0.175662681 -0.004617147 0.391293019 0.085412540 0.916282237
1548339825.070300 0.383742124 -0.012551010 -0.170048028 -0.005507817 0.393390983 0.084908783 0.915425420
1548339825.103970 0.396404862 -0.018903159 -0.177704692 -0.006022515 0.390820265 0.085357808 0.916480958
1548339825.137490 0.398361087 -0.012265543 -0.181751087 -0.004479445 0.390663832 0.084937811 0.916595459
1548339825.170850 0.401837915 -0.018928332 -0.178980112 -0.005137166 0.390196055 0.086536981 0.916641712
1548339825.204370 0.411357582 -0.023299947 -0.183985710 -0.006334961 0.386901349 0.088063084 0.917884588
1548339825.238370 0.412753999 -0.008073160 -0.188956007 -0.005003405 0.384649694 0.088216752 0.918823898
1548339825.271800 0.401925266 -0.003632086 -0.177935511 -0.006132386 0.383293808 0.089547634 0.919254839
1548339825.305320 0.407794535 -0.018167796 -0.175375208 -0.010514631 0.377268910 0.093713671 0.921290040
1548339825.338910 0.408331871 -0.006371817 -0.176059023 -0.011790478 0.368745089 0.094249941 0.924664795
1548339825.372350 0.411131442 -0.004633915 -0.174381956 -0.014585882 0.361259192 0.096505955 0.927343309
1548339825.405870 0.409671456 -0.005723580 -0.168311760 -0.017306689 0.355050266 0.098834552 0.929446876
1548339825.439350 0.419613868 -0.004161780 -0.172259480 -0.019987611 0.343600839 0.099888846 0.933574438
1548339825.472840 0.435227484 -0.018521052 -0.182932228 -0.023868153 0.333696932 0.101839617 0.936859310
1548339825.506360 0.443606645 -0.021241520 -0.184715480 -0.024560232 0.329984754 0.102989301 0.938029885
1548339825.539900 0.422179580 -0.016960822 -0.162283510 -0.022758253 0.329904348 0.102480032 0.938159406
1548339825.573420 0.426637203 -0.010187784 -0.164557278 -0.020072836 0.322100192 0.101109207 0.941076756
1548339825.606900 0.449688196 -0.019917661 -0.174694836 -0.020090111 0.313786507 0.101157062 0.943875909
1548339825.640420 0.446146011 -0.012137040 -0.170651078 -0.017133534 0.312195152 0.099841334 0.944601655
1548339825.673970 0.443048447 -0.014865610 -0.165699854 -0.015778678 0.307639778 0.099334888 0.946171939
1548339825.707480 0.443598598 -0.006219546 -0.156784058 -0.014004114 0.303778589 0.097456440 0.947641671
1548339825.740970 0.447583944 -0.001881499 -0.156894535 -0.013042581 0.301861525 0.097058557 0.948308587
1548339825.774440 0.440740079 -0.001933980 -0.148332730 -0.012279825 0.298894495 0.097537868 0.949208975
1548339825.807960 0.451477706 -0.013276169 -0.149836197 -0.013984268 0.290172249 0.097403608 0.951901793
1548339825.841420 0.449141294 -0.008501389 -0.142572880 -0.013485262 0.287057191 0.096585035 0.952936351
1548339825.874930 0.453257054 -0.004367410 -0.140158668 -0.013237199 0.282042682 0.097008340 0.954393089
1548339825.908450 0.456484586 -0.009682924 -0.133234128 -0.014989797 0.275670499 0.097780958 0.956148505
1548339825.941960 0.456986696 -0.013495035 -0.132405087 -0.016247448 0.270165056 0.098065145 0.957669139
1548339825.975480 0.449144781 -0.005394106 -0.123398684 -0.015864745 0.266992360 0.098534614 0.958516717
1548339826.009050 0.456699431 -0.003694811 -0.121774070 -0.017419608 0.261351764 0.098586485 0.960037768
1548339826.042570 0.470907420 -0.014924808 -0.116722710 -0.020415280 0.255213827 0.100505397 0.961430073
1548339826.076030 0.476037353 -0.009613006 -0.115224399 -0.019534294 0.246627882 0.099366613 0.963804662
1548339826.109540 0.479394972 -0.013208440 -0.110495999 -0.020273630 0.241886482 0.097545549 0.965176046
1548339826.143160 0.475975752 -0.009891160 -0.102991737 -0.019439427 0.241268754 0.096728005 0.965430081
1548339826.176680 0.477948099 -0.018420283 -0.096536465 -0.019433428 0.236483485 0.096102640 0.966675818
1548339826.210440 0.472193718 -0.019121811 -0.087582737 -0.018012419 0.231438443 0.092266619 0.968296766
1548339826.244040 0.477991074 -0.014091692 -0.083468422 -0.015589460 0.226565853 0.089744635 0.969727159
1548339826.277550 0.475088686 -0.019797452 -0.083413176 -0.014615512 0.223937035 0.088526897 0.970464647
1548339826.311070 0.469740391 -0.021833111 -0.071598232 -0.013066481 0.220058054 0.085557602 0.971639633
1548339826.344590 0.472929031 -0.018363828 -0.070842572 -0.011682482 0.217107221 0.083157375 0.972529113
1548339826.378100 0.467428744 -0.025047747 -0.065292023 -0.011917658 0.215631455 0.082640558 0.972898543
1548339826.411530 0.463907719 -0.017905073 -0.062389266 -0.010267243 0.211627215 0.080881603 0.973943889
1548339826.444260 0.466973245 -0.018716695 -0.060198952 -0.010388525 0.207379922 0.079777427 0.974946797
1548339826.477650 0.463819534 -0.022483086 -0.052734584 -0.010946893 0.205585733 0.079286098 0.975360632
1548339826.511110 0.464333832 -0.024269484 -0.050485604 -0.010857358 0.202735513 0.079466797 0.975943387
1548339826.544630 0.457247376 -0.033583146 -0.043405782 -0.010871606 0.199299186 0.080204651 0.976590395
1548339826.578140 0.461735696 -0.022452855 -0.042517558 -0.007925827 0.194602743 0.078262597 0.977722824
1548339826.611600 0.455878258 -0.023183098 -0.036908939 -0.006657500 0.193550915 0.078218251 0.977944613
1548339826.645100 0.458737016 -0.037615318 -0.034804568 -0.007607207 0.190113708 0.079860449 0.978479028
1548339826.678610 0.463047385 -0.030297689 -0.039137889 -0.005234243 0.185473382 0.078452505 0.979498565
1548339826.712130 0.467431486 -0.035284419 -0.037848651 -0.005187485 0.182599455 0.078111604 0.980065882
1548339826.745640 0.461155623 -0.038556304 -0.033807736 -0.004067466 0.181236759 0.077865019 0.980343699
1548339826.779160 0.454178303 -0.047801066 -0.030023953 -0.003492561 0.178193852 0.076707885 0.980994761
1548339826.812690 0.460963339 -0.047689933 -0.029535202 -0.001533115 0.174162254 0.075602949 0.981809258
1548339826.846270 0.454558432 -0.049395680 -0.029882025 0.000102687 0.172287703 0.075072967 0.982181728
1548339826.879800 0.452221245 -0.050983023 -0.026817609 0.001743586 0.168790027 0.073752992 0.982887268
1548339826.913320 0.456593156 -0.041413791 -0.029746987 0.004435230 0.165401176 0.071730286 0.983604372
1548339826.946840 0.454644710 -0.046659715 -0.029991539 0.004715315 0.164927661 0.072572522 0.983620822
1548339826.980360 0.447304904 -0.049000327 -0.027969245 0.005290154 0.162681103 0.072485633 0.983998358
1548339827.013960 0.445659161 -0.043078370 -0.029199591 0.006309473 0.160326764 0.070923254 0.984492481
1548339827.047480 0.447214723 -0.038869645 -0.029610587 0.006675967 0.161189646 0.070825696 0.984356165
1548339827.080990 0.440586239 -0.050457370 -0.027070444 0.004985446 0.161157101 0.072724484 0.984233022
1548339827.114530 0.447643548 -0.046062581 -0.029922090 0.005580674 0.157942325 0.072453715 0.984770834
1548339827.148160 0.452843219 -0.047171138 -0.031326048 0.005340506 0.158127427 0.073863506 0.984637678
1548339827.181690 0.449616134 -0.054381501 -0.031902265 0.005015823 0.158298671 0.076743521 0.984391570
1548339827.215610 0.449936420 -0.042661618 -0.035025328 0.007361679 0.157401696 0.075419866 0.984622955
1548339827.249130 0.449748546 -0.047469687 -0.036784321 0.006997031 0.159348160 0.077406004 0.984158278
1548339827.282700 0.445468664 -0.056129567 -0.034435447 0.006343946 0.160283864 0.079148479 0.983872116
1548339827.316230 0.449624658 -0.052599005 -0.036941327 0.007712263 0.158867776 0.078990281 0.984104753
1548339827.349750 0.450317353 -0.043530021 -0.041724544 0.009628412 0.161131576 0.076670021 0.983903289
1548339827.383270 0.438301474 -0.051308744 -0.039233185 0.009205296 0.166969612 0.078412838 0.982795954
1548339827.416800 0.439832896 -0.063304991 -0.039888617 0.008393415 0.166425362 0.079072550 0.982842624
1548339827.450310 0.439507037 -0.053696405 -0.044272471 0.010979041 0.167516515 0.077159606 0.982783854
1548339827.483830 0.438176960 -0.059779584 -0.046188239 0.010855244 0.171364382 0.078100622 0.982047200
1548339827.517350 0.427177072 -0.062260311 -0.043698154 0.012017179 0.172920018 0.079579219 0.981642187
1548339827.550870 0.424434036 -0.061391350 -0.047164995 0.012809492 0.171788424 0.078207858 0.981941044
1548339827.617900 0.397098809 -0.064489357 -0.047110844 0.012837904 0.177280277 0.078810528 0.980915785
1548339827.718440 0.405314833 -0.068184599 -0.057968356 0.010257215 0.177408472 0.079949312 0.980830848
1548339827.785410 0.426127255 -0.064965241 -0.061140027 0.009926002 0.172130540 0.082837932 0.981534719
1548339827.885210 0.311538190 -0.076590940 -0.057314448 0.006757998 0.189722970 0.083812684 0.978230536
1548339827.985740 0.361104161 -0.057598617 -0.062000509 0.002309364 0.184001684 0.085945584 0.979158521
1548339828.052780 0.360337794 -0.061005093 -0.061813276 -0.003405533 0.184756249 0.086069167 0.979002357
1548339828.086290 0.347599030 -0.050092712 -0.060007762 -0.003869343 0.186401561 0.084721386 0.978806317
1548339828.119810 0.347449630 -0.049410436 -0.059949994 -0.006175788 0.186397836 0.084449746 0.978818655
1548339828.153340 0.353653789 -0.058272753 -0.063561171 -0.010108601 0.185001969 0.085068233 0.978997171
1548339828.321440 0.328623474 -0.042709198 -0.045812666 -0.018623237 0.191638082 0.082979023 0.977774262
1548339828.823730 0.305091143 -0.019684255 -0.065097190 -0.012437048 0.219334900 0.076161385 0.972592890
1548339828.924380 0.297215134 -0.024423514 -0.068272918 -0.015152271 0.218465582 0.076535285 0.972720683
1548339829.058440 0.303123802 -0.029165905 -0.076757699 -0.016806776 0.220777601 0.083247289 0.971619606
1548339829.092240 0.275031537 -0.028369769 -0.062496394 -0.015590115 0.224405065 0.082714356 0.970854104
1548339829.695270 0.274308056 -0.050839100 -0.086108185 0.010755097 0.263813049 0.084087998 0.960841417
1548339829.728790 0.260480285 -0.049803965 -0.064648643 0.011712748 0.270609796 0.082164429 0.959104836
1548339829.762380 0.224739134 -0.054108758 -0.050756298 0.011230647 0.280062020 0.084238216 0.956212878
1548339829.795890 0.209931731 -0.054388441 -0.034067262 0.011545696 0.284018993 0.082733110 0.955172837
1548339829.862920 0.265162587 -0.046734989 -0.087838463 0.012908189 0.280956060 0.085889541 0.955782413
1548339829.997440 0.200053737 -0.074140348 -0.058067277 0.010991259 0.310101569 0.083493121 0.946966290
1548339830.030960 0.229891941 -0.067373239 -0.075769395 0.012145761 0.309231341 0.083565019 0.947230339
1548339830.064480 0.253024101 -0.066836134 -0.088510714 0.012446778 0.311079562 0.086022079 0.946400940
1548339830.097990 0.280350089 -0.066645257 -0.112238698 0.012111581 0.310088038 0.090190768 0.946342587
1548339830.131510 0.309657812 -0.074530870 -0.116911933 0.010429977 0.309253156 0.092080921 0.946453750
1548339830.164910 0.340757102 -0.068138838 -0.143948272 0.011455993 0.307362199 0.092137605 0.947052240
1548339830.198420 0.364743203 -0.055821847 -0.176614985 0.012943003 0.306830525 0.092539243 0.947166264
1548339830.265230 0.431743264 -0.048059043 -0.213252708 0.012042293 0.303146452 0.094634160 0.948156893
1548339830.834690 0.285649687 -0.007002198 -0.139997631 -0.005678864 0.361242980 0.090364426 0.928065479
1548339830.868210 0.303492188 -0.012545710 -0.129882500 -0.011044178 0.360458136 0.090527594 0.928306341
1548339831.002370 0.314798445 -0.013981404 -0.148263156 -0.012559627 0.358108997 0.098883614 0.928343773
1548339831.069850 0.328993112 0.008801021 -0.167321429 -0.008864472 0.357639581 0.100611165 0.928381801
1548339831.103360 0.331390798 0.000889753 -0.160548553 -0.010338787 0.359446198 0.101569109 0.927564144
1548339831.136930 0.333572686 0.004096212 -0.166891113 -0.009833938 0.359983236 0.101787798 0.927337348
1548339831.371980 0.349920303 0.003303740 -0.180318609 -0.017132286 0.368095845 0.099630885 0.924275696
1548339831.639680 0.364455014 0.023154899 -0.199515671 -0.031099468 0.363917828 0.095547244 0.925995350
1548339831.706720 0.388006449 0.024507495 -0.219676211 -0.029857796 0.354311645 0.099267147 0.929364204
1548339831.740230 0.370317608 0.028025977 -0.205869243 -0.028425200 0.355485976 0.099024445 0.928986490
1548339831.807260 0.386815131 0.019605344 -0.222504735 -0.029303970 0.348818153 0.102651365 0.931090653
1548339831.840790 0.369143784 0.028328275 -0.207327262 -0.028092660 0.350566596 0.101826213 0.930561781
1548339831.874340 0.374731719 0.035503849 -0.213493139 -0.027934846 0.347911507 0.100411713 0.931716025
1548339831.941370 0.372911841 0.014074847 -0.209533691 -0.033757694 0.340438068 0.098359428 0.934498668
1548339831.974880 0.376232356 0.032287404 -0.212412551 -0.031737175 0.336924493 0.095651306 0.936122596
1548339832.041920 0.377723157 0.035244472 -0.213241011 -0.031700257 0.328796297 0.090546981 0.939515471
1548339832.108950 0.377133876 0.024699459 -0.219133049 -0.029494939 0.325146198 0.090405136 0.940870285
1548339832.142460 0.374844015 0.014625975 -0.215971723 -0.027772810 0.322539330 0.090748593 0.941786468
1548339832.175980 0.376917213 0.034536928 -0.218720645 -0.021656856 0.319908947 0.089583270 0.942954957
1548339832.209500 0.366268039 0.022079464 -0.218840778 -0.020037791 0.318082839 0.090105280 0.943558574
1548339832.309910 0.371107370 0.024794767 -0.222342834 -0.014373275 0.305540830 0.089223653 0.947880447
1548339832.376930 0.369385391 0.006128429 -0.217840180 -0.016842196 0.296004981 0.087434068 0.951027155
1548339832.410440 0.363249153 0.024923021 -0.213719621 -0.013687482 0.293987751 0.085712068 0.951859891
1548339832.443960 0.372476995 0.020132354 -0.224863648 -0.013868513 0.287168413 0.085717000 0.953936338
1548339832.510970 0.354807377 0.011933345 -0.216660187 -0.014617912 0.279471844 0.083283864 0.956423342
1548339832.544470 0.366263181 0.000864696 -0.223182693 -0.016630800 0.272356123 0.083929889 0.958384752
1548339832.577930 0.360070676 0.002385766 -0.216979489 -0.016459161 0.267886817 0.082764357 0.959747791
1548339832.611400 0.353691787 -0.001805453 -0.211396828 -0.017138477 0.265933931 0.082210064 0.960326433
1548339832.644770 0.357742369 0.003175949 -0.211168230 -0.015857192 0.261024684 0.083032586 0.961623728
1548339832.678290 0.362379879 0.006264092 -0.212345511 -0.014539422 0.254812986 0.084055386 0.963220417
1548339832.711810 0.359797746 0.000442290 -0.213977858 -0.014205395 0.249926001 0.083725207 0.964533746
1548339832.778840 0.356484801 0.004082489 -0.210832193 -0.011400719 0.239747256 0.083716422 0.967151940
1548339832.812350 0.346662223 -0.008062689 -0.204300478 -0.012486885 0.237810105 0.083266705 0.967655480
1548339832.845870 0.338819563 -0.007920812 -0.203815863 -0.011501459 0.234393567 0.082372263 0.968577385
1548339832.879380 0.338753015 -0.001074256 -0.202539131 -0.009727967 0.230090559 0.081107572 0.969734669
1548339832.912900 0.337185174 -0.008794083 -0.199838743 -0.010316175 0.227461770 0.079732075 0.970462561
1548339832.946420 0.334922254 -0.015662059 -0.199280933 -0.010721581 0.225036234 0.079236977 0.971063972
1548339832.979930 0.318205416 -0.014819713 -0.191461489 -0.009408070 0.223208547 0.077601314 0.971631348
1548339833.013470 0.326750398 -0.014048460 -0.191707075 -0.008730073 0.218165383 0.075799249 0.972924531
1548339833.046950 0.326310009 -0.012511342 -0.192058668 -0.007870487 0.215972766 0.074430168 0.973526597
1548339833.080500 0.308563381 -0.016908552 -0.190055370 -0.007878302 0.215689629 0.073830552 0.973634958
1548339833.114020 0.312816322 -0.011198008 -0.188477144 -0.007089289 0.211917147 0.071977086 0.974607706
1548339833.147560 0.315955251 -0.009797665 -0.186944470 -0.007515415 0.209698200 0.070955835 0.975159228
1548339833.181080 0.307498187 -0.004895367 -0.186870486 -0.007447683 0.209373340 0.070415601 0.975268722
1548339833.214590 0.313877225 -0.006411540 -0.186280981 -0.008634028 0.206885219 0.069911435 0.975825965
1548339833.281640 0.300876141 -0.000516059 -0.179086745 -0.008686455 0.206689894 0.068535022 0.975964546
1548339833.315150 0.304991096 -0.005583460 -0.177155361 -0.010094717 0.203514650 0.068414032 0.976626575
1548339833.348670 0.309848219 -0.000686160 -0.178434744 -0.009898170 0.200597152 0.067258678 0.977312207
1548339833.415700 0.311360657 0.009701039 -0.179718032 -0.010295250 0.199614435 0.065739922 0.977612555
1548339833.449230 0.310402513 0.013198629 -0.175482750 -0.010558593 0.198986366 0.063876957 0.977861285
1548339833.482740 0.304144263 0.005611669 -0.175525069 -0.012574401 0.199202850 0.064060450 0.977781355
1548339833.549840 0.320508808 0.019006995 -0.185739860 -0.011039034 0.192264780 0.063416168 0.979229689
1548339833.583360 0.310736328 0.012663958 -0.177953199 -0.012536840 0.195181757 0.063581303 0.978623688
1548339833.616900 0.300012708 0.006029739 -0.167697683 -0.013963042 0.197856784 0.063989885 0.978040397
1548339833.650440 0.317206651 0.006089155 -0.177309960 -0.013961084 0.194532365 0.063848875 0.978716254
1548339833.717490 0.301834553 0.030662157 -0.162582487 -0.009515246 0.199247614 0.062350437 0.977917314
1548339833.751070 0.305704147 -0.006103424 -0.169663772 -0.014503441 0.198490500 0.063396461 0.977942765
1548339834.119340 0.284299403 0.007190188 -0.155172318 -0.003386531 0.202295974 0.053268090 0.977868795
1548339834.186310 0.273082316 0.013700038 -0.156422630 -0.003559143 0.204602629 0.054138564 0.977340341
1548339834.253240 0.278677016 0.017788716 -0.150600642 -0.004276512 0.206022814 0.058809943 0.976769030
1548339834.320280 0.283020049 0.008713480 -0.167548671 -0.007656971 0.208009198 0.059093475 0.976310134
1548339834.387080 0.295269340 0.011275793 -0.154026106 -0.009054670 0.209820479 0.057101827 0.976029098
1548339834.454060 0.290160507 0.018730536 -0.145209447 -0.007179508 0.218047932 0.055368956 0.974339724
1548339834.521090 0.285984635 0.023312846 -0.141381264 -0.004822369 0.224945709 0.054302152 0.972845018
1548339835.560030 0.326437056 0.021782814 -0.168822527 -0.000609774 0.321454018 0.075991102 0.943870902
1548339835.593570 0.327251315 0.027613658 -0.175669968 0.000819515 0.322938740 0.076447055 0.943326950
1548339835.627080 0.327132344 0.020459658 -0.176106900 -0.000338829 0.326005220 0.077535398 0.942182958
1548339835.794620 0.330883086 0.008268063 -0.176214740 -0.003667939 0.335703313 0.081194133 0.938454747
1548339835.828120 0.333488524 0.015445971 -0.178895772 -0.002170000 0.336002380 0.081894219 0.938291550
1548339835.861630 0.334011346 0.012036904 -0.180220231 -0.002966427 0.337310672 0.082144715 0.937797964
1548339835.895150 0.332055420 0.010338092 -0.179588273 -0.003286472 0.338943630 0.083075039 0.937125921
1548339835.928690 0.335373282 0.009530426 -0.182965338 -0.003543764 0.339717299 0.082568496 0.936889529
1548339835.962200 0.333212972 0.009611981 -0.179540187 -0.003273686 0.342352957 0.082852513 0.935905576
1548339836.029150 0.336880505 0.009068448 -0.188180059 -0.003634036 0.343753189 0.083225042 0.935357749
1548339836.129460 0.334859163 0.011482920 -0.186503664 -0.005421664 0.347984254 0.083634637 0.933746636
1548339836.162970 0.330797285 0.015881175 -0.183667481 -0.005355445 0.349937588 0.083705395 0.933010399
1548339836.196490 0.340443403 0.021724954 -0.189244166 -0.005120940 0.350604236 0.084166922 0.932719886
1548339836.230010 0.338684618 0.025839716 -0.190206259 -0.004787618 0.353109509 0.084086433 0.931783378
1548339836.263520 0.347900003 0.030170292 -0.192847639 -0.004446225 0.354223371 0.084296890 0.931343138
1548339836.297040 0.351674765 0.020018172 -0.193123579 -0.006233349 0.356218219 0.085835218 0.930431128
1548339836.330550 0.341821373 0.030452019 -0.191810429 -0.005152130 0.359066546 0.084408320 0.929472923
1548339836.363970 0.347883016 0.024475688 -0.194175765 -0.007659843 0.360605389 0.085113183 0.928795338
1548339836.397490 0.349175543 0.027355243 -0.194065496 -0.008591752 0.362357497 0.085960709 0.928026974
1548339836.431000 0.348990440 0.032401107 -0.192865565 -0.008815778 0.363931835 0.086553060 0.927353501
1548339836.464620 0.331115752 0.038636263 -0.197888255 -0.008647238 0.368847489 0.085612468 0.925498426
1548339836.498150 0.347393095 0.031576533 -0.193444282 -0.010446690 0.372309864 0.089415580 0.923732162
1548339836.532200 0.352979034 0.033046722 -0.194934770 -0.010452935 0.372504920 0.091518596 0.923447430
1548339836.565720 0.355896801 0.031048980 -0.196711645 -0.011413959 0.372755408 0.092565611 0.923230588
1548339836.599260 0.354412496 0.036528323 -0.197408959 -0.011807408 0.373437047 0.093340181 0.922872126
1548339836.632780 0.371791601 0.029778441 -0.205140024 -0.014869305 0.370335877 0.094756715 0.923932552
1548339836.666290 0.382338285 0.036128022 -0.213541478 -0.015775030 0.368818551 0.094632044 0.924537063
1548339836.699780 0.389402807 0.034433529 -0.218644351 -0.016905727 0.367943555 0.094813257 0.924847126
1548339836.733300 0.378339797 0.021965012 -0.206554115 -0.019741615 0.371171921 0.094238684 0.923558772
1548339836.766810 0.376466900 0.018070677 -0.201960996 -0.020643063 0.371287823 0.093629487 0.923554361
1548339836.800330 0.380332917 0.033185545 -0.206127614 -0.018588848 0.370486557 0.091582745 0.924124897
1548339836.833840 0.380117506 0.034585413 -0.207912058 -0.018089542 0.372010499 0.091923140 0.923488557
1548339836.867360 0.379438579 0.029476356 -0.206669137 -0.018758494 0.372510493 0.092374355 0.923228621
1548339836.900880 0.383291483 0.038374696 -0.210923418 -0.017845120 0.371843308 0.091734663 0.923579395
1548339836.934390 0.384698868 0.046749111 -0.214714602 -0.017890476 0.373221695 0.092108518 0.922985137
1548339836.967880 0.394883841 0.048046611 -0.228434876 -0.018723186 0.372232974 0.094654016 0.923110306
1548339837.001390 0.401541770 0.054076366 -0.233503670 -0.018922048 0.370801538 0.095086016 0.923637807
1548339837.034900 0.417143822 0.066022158 -0.245163277 -0.018396992 0.368384510 0.094742864 0.924650311
1548339837.068420 0.425889820 0.075955197 -0.250999928 -0.017689221 0.367203832 0.095416836 0.925064325
1548339837.101930 0.389553785 0.037040401 -0.209457248 -0.024016289 0.375355065 0.095431425 0.921642363
1548339837.135380 0.390538603 0.040128138 -0.223079219 -0.023467919 0.373538643 0.095799021 0.922356069
1548339837.168890 0.394354522 0.044099595 -0.235813424 -0.022817362 0.372323602 0.096058041 0.922836602
1548339837.202450 0.409155220 0.045439962 -0.245829776 -0.022818573 0.370078206 0.098065011 0.923528433
1548339837.236000 0.420142144 0.053067092 -0.252576470 -0.021588830 0.368055612 0.098409221 0.924329281
1548339837.269510 0.397986948 0.030842923 -0.214586258 -0.024634246 0.373643875 0.095376760 0.922326744
1548339837.303030 0.397372603 0.033105358 -0.227560952 -0.023204325 0.373707414 0.096869387 0.922182560
1548339837.370060 0.388785839 0.045984823 -0.202903807 -0.019492686 0.375876844 0.094766669 0.921605110
1548339837.403580 0.394514382 0.043605141 -0.212591663 -0.019340495 0.374774367 0.095061474 0.922026813
1548339837.437090 0.383708984 0.011861316 -0.191176772 -0.024175245 0.378077805 0.094399221 0.920631051
1548339837.470580 0.403025478 0.040906481 -0.212745339 -0.018916128 0.373330981 0.094970606 0.922630310
1548339837.537640 0.398957580 0.034076806 -0.215013564 -0.017860062 0.374318361 0.094203323 0.922329962
1548339837.571160 0.397645026 0.031129349 -0.212884799 -0.017089900 0.375226229 0.095480308 0.921844184
1548339837.604670 0.395552129 0.025400572 -0.211196959 -0.016617250 0.375754774 0.095701851 0.921614528
1548339837.638230 0.401330918 0.011946511 -0.211662024 -0.017325968 0.375307679 0.096098334 0.921742380
1548339837.671760 0.395119458 0.032046348 -0.201605543 -0.013051725 0.377016962 0.095496565 0.921177626
1548339837.705290 0.411070079 0.026513770 -0.226329967 -0.014165859 0.374675721 0.097650997 0.921890318
1548339837.738950 0.411173671 0.041025791 -0.219122514 -0.011640591 0.374986529 0.098798007 0.921677053
1548339837.772690 0.400288582 0.027450584 -0.210732862 -0.013403818 0.376227826 0.098885059 0.921137750
1548339837.806350 0.408766329 0.025434168 -0.217675775 -0.013544365 0.374151856 0.098449990 0.922027409
1548339837.839870 0.401643246 0.027159207 -0.221628770 -0.012693536 0.374717653 0.098557912 0.921798170
1548339837.873430 0.411522150 0.026981000 -0.217935264 -0.012655358 0.372008979 0.098143823 0.922939301
1548339837.906960 0.422052026 0.024456045 -0.225354061 -0.013027221 0.368620157 0.097793445 0.924329996
1548339837.940490 0.416447669 0.022045545 -0.225059867 -0.013092382 0.367333472 0.097059757 0.924918473
1548339837.974010 0.412020445 0.026964359 -0.222207844 -0.012074152 0.365977079 0.095644429 0.925617158
1548339838.007550 0.414473355 0.025290998 -0.222421616 -0.012016983 0.364218444 0.095054694 0.926372051
1548339838.041050 0.369298249 0.014454624 -0.192177266 -0.012585219 0.370664775 0.093142256 0.923998773
1548339838.074580 0.387489170 0.015916137 -0.205464080 -0.012067544 0.365875632 0.095092684 0.925714195
1548339838.108150 0.404283643 0.020900100 -0.215360045 -0.011920233 0.362560987 0.094824992 0.927046776
1548339838.141700 0.419668853 0.029930061 -0.228902847 -0.011017069 0.359640121 0.095661841 0.928109050
1548339838.175240 0.439197093 0.033258785 -0.237583831 -0.011572171 0.355367035 0.096650183 0.929644585
1548339838.208780 0.454747766 0.036895700 -0.259503394 -0.011038784 0.349434584 0.098635748 0.931689084
1548339838.242290 0.480391592 0.036334202 -0.273990929 -0.012860365 0.343532771 0.098947570 0.933825016
1548339838.275790 0.493995219 0.050366510 -0.279824972 -0.012282534 0.339116246 0.096918337 0.935658097
1548339838.309310 0.519230962 0.054648936 -0.299221218 -0.013608448 0.331502527 0.095859192 0.938473165
1548339838.342820 0.543330431 0.052481439 -0.310220420 -0.015917817 0.326867074 0.095490411 0.940099001
1548339838.376340 0.551218688 0.062637322 -0.320896119 -0.015914649 0.323382139 0.093763009 0.941477120
1548339838.409850 0.576445222 0.076461174 -0.345637053 -0.014018182 0.316757381 0.094182089 0.943715036
1548339838.476820 0.413439423 0.023485022 -0.218519062 -0.022414913 0.344654143 0.087703712 0.934354961
1548339838.744910 0.402301103 0.008715257 -0.212494299 -0.019315625 0.337085187 0.086977348 0.937248886
1548339839.046500 0.399956226 0.014164844 -0.218174323 -0.013139520 0.327615827 0.084064163 0.940972090
1548339840.051400 0.386895210 -0.000945150 -0.213194400 -0.014100147 0.295017302 0.077405274 0.952247024
1548339840.084970 0.380045325 0.001560752 -0.210115463 -0.014669069 0.295399636 0.075992897 0.952233672
1548339840.118480 0.381234795 -0.000676916 -0.207105502 -0.015887784 0.294182837 0.075671755 0.952616274
1548339840.152000 0.375531554 0.004766912 -0.205429330 -0.015544054 0.293708593 0.074711576 0.952844083
1548339840.620950 0.365184337 0.026256729 -0.182095230 -0.016220361 0.286549956 0.079177596 0.954650164
1548339840.822210 0.352230638 0.018963523 -0.175163552 -0.019944107 0.287108690 0.072708808 0.954926312
1548339840.855730 0.354722917 0.008097872 -0.177567050 -0.022092585 0.286539018 0.073190115 0.955013394
1548339840.889240 0.346505255 0.012272933 -0.173535794 -0.021718398 0.288516611 0.071279600 0.954570949
1548339840.956290 0.347749174 0.006625649 -0.170151129 -0.021190066 0.289857447 0.069873117 0.954280555
1548339840.989830 0.338578999 0.013373049 -0.166032568 -0.018658934 0.292459518 0.068146609 0.953664184
1548339841.358590 0.304979861 0.013198178 -0.136405230 -0.016064120 0.284663647 0.064966954 0.956288576
1548339841.425510 0.301980972 0.010520812 -0.130759269 -0.017014105 0.277171433 0.066437498 0.958369732
1548339841.526060 0.303790867 0.002086426 -0.123756573 -0.016298750 0.267371029 0.073322102 0.960661769
1548339841.593460 0.292606622 -0.013717401 -0.121189170 -0.013113459 0.259279490 0.076030225 0.962715745
1548339841.626970 0.279123485 -0.003257611 -0.114080302 -0.008090839 0.256104678 0.075925268 0.963628709
1548339841.660430 0.288359851 -0.021140162 -0.120966785 -0.006970532 0.248385027 0.077612467 0.965521932
1548339841.693940 0.272161692 -0.013574841 -0.096349545 -0.002994940 0.241525531 0.071807757 0.967729330
1548339841.727440 0.296985328 -0.019532155 -0.123347275 -0.001979900 0.225875750 0.068805180 0.971721172
1548339841.760980 0.266656071 -0.038451288 -0.097575106 -0.003690844 0.225888193 0.064334370 0.972019553
1548339841.794550 0.267578304 -0.052723974 -0.104745179 -0.004769018 0.217894703 0.060310248 0.974095404
1548339841.828070 0.267155588 -0.044126298 -0.094073862 -0.002351233 0.212073371 0.055167560 0.975692511
1548339841.861580 0.263025314 -0.051279210 -0.095508583 -0.002129417 0.206009150 0.052151233 0.977157056
1548339841.928620 0.264915675 -0.064709499 -0.098812543 -0.000975779 0.193060830 0.050107837 0.979905963
1548339841.962070 0.262781739 -0.044463381 -0.095448487 0.003450680 0.185947418 0.047810033 0.981389761
1548339841.995570 0.263845742 -0.047873370 -0.099480085 0.003256936 0.181908786 0.048149258 0.982130468
1548339842.029020 0.262392372 -0.046805341 -0.092173517 0.003885680 0.179324180 0.047930826 0.982614040
1548339842.062260 0.262897193 -0.042670675 -0.095734008 0.005152181 0.175906897 0.047540147 0.983244717
1548339842.095780 0.262534857 -0.042570848 -0.096090473 0.005959215 0.173641816 0.048225202 0.983609319
1548339842.129290 0.258860767 -0.049120303 -0.097329125 0.005149052 0.171080336 0.047450952 0.984100282
1548339842.162610 0.259708494 -0.045917787 -0.093447752 0.005499341 0.167993158 0.046153389 0.984691799
1548339842.196080 0.255807221 -0.045287926 -0.092462651 0.005852347 0.166415334 0.044798616 0.985020220
1548339842.229550 0.249367803 -0.035939395 -0.094120167 0.007795247 0.164223924 0.044079930 0.985406876
1548339842.263040 0.252646923 -0.040770855 -0.098305531 0.006572961 0.160063744 0.042852428 0.986154199
1548339842.296560 0.244827583 -0.058094382 -0.090208374 0.003442967 0.157317072 0.041718736 0.986660540
1548339842.330100 0.249625757 -0.047574461 -0.097291224 0.003872675 0.151963770 0.038281981 0.987636805
1548339842.363630 0.218103096 -0.035071254 -0.083067290 0.004662485 0.153824776 0.036062550 0.987428844
1548339842.397180 0.220451832 -0.039416607 -0.081359595 0.002394668 0.149004519 0.034431804 0.988233984
1548339842.430730 0.209232748 -0.031489942 -0.078962125 0.002433551 0.146925360 0.032845933 0.988599122
1548339842.464300 0.240428343 -0.025465375 -0.075802416 0.001576685 0.138829038 0.033638719 0.989743650
1548339842.497820 0.264946967 -0.022712767 -0.080332264 0.000068231 0.131124377 0.034686357 0.990758955
1548339842.531350 0.287130505 -0.027241878 -0.083011150 -0.002245560 0.123659156 0.034739118 0.991714001
1548339842.564860 0.222329021 -0.019624131 -0.080348007 -0.002478122 0.129184410 0.032444358 0.991086602
1548339842.598380 0.224282280 -0.026274368 -0.080248199 -0.005192217 0.127554804 0.033271275 0.991259694
1548339842.631900 0.213896617 -0.035922736 -0.076126806 -0.007723039 0.126674429 0.033664502 0.991342843
1548339842.665410 0.252588451 -0.035081651 -0.074683830 -0.007981402 0.116942152 0.034853403 0.992494881
1548339842.698990 0.281642020 -0.036656365 -0.076242544 -0.008940897 0.109636448 0.034435026 0.993334889
1548339842.732530 0.216147199 -0.017604711 -0.076644003 -0.006856969 0.117685020 0.027637379 0.992642641
1548339842.766050 0.215095967 -0.017829532 -0.073709577 -0.008061625 0.118370198 0.025838098 0.992600560
1548339842.799560 0.211388513 -0.008127498 -0.069257721 -0.007704064 0.119039044 0.022888215 0.992595792
1548339842.833060 0.216389775 -0.004215360 -0.070191622 -0.007932121 0.119125068 0.020328507 0.992639482
1548339842.866510 0.219510823 -0.004649969 -0.067977309 -0.009145456 0.120789632 0.018598896 0.992461741
1548339842.900020 0.207824156 -0.005114222 -0.065980293 -0.010635667 0.123208888 0.017528351 0.992168963
1548339842.933540 0.208453074 -0.000771623 -0.066081643 -0.011944378 0.123035692 0.015171856 0.992214382
1548339842.967060 0.206706375 0.011349130 -0.064857356 -0.012880865 0.124306761 0.013306909 0.992070973
1548339843.000560 0.200737923 0.016237738 -0.061339173 -0.014806515 0.126142457 0.012114548 0.991827607
1548339843.034070 0.192866042 0.017474404 -0.054133184 -0.017185530 0.128423810 0.010946724 0.991510034
1548339843.067590 0.196886867 0.014786520 -0.052485261 -0.019728759 0.129342958 0.010912527 0.991343558
1548339843.101090 0.189540073 0.015024414 -0.050729487 -0.021215379 0.130896300 0.010876308 0.991109371
1548339843.134580 0.191553220 0.015637172 -0.052033253 -0.022564344 0.130849496 0.010949287 0.991084933
1548339843.168020 0.188632652 0.016175013 -0.048491638 -0.023890395 0.132620856 0.011306290 0.990814388
1548339843.201540 0.174554139 0.022719087 -0.041728582 -0.023433153 0.134788990 0.012315294 0.990520656
1548339843.235020 0.189831465 0.009126236 -0.059101552 -0.025498096 0.129371211 0.015457906 0.991147816
1548339843.268550 0.156768784 0.025660673 -0.040769372 -0.022398137 0.129239932 0.014606552 0.991252780
1548339843.302090 0.172475383 0.021601049 -0.041075610 -0.022930661 0.124234527 0.014464280 0.991882443
1548339843.335600 0.163448051 0.021314990 -0.037229232 -0.023008525 0.125133798 0.015542384 0.991751313
1548339843.503210 0.137307629 0.016661532 -0.027001265 -0.020840380 0.119353004 0.014365437 0.992529213
1548339843.771460 0.126244783 0.004401183 -0.014669487 -0.017376134 0.103017934 0.016125111 0.994396985
1548339843.939590 0.111801356 0.028173672 -0.010816137 -0.012115544 0.096081316 0.016273787 0.995166719
1548339843.973140 0.105948351 0.034383968 -0.018893097 -0.011246928 0.093825616 0.016217740 0.995393038
1548339844.006810 0.092062175 0.037683271 -0.010901721 -0.010327049 0.092924006 0.013713001 0.995525181
1548339844.074300 0.089908727 0.029344223 -0.010335939 -0.011015278 0.087432265 0.010218111 0.996057153
1548339844.108370 0.082903333 0.027420321 -0.007560020 -0.010724070 0.086259998 0.008951926 0.996174753
1548339844.175400 0.091169223 0.015127815 -0.014183167 -0.010888491 0.084713303 0.006355174 0.996325612
1548339844.208920 0.085280970 0.019546881 -0.008721019 -0.009733446 0.086142667 0.006092997 0.996216655
1548339844.242440 0.084076554 0.016348928 -0.005365284 -0.009492795 0.086042270 0.005842240 0.996229112
1548339844.275950 0.087906159 0.017074563 -0.006064914 -0.008689794 0.085768677 0.005502577 0.996262014
1548339844.309470 0.081493929 0.016262194 -0.004846802 -0.008575258 0.087222710 0.005673632 0.996135771
1548339844.375030 0.093338646 0.004991566 -0.004361736 -0.010369950 0.087969221 0.005344457 0.996054888
1548339844.408430 0.109192975 -0.008819169 -0.003558076 -0.012189689 0.090318874 0.005624778 0.995822430
1548339844.508980 0.108482204 -0.030809313 0.003184404 -0.012920264 0.108461857 0.010991574 0.993955851
1548339844.542490 0.107095934 -0.018085744 0.000006801 -0.008109032 0.117456861 0.017401036 0.992892444
1548339844.576010 0.119323350 -0.025058275 0.003142508 -0.007170769 0.120834284 0.020532457 0.992434442
1548339844.609530 0.166483149 -0.048705712 -0.007950315 -0.009237816 0.119914576 0.022501070 0.992486179
1548339844.643050 0.129848287 -0.024388291 0.000903450 -0.002227698 0.133522883 0.025238935 0.990721762
1548339844.710120 0.113180950 -0.050282314 -0.005394112 -0.002793857 0.144323379 0.026843175 0.989162445
1548339844.877720 0.126172438 -0.030288920 -0.007095202 0.001165078 0.164157644 0.026831787 0.986068428
1548339844.944740 0.120297320 -0.033256318 -0.009199318 0.001582517 0.173615023 0.027174767 0.984437346
1548339844.978240 0.125867873 -0.042756956 -0.010990993 0.000850398 0.176700294 0.028044458 0.983864725
1548339845.011760 0.150614575 -0.041668307 -0.019928761 0.002012086 0.177820608 0.028636379 0.983644068
1548339845.078780 0.136728257 -0.043918684 -0.022319270 0.005055079 0.194211990 0.031805634 0.980430782
1548339845.112290 0.158403531 -0.042955276 -0.024929756 0.006173386 0.195667878 0.034287557 0.980051219
1548339845.145810 0.158264652 -0.059152402 -0.028197922 0.005639891 0.201365069 0.036762305 0.978809893
1548339845.179320 0.156694680 -0.060453340 -0.034289233 0.006542203 0.207064062 0.039705314 0.977499425
1548339845.212840 0.152751088 -0.057391867 -0.030689621 0.008066357 0.211816385 0.041866083 0.976379037
1548339845.246350 0.158155948 -0.063282132 -0.039036531 0.008115459 0.214520872 0.043077558 0.975735247
1548339845.279870 0.170479000 -0.054050803 -0.045602497 0.010311637 0.217652664 0.043871544 0.974985301
1548339845.313390 0.166122377 -0.067039788 -0.043852951 0.008768987 0.222686768 0.045124438 0.973805666
1548339845.346520 0.172802404 -0.071467862 -0.047219213 0.008907976 0.224221662 0.045546595 0.973432481
1548339845.379950 0.161740139 -0.058707975 -0.049441956 0.011741376 0.230614692 0.043582130 0.971997738
1548339845.480560 0.195522279 -0.066259988 -0.066052392 0.011389463 0.240367159 0.045088876 0.969567418
1548339845.514070 0.186510652 -0.072204687 -0.066776350 0.010508981 0.249619946 0.046017706 0.967192709
1548339845.581130 0.188692525 -0.057330161 -0.071091928 0.010867299 0.259400845 0.046188284 0.964603424
1548339845.615100 0.183730319 -0.059401650 -0.070807569 0.009230100 0.267476171 0.047202293 0.962363362
1548339845.648680 0.206609800 -0.066561677 -0.079515897 0.006407440 0.269424468 0.049873248 0.961707890
1548339845.682190 0.205321983 -0.063020818 -0.076936096 0.005037761 0.275900036 0.050924756 0.959823132
1548339845.715710 0.217138335 -0.059292182 -0.078691468 0.003815398 0.280590296 0.052146111 0.958402455
1548339845.749200 0.224798203 -0.059016265 -0.085429385 0.002129797 0.284805179 0.053406283 0.957094193
1548339845.782230 0.245223835 -0.062233105 -0.094814926 -0.000132355 0.287259877 0.055622999 0.956236303
1548339845.815720 0.244300097 -0.060918566 -0.088694848 -0.000837213 0.293410152 0.057185989 0.954274356
1548339845.849230 0.250558227 -0.063495770 -0.093451358 -0.002356720 0.296840191 0.059653398 0.953059196
1548339845.882750 0.236333802 -0.065026134 -0.090177335 -0.003396059 0.303860873 0.060399808 0.950793862
1548339845.916310 0.248726949 -0.070454024 -0.099228784 -0.005269690 0.306825221 0.062293164 0.949710548
1548339845.950180 0.256542325 -0.072599009 -0.102549940 -0.006357430 0.311238050 0.064617507 0.948111296
1548339846.017320 0.286463857 -0.054756112 -0.111463793 -0.004885919 0.315584838 0.067378759 0.946489513
1548339846.117850 0.291433543 -0.081017800 -0.119985916 -0.010898939 0.328232497 0.071091294 0.941854894
1548339846.184880 0.302690685 -0.065819629 -0.127111465 -0.009745734 0.333957672 0.072134607 0.939773321
1548339846.251820 0.316043854 -0.063932955 -0.137405798 -0.011592676 0.339128464 0.074241027 0.937734365
1548339846.285340 0.321148217 -0.063102014 -0.133336276 -0.013023517 0.341718525 0.074815199 0.936729133
1548339846.318940 0.319939554 -0.054747216 -0.135432944 -0.013043611 0.344995886 0.074843399 0.935524523
1548339846.419660 0.335132569 -0.058254931 -0.142506167 -0.017437711 0.354031801 0.076627642 0.931925774
1548339846.453530 0.324675381 -0.069272324 -0.129360020 -0.019669458 0.359373063 0.077377431 0.929772496
1548339846.487050 0.337651402 -0.050072439 -0.144452810 -0.017184626 0.359176189 0.077211894 0.929911554
1548339846.520530 0.334780514 -0.044949796 -0.146120220 -0.017430577 0.363254517 0.077421226 0.928304017
1548339846.553730 0.345667422 -0.036608782 -0.145031780 -0.017890805 0.365522563 0.077764764 0.927375793
1548339846.587240 0.347462893 -0.055815320 -0.149457023 -0.022655394 0.369263440 0.079518296 0.925639331
1548339846.620760 0.350115746 -0.046168938 -0.144564584 -0.023382770 0.373970985 0.081019558 0.923598826
1548339846.654280 0.341736168 -0.045732185 -0.133482978 -0.025285209 0.377200544 0.082456015 0.922107041
1548339846.687780 0.367811948 -0.021981178 -0.154812455 -0.023647698 0.373797357 0.082266301 0.923552155
1548339846.721300 0.359163553 -0.027843636 -0.145944834 -0.025596499 0.379514068 0.084667057 0.920948088
1548339846.754750 0.355163634 -0.035479624 -0.136455327 -0.027711289 0.382214695 0.087238640 0.919528902
1548339846.788270 0.365735829 -0.026313530 -0.146457031 -0.027160307 0.381205887 0.087475777 0.919941485
1548339846.821790 0.358241558 -0.016042788 -0.141202331 -0.026610317 0.384365529 0.087252028 0.918663204
1548339846.855290 0.364658535 -0.025466653 -0.139266491 -0.029361688 0.383810490 0.088998780 0.918643892
1548339846.888790 0.377186656 -0.018686246 -0.146246761 -0.029978318 0.380988270 0.087814212 0.919911921
1548339846.922220 0.373952538 -0.018359147 -0.145283431 -0.030999538 0.382274806 0.087303899 0.919392765
1548339846.955400 0.363051623 -0.035715774 -0.127674028 -0.034366407 0.382951438 0.088206358 0.918905199
1548339846.988920 0.371858627 -0.020010522 -0.139956012 -0.032819647 0.377413750 0.084163964 0.921627998
1548339847.022580 0.373363376 -0.015433309 -0.141076460 -0.032336920 0.379021406 0.083419494 0.921052814
1548339847.056210 0.360106915 -0.020388793 -0.127447486 -0.031973135 0.380702972 0.084497176 0.920273423
1548339847.089720 0.367445022 -0.020786049 -0.134064928 -0.031441234 0.376014680 0.082865655 0.922365308
1548339847.123300 0.364763796 -0.018030355 -0.130892545 -0.030090768 0.374459237 0.082298025 0.923093617
1548339847.156750 0.354375422 -0.010643559 -0.128455266 -0.027866660 0.372029692 0.081328824 0.924231052
1548339847.190270 0.352651387 -0.012231082 -0.128593996 -0.027725587 0.368106246 0.080634825 0.925865591
1548339847.223780 0.364334345 -0.006811216 -0.138547406 -0.027183456 0.362782091 0.081143692 0.927936375
1548339847.257300 0.357520193 -0.001269087 -0.131670445 -0.026905887 0.361746907 0.080033503 0.928444862
1548339847.324330 0.357361525 0.005019557 -0.131976709 -0.026223296 0.352391988 0.081066854 0.931965888
1548339847.357850 0.362014353 0.005032131 -0.136289895 -0.026881753 0.349293798 0.081454426 0.933079004
1548339847.391370 0.354061693 0.000864881 -0.128110901 -0.028121445 0.348284662 0.081758104 0.933393061
1548339847.424880 0.355000407 0.010404081 -0.131366149 -0.026879171 0.344211489 0.081033327 0.935002446
1548339847.458410 0.362427354 0.001839297 -0.134088174 -0.028751522 0.340411991 0.081354991 0.936308920
1548339847.491910 0.347349405 0.009458210 -0.124250636 -0.027551172 0.339188099 0.079516567 0.936946929
1548339847.525430 0.358605951 0.008195937 -0.133008942 -0.028268334 0.333779722 0.078347482 0.938964128
1548339847.558960 0.358827472 0.011685321 -0.133025661 -0.028239865 0.331555098 0.076837242 0.939877510
1548339847.592480 0.355749935 0.006595670 -0.130310461 -0.029197820 0.329995841 0.075294867 0.940521657
1548339847.625990 0.354188323 0.016515069 -0.132123202 -0.027656132 0.327385366 0.072874382 0.941670477
1548339847.659510 0.355175018 0.019788323 -0.135054797 -0.027407080 0.326239705 0.070850991 0.942229629
1548339847.693030 0.355213225 0.016118465 -0.132433891 -0.028038302 0.325759500 0.069079362 0.942508698
1548339847.726540 0.352738112 0.009499707 -0.128442109 -0.028428463 0.325504541 0.068334989 0.942639351
1548339847.760060 0.354779601 0.016586028 -0.128815591 -0.026732199 0.323600799 0.066642545 0.943465292
1548339847.894060 0.345321417 0.017233986 -0.118728995 -0.024430159 0.318693966 0.061764229 0.945527673
1548339848.195680 0.343428850 0.011521049 -0.106862113 -0.021673268 0.297300279 0.063663974 0.952412546
1548339848.229190 0.339317054 0.009567401 -0.107738458 -0.019892426 0.294479251 0.064562798 0.953266978
1548339848.262710 0.327461243 0.000497496 -0.096259631 -0.018600538 0.293157309 0.067227758 0.953516245
1548339848.296250 0.336816281 0.003839355 -0.104032882 -0.015833287 0.288789660 0.068111926 0.954835415
1548339848.329750 0.333485752 0.002214581 -0.101258829 -0.013551414 0.286814332 0.069405749 0.955372572
1548339848.363260 0.322189212 -0.002340722 -0.095283762 -0.011583929 0.285093248 0.070214160 0.955854416
1548339848.396780 0.332685173 0.002265092 -0.102237217 -0.008937298 0.280167103 0.070592627 0.957310438
1548339848.463810 0.324073315 0.003753083 -0.101369157 -0.006246759 0.277542561 0.070566043 0.958097875
1548339848.497320 0.328727305 0.003595977 -0.103454806 -0.005453596 0.275340676 0.071293615 0.958683968
1548339848.530840 0.328864247 0.004295792 -0.105946422 -0.004945903 0.274766028 0.071494058 0.958836675
1548339848.664890 0.338073373 0.003700049 -0.108808838 -0.007141502 0.273814917 0.072750844 0.959000409
1548339848.932420 0.335939616 0.001940743 -0.105106056 -0.010195031 0.277426958 0.071512476 0.958027303
1548339849.166950 0.352979600 0.001879040 -0.112002209 -0.014249944 0.286332846 0.065872833 0.955756903
1548339849.200460 0.362091988 0.002231229 -0.114682175 -0.013778824 0.286174715 0.065876998 0.955810845
1548339849.267490 0.365788430 -0.005008582 -0.113150865 -0.013144718 0.287777901 0.067381144 0.955233395
1548339849.301010 0.361464053 0.002460566 -0.113207072 -0.010909493 0.289362699 0.067550011 0.954770744
1548339849.334800 0.364460438 0.002971309 -0.113703072 -0.009911626 0.289945215 0.068509348 0.954536557
1548339849.368460 0.363847107 -0.000215335 -0.112815656 -0.009954776 0.290508687 0.069376491 0.954302073
1548339849.401990 0.360542804 0.007270106 -0.112831913 -0.008510425 0.291566432 0.069500931 0.953984380
1548339849.435500 0.364435017 0.007128421 -0.112491027 -0.008509379 0.291484833 0.071019031 0.953897536
1548339849.469020 0.362466753 0.004900005 -0.111159749 -0.009326574 0.291269600 0.071989127 0.953882933
1548339849.502530 0.362696081 0.002334531 -0.110732064 -0.010468856 0.290430605 0.071789734 0.954141855
1548339849.535900 0.363357514 0.002811715 -0.112933263 -0.011252594 0.289865077 0.072448485 0.954255164
1548339849.569350 0.363653868 0.014765541 -0.113551542 -0.010664731 0.289538652 0.072031327 0.954392552
1548339849.602870 0.363559484 0.011815303 -0.109031864 -0.012475461 0.290169060 0.072063476 0.954176724
1548339849.636380 0.365551114 0.002936435 -0.108784392 -0.014412624 0.289935112 0.073620565 0.954101622
1548339849.669960 0.362283766 0.008527841 -0.109299302 -0.014148506 0.289909303 0.073127791 0.954151332
1548339849.703480 0.363112777 0.014733743 -0.109383993 -0.013902648 0.289881676 0.072349608 0.954222679
1548339849.737000 0.364320070 0.008801122 -0.107293621 -0.015363206 0.290249139 0.072940618 0.954043567
1548339849.770510 0.367444575 0.005077688 -0.109676771 -0.016333979 0.289501429 0.072812654 0.954264343
1548339849.803960 0.369029313 -0.001457185 -0.110016905 -0.017603146 0.289934903 0.072896965 0.954103708
1548339849.837480 0.368623078 0.005192877 -0.109655276 -0.016508039 0.291107982 0.072454736 0.953799725
1548339849.871000 0.365532666 0.000196098 -0.105646245 -0.017048582 0.293106943 0.072476745 0.953176200
1548339849.904510 0.369322926 0.001765920 -0.108138859 -0.015789689 0.293326646 0.072262466 0.953146517
1548339849.938030 0.366991282 0.002242802 -0.105477937 -0.014450998 0.295222163 0.071744077 0.952621579
1548339849.971540 0.365891516 0.004130017 -0.106898181 -0.013076833 0.297124922 0.070959173 0.952108502
1548339850.005020 0.377712876 -0.000312841 -0.110432334 -0.012879635 0.297391146 0.071390554 0.951995790
1548339850.038540 0.368961632 0.002065815 -0.104583360 -0.011198517 0.300693244 0.071146540 0.950997531
1548339850.072160 0.367697567 -0.000070873 -0.105294690 -0.010550849 0.301821202 0.070898496 0.950666130
1548339850.105670 0.373292536 0.003712659 -0.106409915 -0.009416278 0.302078575 0.071198203 0.950573862
1548339850.139090 0.370442033 0.006149367 -0.105390355 -0.008657877 0.302890807 0.070872210 0.950346947
1548339850.172570 0.370700985 0.002706377 -0.105066486 -0.009097846 0.303045601 0.071033791 0.950281441
1548339850.206090 0.371158749 0.001088807 -0.107796103 -0.009434007 0.303354979 0.071410805 0.950151205
1548339850.239610 0.369511545 0.002843296 -0.106005982 -0.009108675 0.304100454 0.072186291 0.949857414
1548339850.273150 0.371367097 0.007463898 -0.106036134 -0.008578388 0.304244399 0.072853997 0.949765265
1548339850.306740 0.370976180 0.004870849 -0.105596222 -0.009253014 0.304903269 0.074347362 0.949431896
1548339850.340250 0.371616066 0.004680455 -0.106141180 -0.009639387 0.304472834 0.075864598 0.949446142
1548339850.373700 0.369920939 0.006031163 -0.106156081 -0.010090417 0.304368734 0.076783285 0.949400961
1548339850.407210 0.370510340 0.004793865 -0.103925355 -0.011432904 0.304011762 0.077153981 0.949470043
1548339850.440800 0.371311456 0.004608932 -0.104917042 -0.012671206 0.303181738 0.077471659 0.949693859
1548339850.474340 0.375322431 0.004939139 -0.106957681 -0.013931539 0.302032173 0.077202216 0.950064361
1548339850.541460 0.375077486 0.000675402 -0.104414903 -0.016069816 0.301352441 0.076306432 0.950318813
1548339850.574970 0.373807043 0.001462712 -0.103337198 -0.016188232 0.301941484 0.075691894 0.950178921
1548339850.608440 0.373756617 0.003312032 -0.104119055 -0.015687421 0.302524716 0.075518325 0.950015664
1548339850.641960 0.374479204 -0.003213682 -0.104249269 -0.016671540 0.302724004 0.075177938 0.949962378
1548339850.675470 0.379739404 -0.002199835 -0.106092043 -0.016432220 0.302391112 0.074234292 0.950146735
1548339850.708990 0.375676990 -0.002434348 -0.104731403 -0.016376698 0.304368436 0.073252067 0.949592412
1548339850.742460 0.371552229 0.001404824 -0.101982795 -0.015712194 0.305497378 0.071780227 0.949353516
1548339850.775960 0.373360753 0.000728064 -0.103133962 -0.015846446 0.305291414 0.070337281 0.949525535
1548339850.809500 0.370476335 -0.001652963 -0.101747870 -0.015944930 0.306729794 0.069398209 0.949129343
1548339850.843010 0.367431521 -0.001365274 -0.097566716 -0.015401710 0.307880163 0.068759337 0.948812306
1548339850.876530 0.367910028 -0.000120305 -0.097128078 -0.014607643 0.307932794 0.068011545 0.948861659
1548339850.910040 0.367266178 -0.003040877 -0.097553834 -0.014349070 0.308362275 0.068083778 0.948720932
1548339850.943330 0.365386277 -0.002372463 -0.098062292 -0.013207399 0.308573097 0.068703987 0.948624253
1548339850.976830 0.366567254 -0.006409266 -0.098935328 -0.013318602 0.308441162 0.069086000 0.948637843
