1548339819.874260 0.000000000 0.000000000 0.000000000 -0.000000000 -0.000000000 -0.000000000 1.000000000
1548339819.907610 0.003493017 -0.002956833 0.000214080 -0.000399761 0.002507427 0.001761553 0.999995232
1548339819.941050 0.004715851 -0.001695710 -0.000984524 -0.000174415 0.004502981 0.003804566 0.999982655
1548339819.974550 0.005701831 -0.003928447 -0.000426033 -0.000618299 0.006021250 0.005398571 0.999967158
1548339820.008060 0.011185902 -0.010168914 -0.001912359 -0.001551154 0.007253302 0.006517782 0.999951243
1548339820.041580 0.014500209 -0.009193869 -0.001259503 -0.001240741 0.009346141 0.008645139 0.999918222
1548339820.075100 0.018534286 -0.014361212 -0.000883059 -0.002105316 0.011720818 0.010045973 0.999878645
1548339820.108610 0.027077083 -0.016625822 -0.001777324 -0.002323042 0.013870067 0.011400085 0.999836147
1548339820.142140 0.031180430 -0.017593540 -0.002758313 -0.002866316 0.017988563 0.012060283 0.999761343
1548339820.175640 0.032127600 -0.019371323 -0.001676317 -0.003637490 0.022582186 0.012492659 0.999660313
1548339820.209170 0.037949767 -0.020467436 -0.003442737 -0.004168624 0.025778817 0.012725821 0.999577999
1548339820.242690 0.036995407 -0.022341747 -0.002340522 -0.004991598 0.030791337 0.012168740 0.999439299
1548339820.276200 0.043072384 -0.023847669 -0.003284473 -0.005442864 0.034764796 0.011982522 0.999308884
1548339820.309720 0.035221383 -0.026218185 0.001063630 -0.005738910 0.041287471 0.011071319 0.999069512
1548339820.343240 0.036972538 -0.023696773 0.001557193 -0.005156334 0.045744680 0.011258068 0.998876452
1548339820.376770 0.040029529 -0.023596672 -0.000251445 -0.005498359 0.050309341 0.011614303 0.998651028
1548339820.410300 0.039593663 -0.016265014 0.001588930 -0.005249349 0.055363588 0.011266942 0.998388886
1548339820.443820 0.048895113 -0.015897050 -0.000180440 -0.006347554 0.059347544 0.011635596 0.998149395
1548339820.477340 0.060903888 -0.020426236 -0.003139850 -0.008379587 0.063620396 0.012811333 0.997856736
1548339820.510870 0.051631067 -0.016719745 -0.002184518 -0.009131008 0.070363343 0.013606855 0.997386813
1548339820.544380 0.037240591 -0.010652017 0.007210199 -0.009887892 0.077482231 0.013494805 0.996853411
1548339820.577900 0.045695819 -0.006350810 0.007128415 -0.011235865 0.081393175 0.014369676 0.996515155
1548339820.611410 0.052799225 -0.005835374 0.007177080 -0.013207307 0.086264126 0.016196657 0.996053100
1548339820.644930 0.049784526 -0.006785277 0.009674204 -0.015180142 0.092145793 0.016963905 0.995485306
1548339820.678910 0.045826331 -0.004074240 0.014626939 -0.015814727 0.098357566 0.018580254 0.994852006
1548339820.712510 0.057291724 -0.007681051 0.010545248 -0.017500101 0.101609387 0.019528292 0.994478762
1548339820.746060 0.058576807 0.000027744 0.010164930 -0.017577780 0.106931284 0.021198370 0.993885040
1548339820.779820 0.072513841 0.005310949 0.004423629 -0.018384311 0.107967369 0.023730846 0.993701100
1548339820.813430 0.089155957 0.003210085 0.001923413 -0.020707542 0.109002694 0.024600944 0.993521214
1548339820.846980 0.083981968 0.007009727 0.007335628 -0.022475846 0.115826011 0.024087656 0.992723048
1548339820.880510 0.078536302 0.014811408 0.009668923 -0.023288818 0.122391351 0.024413817 0.991908252
1548339820.914340 0.072711132 0.008876746 0.012489969 -0.026170053 0.128196031 0.025561944 0.991073906
1548339820.947900 0.067129493 0.011544041 0.017265875 -0.026922423 0.131589442 0.026381966 0.990587413
1548339820.981410 0.080076352 0.014714454 0.014584917 -0.027689395 0.132200837 0.027119532 0.990464985
1548339821.014930 0.091342449 0.008386412 0.011839329 -0.030151477 0.134716585 0.028563676 0.990013361
1548339821.048450 0.093229689 0.012925362 0.017427577 -0.030576359 0.140138865 0.030155189 0.989200115
1548339821.081970 0.097790845 0.014659555 0.017386883 -0.030826129 0.145082057 0.032754909 0.988396764
1548339821.115480 0.100617245 0.013122057 0.015668606 -0.031207018 0.150292918 0.034702186 0.987539351
1548339821.149030 0.096345343 0.006147005 0.019478604 -0.032007225 0.155557007 0.037429504 0.986598492
1548339821.182550 0.107404359 -0.001127072 0.015954230 -0.032236956 0.158377141 0.039962891 0.986042857
1548339821.216070 0.111568563 -0.000559697 0.016507925 -0.030949524 0.164071456 0.041462999 0.985090673
1548339821.249610 0.101615019 -0.003003287 0.016894571 -0.029684994 0.169981316 0.042884842 0.984066129
1548339821.283120 0.116647519 -0.008035745 0.010539676 -0.028749935 0.171374097 0.043816335 0.983811259
1548339821.316640 0.118207090 -0.004865910 0.009142424 -0.026326178 0.176027432 0.044724599 0.983016312
1548339821.350150 0.100510977 -0.005680063 0.014584780 -0.024654999 0.183785394 0.045070495 0.981623054
1548339821.383670 0.102391705 -0.011965011 0.011410287 -0.023876254 0.186614260 0.046091199 0.981060982
1548339821.417120 0.109762356 -0.005679832 0.010422558 -0.021247862 0.189718887 0.046165831 0.980522335
1548339821.450640 0.112657882 -0.006304711 0.007188237 -0.019800305 0.193905950 0.047027405 0.979692280
1548339821.484150 0.112478986 -0.012829131 0.008997267 -0.019076101 0.198004454 0.048743624 0.978802621
1548339821.517670 0.115236126 -0.008569241 0.006622230 -0.016977469 0.201623961 0.048865512 0.978096008
1548339821.551190 0.126184449 -0.003404680 0.004517343 -0.015136780 0.205324218 0.049552012 0.977321625
1548339821.584790 0.120705083 -0.003437292 0.006166860 -0.014140674 0.212323084 0.050257027 0.975803912
1548339821.618300 0.114192337 -0.011939956 0.007784148 -0.014307184 0.217472434 0.052357748 0.974556208
1548339821.651730 0.120166853 -0.011534126 0.005616899 -0.013293277 0.219728336 0.053107038 0.974023879
1548339821.685510 0.120624483 -0.010822487 0.005951044 -0.012284287 0.223914012 0.054427709 0.973010480
1548339821.719030 0.118442312 -0.014842164 0.007443449 -0.012076009 0.227448061 0.056485705 0.972075641
1548339821.752540 0.121618405 -0.016805645 0.003113846 -0.011307680 0.229540274 0.057691060 0.971522093
1548339821.786080 0.125802979 -0.012557800 0.002302133 -0.009688472 0.232226714 0.058489937 0.970853209
1548339821.819630 0.130647078 -0.019294165 0.002430465 -0.009825174 0.234972790 0.060395900 0.970074058
1548339821.853150 0.129215792 -0.017628415 0.002092553 -0.008615846 0.237395331 0.060447834 0.969492316
1548339821.886670 0.135256112 -0.012739073 0.002314688 -0.007315456 0.239693448 0.060541458 0.968931556
1548339821.920180 0.133358538 -0.015065152 0.001058603 -0.007148027 0.243889719 0.061557159 0.967821002
1548339821.953690 0.134293631 -0.016539438 0.000912099 -0.006965342 0.246399119 0.062552415 0.967122674
1548339821.987170 0.137882173 -0.015712883 -0.000403581 -0.006684472 0.248620972 0.062494088 0.966559649
1548339822.020690 0.137079597 -0.012685065 0.000655958 -0.006319259 0.252057970 0.062242813 0.965687752
1548339822.054200 0.139325142 -0.019346219 0.001474276 -0.007629273 0.255097657 0.063513033 0.964796960
1548339822.087720 0.164380476 -0.024090653 -0.010267398 -0.008884528 0.253996491 0.064625226 0.965002835
1548339822.121230 0.169242620 -0.014709361 -0.014132373 -0.007653988 0.256749988 0.064500786 0.964292765
1548339822.154780 0.164718390 -0.020833857 -0.009158492 -0.008558962 0.262029618 0.065512076 0.962795615
1548339822.188290 0.165784270 -0.022896070 -0.006507835 -0.008566150 0.265396059 0.066365004 0.961814642
1548339822.221780 0.168279812 -0.022301519 -0.011018384 -0.008410130 0.269263089 0.066680089 0.960718751
1548339822.255270 0.165642768 -0.022956911 -0.007525067 -0.008197036 0.274261862 0.067506678 0.959247708
1548339822.288760 0.171260580 -0.016322266 -0.012015840 -0.006516516 0.276342213 0.068350255 0.958603621
1548339822.322270 0.180657744 -0.015817443 -0.015866512 -0.006193493 0.278324038 0.068996869 0.957985878
1548339822.355750 0.172353119 -0.019270983 -0.009730461 -0.006273997 0.283723533 0.069970235 0.956329405
1548339822.389300 0.177066803 -0.024276771 -0.010266361 -0.006382865 0.285829574 0.071686670 0.955574095
1548339822.422830 0.178234637 -0.020081794 -0.014874291 -0.005189972 0.288582146 0.071193457 0.954790533
1548339822.456340 0.189027220 -0.025787111 -0.020251347 -0.005784037 0.291146517 0.072526321 0.953907847
1548339822.489850 0.177033216 -0.030121710 -0.011061637 -0.005840426 0.296208829 0.073308587 0.952287853
1548339822.523330 0.191236824 -0.023654789 -0.018989623 -0.004317936 0.296106637 0.073053181 0.952347398
1548339822.556840 0.189116687 -0.022927884 -0.022223258 -0.004146136 0.300841480 0.073259719 0.950847149
1548339822.590300 0.186086670 -0.031099845 -0.016693778 -0.005456507 0.304969579 0.074512951 0.949427009
1548339822.623760 0.186562881 -0.029767854 -0.020927625 -0.005008035 0.306186706 0.074726395 0.949020863
1548339822.657260 0.195143566 -0.018740524 -0.027094673 -0.003481906 0.307954192 0.073610350 0.948542953
1548339822.690760 0.190656438 -0.026613181 -0.023557365 -0.004968474 0.312555403 0.074516244 0.946959257
1548339822.724280 0.191922918 -0.030749723 -0.021050444 -0.005293072 0.314087033 0.075609609 0.946363866
1548339822.757790 0.188414261 -0.022543106 -0.022208173 -0.003826101 0.316488802 0.074946187 0.945623279
1548339822.791300 0.192144245 -0.025155775 -0.026055189 -0.004152153 0.319910496 0.075811289 0.944400728
1548339822.824760 0.187532559 -0.028766589 -0.021179726 -0.004204236 0.324131191 0.077583343 0.942816079
1548339822.858280 0.188638180 -0.021632951 -0.020248652 -0.003300115 0.326457530 0.076975442 0.942066550
1548339822.891770 0.191998228 -0.018064454 -0.026054842 -0.003053042 0.329791427 0.077408917 0.940869927
1548339822.925230 0.200077295 -0.035775110 -0.028021082 -0.007114298 0.333534062 0.078828655 0.939409673
1548339822.958730 0.204821512 -0.032952935 -0.031842414 -0.007592681 0.336529791 0.080234826 0.938217700
1548339822.992250 0.201585650 -0.032674517 -0.029784283 -0.008328499 0.340460360 0.080729693 0.936749756
1548339823.025780 0.188068748 -0.029041383 -0.018031128 -0.008626116 0.346948981 0.080449916 0.934387386
1548339823.059350 0.188999325 -0.034102309 -0.016427932 -0.010580697 0.349721223 0.081391424 0.933251619
1548339823.092810 0.191155240 -0.023570102 -0.019047515 -0.009834708 0.351050913 0.081080325 0.932787538
1548339823.126300 0.198652208 -0.038741976 -0.022524320 -0.013549955 0.352570623 0.081766970 0.932107627
1548339823.159840 0.192462549 -0.028466973 -0.017714946 -0.012641291 0.357140332 0.080975078 0.930448294
1548339823.193360 0.192549497 -0.033853635 -0.016477097 -0.013865235 0.359160960 0.081925109 0.929569542
1548339823.226870 0.196532175 -0.034177698 -0.018902425 -0.014482574 0.360026479 0.081856400 0.929231286
1548339823.260390 0.197488055 -0.032564290 -0.019344177 -0.014763320 0.362065554 0.082378566 0.928388119
1548339823.293900 0.201361150 -0.032546602 -0.022074159 -0.015572730 0.362943858 0.082003467 0.928065062
1548339823.327410 0.199693918 -0.023125831 -0.024611950 -0.015024884 0.365617663 0.081497736 0.927068591
1548339823.360930 0.196720868 -0.031022569 -0.021643491 -0.016672781 0.368455648 0.082594492 0.925818920
1548339823.394950 0.195881546 -0.029551057 -0.021509994 -0.016788643 0.370068669 0.083103314 0.925127745
1548339823.428580 0.195538074 -0.018902645 -0.019912418 -0.015684623 0.372276068 0.082736894 0.924293876
1548339823.462370 0.202154458 -0.021384165 -0.021335581 -0.017071774 0.374492943 0.083730847 0.923283696
1548339823.495880 0.202568740 -0.016628444 -0.022343658 -0.016935820 0.376056015 0.084316462 0.922597349
1548339823.529400 0.208753020 -0.030235922 -0.020163372 -0.020044809 0.376846850 0.085335568 0.922118485
1548339823.562640 0.205057114 -0.016430000 -0.020871414 -0.018572871 0.377898127 0.084296755 0.921814620
1548339823.596340 0.216849685 -0.018848969 -0.029231995 -0.019616924 0.378160685 0.085534483 0.921571255
1548339823.629940 0.200818568 -0.017475922 -0.020421403 -0.020019908 0.383412153 0.084902585 0.919448733
1548339823.663460 0.245281875 -0.020322099 -0.049758289 -0.021817984 0.376714438 0.087234460 0.921954691
1548339823.696890 0.245814204 -0.014162477 -0.051660761 -0.022007611 0.377457201 0.086451598 0.921720147
1548339823.730340 0.247220814 -0.006010002 -0.055386953 -0.021966171 0.379960448 0.085962169 0.920737803
1548339823.763860 0.242918164 -0.010021966 -0.046907213 -0.024109295 0.382839054 0.086386517 0.919451118
1548339823.797370 0.245552987 -0.013401307 -0.048191480 -0.026038373 0.383180231 0.086844429 0.919213295
1548339823.830890 0.240715876 -0.004175384 -0.045700759 -0.025816981 0.385800600 0.086137287 0.918189466
1548339823.864420 0.246565297 -0.014366067 -0.044183705 -0.028238159 0.386900038 0.087930873 0.917485297
1548339823.897980 0.243510902 -0.008909097 -0.042528354 -0.027401675 0.386810035 0.088494398 0.917494416
1548339823.931450 0.247730702 -0.005753236 -0.045764614 -0.027208081 0.386555940 0.088756315 0.917581975
1548339823.964950 0.248982310 -0.007213669 -0.045559034 -0.027347909 0.386413693 0.089907087 0.917525649
1548339823.998320 0.251973838 -0.003017990 -0.047302328 -0.026724115 0.385277241 0.089372158 0.918074071
1548339824.031810 0.255140752 0.000775171 -0.051857881 -0.025882073 0.385643154 0.089681782 0.917914391
1548339824.065350 0.256536365 0.002596996 -0.055722971 -0.025554478 0.386087596 0.089635380 0.917741239
1548339824.098840 0.255880266 0.010978818 -0.057951696 -0.024505544 0.387730420 0.089051090 0.917133868
1548339824.132360 0.252423942 0.011182584 -0.055109721 -0.024922853 0.390700519 0.089143105 0.915852368
1548339824.165880 0.260611475 0.006611634 -0.057288695 -0.025680700 0.390990138 0.090476319 0.915577054
1548339824.199390 0.261491656 0.015994594 -0.058497399 -0.023715006 0.391735852 0.090420261 0.915316761
1548339824.232910 0.259751290 0.012442794 -0.060126774 -0.023788460 0.392666906 0.090864904 0.914871871
1548339824.266420 0.266031116 0.010867904 -0.064093456 -0.023731047 0.392822027 0.091275655 0.914765835
1548339824.299940 0.267847002 0.016806997 -0.069477946 -0.022600546 0.394113183 0.091162302 0.914250255
1548339824.333460 0.267942399 0.015919045 -0.069516726 -0.022613779 0.395797044 0.091468111 0.913491666
1548339824.366970 0.267862171 0.017450176 -0.067862019 -0.022096202 0.397682250 0.091086417 0.912723422
1548339824.400490 0.266453832 0.021420373 -0.072629496 -0.021080254 0.399838001 0.090546981 0.911858857
1548339824.434000 0.279580206 0.013649873 -0.084652796 -0.021925196 0.400330901 0.091745898 0.911502719
1548339824.467380 0.282516092 0.018195691 -0.084764749 -0.020474568 0.401839435 0.091930412 0.910853863
1548339824.500880 0.270964533 0.005607282 -0.083663538 -0.021232529 0.405806512 0.091790095 0.909090102
1548339824.534410 0.286647975 0.007290218 -0.085589312 -0.019797463 0.407050878 0.092761710 0.908467412
1548339824.567540 0.290091395 -0.005804762 -0.081332326 -0.019580441 0.407322317 0.094759949 0.908144176
1548339824.601040 0.290203571 -0.012960684 -0.088312954 -0.018204300 0.405532449 0.095211968 0.908926249
1548339824.634510 0.309725583 0.008182853 -0.114023179 -0.013987936 0.402862161 0.093173318 0.910398364
1548339824.668030 0.312174261 0.008882849 -0.112223081 -0.011839590 0.404958308 0.094371557 0.909374893
1548339824.701540 0.320203066 0.005359025 -0.117653571 -0.010890458 0.403301507 0.094183318 0.910142243
1548339824.735090 0.309141666 0.018584866 -0.120699599 -0.007708300 0.406578153 0.091554448 0.908984363
1548339824.768620 0.309413224 0.006262732 -0.113765657 -0.008198265 0.409879953 0.093094520 0.907339394
1548339824.802150 0.315320134 0.003629501 -0.116696879 -0.006594204 0.408188105 0.093479306 0.908075273
1548339824.835670 0.319017351 0.004221968 -0.125361025 -0.005594720 0.406466007 0.091834456 0.909021735
1548339824.869180 0.314544499 -0.012457387 -0.119068250 -0.006875586 0.408418745 0.092158347 0.908104539
1548339824.902700 0.313136339 0.001385295 -0.119960837 -0.003883576 0.407122582 0.089371696 0.908982396
1548339824.936240 0.321928799 -0.001896586 -0.130728722 -0.003998085 0.405030042 0.087680191 0.910080731
1548339824.969910 0.315963745 -0.003107334 -0.124820381 -0.003647651 0.406069070 0.086387821 0.909742773
1548339825.003430 0.318863869 0.002307046 -0.127545893 -0.002825460 0.404099703 0.083334506 0.910906613
1548339825.036790 0.325623989 0.006675707 -0.139096856 -0.002073494 0.403289646 0.081698351 0.911415696
1548339825.070300 0.323593557 0.003816667 -0.134246945 -0.002146850 0.404615134 0.080754235 0.910912097
1548339825.103970 0.328481376 0.003556664 -0.134869471 -0.001629922 0.403708488 0.080587745 0.911330104
1548339825.137490 0.329095185 0.014065904 -0.137507766 0.000342548 0.403681129 0.079384625 0.911449134
1548339825.170850 0.331245929 0.001506946 -0.133856967 -0.001124643 0.403615624 0.081514157 0.911289573
1548339825.204370 0.335712671 -0.004479538 -0.135662749 -0.002330743 0.401337981 0.082917579 0.912166119
1548339825.238370 0.340185165 -0.004343863 -0.141054034 -0.003212236 0.398316085 0.084728688 0.913320899
1548339825.271800 0.328747153 0.015716903 -0.127152234 -0.001850733 0.397326708 0.085191213 0.913712502
1548339825.305320 0.387563139 -0.013871605 -0.172937185 -0.009424841 0.380533189 0.091989405 0.920132399
1548339825.338910 0.387272865 -0.013402702 -0.171846613 -0.012451762 0.372296661 0.093075782 0.923351049
1548339825.372350 0.393969059 -0.006100916 -0.176742688 -0.014353759 0.363764763 0.095339455 0.926487744
1548339825.405870 0.390074432 -0.010310894 -0.164596885 -0.017741768 0.358446091 0.097754203 0.928248763
1548339825.439350 0.404726744 -0.002639622 -0.174900442 -0.019156730 0.345961571 0.099151045 0.932798326
1548339825.472840 0.405614942 -0.010857122 -0.167543948 -0.021807153 0.339481652 0.100520544 0.934971809
1548339825.506360 0.402012676 -0.000404352 -0.158580542 -0.020518854 0.337912083 0.100569770 0.935564101
1548339825.539900 0.411788702 -0.012072245 -0.161052048 -0.021323580 0.332445830 0.101796634 0.937370062
1548339825.573420 0.411166906 -0.000908229 -0.162557647 -0.017862441 0.325180262 0.100366727 0.940141141
1548339825.606900 0.393566370 -0.002381067 -0.138158023 -0.016241468 0.324565172 0.098390035 0.940591931
1548339825.640420 0.401888728 -0.003797988 -0.143257990 -0.014801355 0.320876747 0.097838089 0.941937745
1548339825.673970 0.417310536 -0.011333456 -0.156224862 -0.014465191 0.312647849 0.098026074 0.944686711
1548339825.707480 0.407010853 -0.000721048 -0.146501794 -0.012213844 0.310508102 0.095363498 0.945696235
1548339825.740970 0.403134346 -0.005029891 -0.138279289 -0.012728272 0.310513645 0.095033288 0.945720851
1548339825.774440 0.420502663 -0.001813778 -0.147476092 -0.011700704 0.302411258 0.095897757 0.948269069
1548339825.807960 0.422652304 -0.001822188 -0.143359557 -0.011450035 0.295607895 0.094966702 0.950508416
1548339825.841420 0.415713251 -0.004402423 -0.135084406 -0.011903550 0.293207258 0.094432659 0.951299310
1548339825.874930 0.420038342 -0.003100742 -0.132083938 -0.012262503 0.288062662 0.095279999 0.952780843
1548339825.908450 0.426838487 -0.006624989 -0.131050572 -0.013523785 0.280755848 0.096270606 0.954843104
1548339825.941960 0.417349547 -0.002889994 -0.118315689 -0.013765253 0.277433544 0.095541760 0.955883324
1548339825.975480 0.429539561 -0.008749185 -0.117895171 -0.015922980 0.271057278 0.096615277 0.957569838
1548339826.009050 0.416248024 -0.000622730 -0.108862706 -0.015992377 0.268915236 0.096791044 0.958154738
1548339826.042570 0.434210896 -0.010911076 -0.114138924 -0.018532062 0.260964662 0.099308677 0.960047841
1548339826.076030 0.440560043 -0.004633474 -0.105884500 -0.017652774 0.252991825 0.097756408 0.962355077
1548339826.109540 0.429618597 -0.002614869 -0.093026489 -0.017651208 0.250713140 0.094706036 0.963256001
1548339826.143160 0.427651286 -0.002742368 -0.084814399 -0.017347524 0.250018626 0.094278269 0.963484049
1548339826.176680 0.444426596 -0.003482258 -0.092621677 -0.016270421 0.241726518 0.093092836 0.965731561
1548339826.210440 0.425826132 -0.006324169 -0.075732186 -0.015061304 0.239250869 0.089474313 0.966709137
1548339826.244040 0.429221213 -0.002880398 -0.069668733 -0.012838258 0.235035107 0.086838156 0.968014956
1548339826.277550 0.422755748 -0.020833652 -0.059616938 -0.014188920 0.233696938 0.085739508 0.968417883
1548339826.311070 0.428772241 -0.015591013 -0.056749284 -0.011541956 0.227152258 0.083049625 0.970242977
1548339826.344590 0.425717145 -0.018781824 -0.052298576 -0.011011428 0.225872517 0.080889784 0.970730305
1548339826.378100 0.420189410 -0.017409746 -0.047514379 -0.009859073 0.224105150 0.080130309 0.971215129
1548339826.411530 0.422095060 -0.023101809 -0.046682358 -0.010422900 0.219341978 0.079345047 0.972360492
1548339826.444260 0.406479895 -0.022853319 -0.036081076 -0.010319244 0.218532234 0.076784857 0.972749352
1548339826.477650 0.413161278 -0.023760116 -0.029654682 -0.010438598 0.215155125 0.076822355 0.973497689
1548339826.511110 0.420722514 -0.020646261 -0.030153818 -0.009595064 0.210946292 0.076676130 0.974438548
1548339826.544630 0.418117046 -0.017791368 -0.026562298 -0.007799608 0.206488848 0.076658674 0.975410163
1548339826.578140 0.421321988 -0.020415157 -0.024099015 -0.007036212 0.202290028 0.075991713 0.976347566
1548339826.611600 0.402035415 -0.025640076 -0.012867170 -0.006533802 0.203690514 0.075469390 0.976100326
1548339826.645100 0.407367229 -0.033781391 -0.012236585 -0.006545485 0.199642628 0.076344438 0.976868212
1548339826.678610 0.427629560 -0.019965487 -0.026847880 -0.003079849 0.191782787 0.075386561 0.978532970
1548339826.712130 0.426186919 -0.013445029 -0.021412935 -0.000999394 0.190061018 0.074642479 0.978930175
1548339826.745640 0.425506681 -0.023370467 -0.020473365 -0.001182380 0.187745035 0.074631423 0.979377627
1548339826.779160 0.420385391 -0.022937750 -0.019780103 0.001169993 0.183971047 0.073418565 0.980185211
1548339826.812690 0.419426352 -0.022402983 -0.017166018 0.003125063 0.181221351 0.071890257 0.980806231
1548339826.846270 0.418048501 -0.036743246 -0.018905059 0.002595063 0.178539693 0.071749739 0.981309712
1548339826.879800 0.417881161 -0.039346866 -0.020036113 0.004025919 0.174471349 0.070966326 0.982093394
1548339826.913320 0.419065118 -0.034269042 -0.020945583 0.006013799 0.171656340 0.068693042 0.982740700
1548339826.946840 0.411507457 -0.040910229 -0.020352120 0.006243223 0.172200412 0.069376886 0.982596040
1548339826.980360 0.405252159 -0.044536173 -0.015882641 0.006426747 0.169974208 0.069311962 0.982986987
1548339827.013960 0.408921868 -0.032314084 -0.019528650 0.008416199 0.166520685 0.067336500 0.983700156
1548339827.047480 0.401475310 -0.030723041 -0.020413537 0.008508209 0.168679640 0.067503758 0.983319938
1548339827.080990 0.400556535 -0.042478301 -0.017549200 0.006651827 0.167816848 0.069378778 0.983351409
1548339827.114530 0.403918296 -0.037633047 -0.019327536 0.007362127 0.165209666 0.069046386 0.983811080
1548339827.148160 0.412518650 -0.038674403 -0.020369064 0.007225995 0.164994985 0.070737496 0.983727932
1548339827.181690 0.400741994 -0.044514749 -0.019036356 0.007170067 0.166510046 0.073032700 0.983305275
1548339827.215610 0.402465314 -0.042193502 -0.021197323 0.008079367 0.165815681 0.073237807 0.983400345
1548339827.249130 0.403269410 -0.040717877 -0.022056285 0.008689207 0.167610466 0.074812487 0.982972205
1548339827.282700 0.400963247 -0.054925818 -0.022336710 0.007154519 0.168037087 0.076789722 0.982759237
1548339827.316230 0.399378330 -0.043598104 -0.020956643 0.009833430 0.167552873 0.075826108 0.982893586
1548339827.349750 0.415906280 -0.039287828 -0.034697071 0.010998006 0.167174354 0.074674524 0.983033836
1548339827.383270 0.371043295 -0.034182590 -0.026014004 0.013051067 0.177810296 0.074588247 0.981147230
1548339827.416800 0.411725342 -0.049630668 -0.032556891 0.011265564 0.171401873 0.076960996 0.982125998
1548339827.450310 0.410227686 -0.042692240 -0.035481621 0.013346519 0.172722876 0.075167514 0.982007444
1548339827.483830 0.402182132 -0.044422813 -0.037844561 0.013918649 0.177343786 0.075521700 0.981148303
1548339827.517350 0.389422536 -0.055642501 -0.032257535 0.013868747 0.179720044 0.077859201 0.980533719
1548339827.550870 0.389867395 -0.043622524 -0.038192198 0.016232064 0.177732825 0.075412221 0.981050730
1548339827.584380 0.364614189 -0.041032363 -0.037586115 0.017071255 0.183007136 0.074181862 0.980160236
1548339827.617900 0.361578524 -0.041940138 -0.039266020 0.017176498 0.183166206 0.075765260 0.980007589
1548339827.651410 0.368363082 -0.048327189 -0.044415779 0.015862931 0.179455429 0.075837716 0.980710387
1548339827.684920 0.369994938 -0.042952310 -0.044777010 0.015713368 0.180677697 0.074438840 0.980595529
1548339827.718440 0.361600608 -0.053733598 -0.046177100 0.013392745 0.184879988 0.077205256 0.979632258
1548339827.751950 0.349880576 -0.060730323 -0.043096758 0.012390518 0.185972080 0.079239920 0.979276299
1548339827.785410 0.357789159 -0.054296944 -0.046644855 0.013123489 0.183467627 0.079985373 0.979678452
1548339827.818870 0.349902362 -0.057316624 -0.047452129 0.012056082 0.184509337 0.081675611 0.979357004
1548339827.852330 0.308417946 -0.058326796 -0.046441637 0.011398959 0.190679222 0.081086159 0.978231311
1548339827.885210 0.259185344 -0.062923327 -0.045128670 0.009851207 0.198640242 0.081358381 0.976640046
1548339827.918710 0.223932862 -0.060384512 -0.042875484 0.008812875 0.204085112 0.081702329 0.975498021
1548339827.952230 0.328279585 -0.047258623 -0.049224660 0.007224012 0.189652592 0.084372871 0.978192687
1548339827.985740 0.323225498 -0.039434317 -0.048833236 0.005883859 0.190586269 0.083622672 0.978084624
1548339828.019260 0.324263066 -0.028980652 -0.046112061 0.004796954 0.191348389 0.083244324 0.977974057
1548339828.052780 0.288858235 -0.023101879 -0.039676234 0.003505858 0.196592629 0.081050269 0.977123320
1548339828.086290 0.313914537 -0.031096391 -0.046431985 -0.000319327 0.192518666 0.082478158 0.977820992
1548339828.119810 0.313404143 -0.031134371 -0.046984248 -0.002621785 0.192398578 0.082451537 0.977843404
1548339828.153340 0.309119940 -0.031931881 -0.048511509 -0.005112122 0.192670897 0.082087204 0.977810621
1548339828.187320 0.302822441 -0.035561722 -0.051531985 -0.007974021 0.192591622 0.082380146 0.977782428
1548339828.220890 0.371433526 -0.029435333 -0.068015195 -0.010637285 0.182137012 0.083509818 0.979662776
1548339828.254410 0.342448533 -0.026139107 -0.058408488 -0.012608862 0.188143790 0.081866905 0.978642344
1548339828.287930 0.311119676 -0.018242341 -0.045690201 -0.013343534 0.194260612 0.080788448 0.977526546
1548339828.321440 0.279457331 -0.008216826 -0.042661138 -0.012603047 0.198382422 0.079536617 0.976810932
1548339828.354960 0.264186174 -0.006141880 -0.035811987 -0.012336502 0.201058269 0.079793125 0.976246119
1548339828.388470 0.235619426 -0.000009885 -0.042262759 -0.011641121 0.203994185 0.077155575 0.975857556
1548339828.421990 0.202601850 0.007544555 -0.031108860 -0.010465484 0.210695013 0.076441608 0.974502325
1548339828.455510 0.173603117 0.018039366 -0.026548864 -0.008566382 0.214710101 0.073486798 0.973871648
1548339828.489020 0.144435346 0.029609224 -0.025411379 -0.005872302 0.218339026 0.071547121 0.973228991
1548339828.522540 0.124112606 0.019794382 -0.030185141 -0.007939015 0.222536966 0.071141437 0.972292721
1548339828.556050 0.094331637 0.018342273 -0.024192730 -0.008045437 0.229996189 0.069036081 0.970706522
1548339828.589560 0.058423985 0.020345619 -0.014174788 -0.006904023 0.239043668 0.067871861 0.968609273
1548339828.623050 0.027900081 0.017467795 -0.006436383 -0.006093081 0.245431036 0.065706529 0.967165589
1548339828.656540 -0.002832940 0.015815897 -0.005730321 -0.004654284 0.252669394 0.063164279 0.965477526
1548339828.690050 -0.075538695 0.015843464 -0.001544514 -0.002129305 0.265344322 0.060372058 0.962259352
1548339828.723350 -0.103089176 0.007839422 0.015563175 -0.003281852 0.274400473 0.059846114 0.959745824
1548339828.756800 -0.120956466 0.001920684 0.024584036 -0.002970570 0.278130740 0.059948537 0.958666086
1548339828.790260 -0.157778859 -0.009275319 0.039176244 -0.004725094 0.284934878 0.058020998 0.956777632
1548339828.823730 -0.191129863 -0.013784634 0.052104726 -0.004777856 0.290990472 0.058070306 0.954950094
1548339828.857290 -0.234301686 -0.019609861 0.069257438 -0.005652947 0.295731217 0.056309160 0.953593433
1548339828.890860 -0.272835314 -0.024182148 0.093286186 -0.007072658 0.301968008 0.055982295 0.951646626
1548339828.924380 -0.308093518 -0.025414940 0.120072797 -0.008610439 0.309454441 0.055575572 0.949249864
1548339828.957890 -0.341483235 -0.028663516 0.144056752 -0.009931322 0.315577418 0.054869644 0.947260022
1548339828.991410 -0.373681247 -0.021784386 0.177664191 -0.008917720 0.322563797 0.054748353 0.944921017
1548339829.024920 -0.400969386 -0.028712917 0.211564630 -0.010781875 0.331237674 0.055003956 0.941881061
1548339829.058440 -0.432667673 -0.033198059 0.242249444 -0.010605584 0.338729620 0.057072502 0.939091325
1548339829.092240 -0.455557108 -0.029802289 0.261262506 -0.009336565 0.342388690 0.056378309 0.937818944
1548339829.125770 -0.476154178 -0.035708964 0.292607576 -0.010208389 0.348260909 0.056085933 0.935662627
1548339829.159290 -0.505215764 -0.034000482 0.320022553 -0.009602837 0.357020438 0.053433280 0.932517648
1548339829.192800 -0.536091208 -0.034240093 0.341528028 -0.008096944 0.363887817 0.053021301 0.929897249
1548339829.226320 -0.549795687 -0.034628540 0.372871190 -0.007221425 0.369027466 0.051895361 0.927940488
1548339829.259840 -0.580128849 -0.033867527 0.397972018 -0.006412154 0.377560109 0.047541119 0.924741685
1548339829.293350 -0.592009187 -0.038654767 0.427937686 -0.004748315 0.386367261 0.049064599 0.921026826
1548339829.326880 -0.609366536 -0.043811932 0.450022668 -0.003023003 0.391734183 0.048543081 0.918792009
1548339829.360390 -0.629224777 -0.051340740 0.483439028 -0.003201891 0.398798019 0.045250244 0.915916204
1548339829.393900 -0.658992052 -0.057335235 0.512032628 -0.001157117 0.408676416 0.044028036 0.911616087
1548339829.427420 -0.680677772 -0.063998036 0.532420993 0.000087421 0.413898498 0.041923683 0.909357131
1548339829.460930 -0.706833720 -0.071375147 0.559603870 0.000536827 0.420738161 0.040407978 0.906281590
1548339829.494250 -0.744288921 -0.069909357 0.587944150 0.002746718 0.429698199 0.036798891 0.902218223
1548339829.527760 -0.761383295 -0.075643897 0.615609586 0.003041851 0.436410040 0.036477011 0.899003029
1548339829.561210 -0.782483995 -0.076696947 0.646080732 0.003386430 0.443812549 0.034615248 0.895444512
1548339829.594730 -0.827766299 -0.061381005 0.682390571 0.007966941 0.456146091 0.032307290 0.889282584
1548339829.628200 -0.842863202 -0.057211101 0.706587791 0.008926397 0.464061469 0.031244013 0.885206819
1548339829.661720 -0.854712248 -0.052573677 0.732566357 0.010416503 0.469742417 0.029827394 0.882237971
1548339829.695270 -0.874306738 -0.048698857 0.765233517 0.011866834 0.477457285 0.028615469 0.878108740
1548339829.728790 -0.888513386 -0.047140460 0.790899575 0.013341026 0.485895932 0.029034654 0.873432457
1548339829.762380 -0.902211547 -0.045036174 0.811645865 0.013636258 0.492184907 0.028438848 0.869919121
1548339829.795890 -0.901328743 -0.046293795 0.830503285 0.013349690 0.495672494 0.028199598 0.867948949
1548339829.829410 -0.923754990 -0.041119158 0.858902156 0.014645506 0.503585458 0.027198814 0.863393009
1548339829.862920 -0.939408600 -0.030787008 0.887010574 0.015450927 0.511260748 0.024534279 0.858936429
1548339829.896440 -0.960701168 -0.025000747 0.916461885 0.016452163 0.519636869 0.022432065 0.853934288
1548339829.930290 -0.950658858 -0.033583447 0.894949079 0.017041901 0.521234453 0.025948383 0.852848709
1548339829.963810 -0.927387357 -0.035853017 0.851483464 0.018033748 0.519130111 0.028795119 0.854019642
1548339829.997440 -0.897269070 -0.032082465 0.805877268 0.020014338 0.515390158 0.031108217 0.856156945
1548339830.030960 -0.879404724 -0.027545135 0.764342070 0.021690762 0.513489485 0.031712919 0.857235372
1548339830.064480 -0.871389568 -0.024522470 0.728098750 0.023069508 0.513190031 0.035568800 0.857227325
1548339830.097990 -0.846141636 -0.027502239 0.686046183 0.023833064 0.509883583 0.039196819 0.859019399
1548339830.131510 -0.827704430 -0.019775901 0.635102928 0.024516895 0.504904568 0.033264618 0.862185538
1548339830.164910 -0.817445636 -0.019417010 0.594070196 0.025674231 0.503660500 0.035881978 0.862774253
1548339830.198420 -0.811901987 -0.007700585 0.552643180 0.027716568 0.503329575 0.034218948 0.862971723
1548339830.231790 -0.805106640 -0.001454812 0.512664199 0.029763745 0.502316594 0.038373359 0.863318980
1548339830.265230 -0.785034120 0.012963999 0.465730786 0.031888470 0.499505430 0.037322275 0.864918768
1548339830.298750 -0.771286905 0.024816707 0.430593520 0.032840833 0.498584032 0.036976703 0.865429461
1548339830.332270 -0.758568168 0.031331401 0.401706338 0.033890136 0.497404337 0.039586779 0.865952253
1548339830.365860 -0.716341972 0.037982926 0.372506320 0.034694463 0.491092175 0.039349735 0.869526505
1548339830.399370 -0.699122965 0.045359701 0.347147256 0.034886368 0.492367327 0.038987249 0.868813753
1548339830.432810 -0.691949785 0.046965174 0.315264851 0.034346856 0.492392182 0.045846932 0.868486226
1548339830.466300 -0.657789826 0.048446439 0.295491308 0.034005366 0.488046408 0.048409574 0.870810449
1548339830.499720 -0.641456127 0.051808480 0.274984926 0.032572273 0.486524135 0.048692323 0.871700883
1548339830.533190 -0.613567650 0.052534517 0.256952405 0.032692809 0.486346543 0.053640001 0.871505022
1548339830.566670 -0.578001499 0.047657769 0.248031601 0.031925108 0.484390885 0.058414262 0.872315347
1548339830.600150 -0.554794312 0.055611741 0.243323818 0.034748487 0.485030264 0.062242698 0.871587098
1548339830.633640 -0.544189036 0.071189031 0.218757600 0.037029184 0.480028540 0.062150873 0.874264717
1548339830.667110 -0.557115972 0.079572320 0.174375907 0.033442684 0.474660456 0.056239165 0.877733529
1548339830.700630 -0.544283271 0.081381679 0.141822994 0.027469235 0.466890961 0.053286407 0.882280469
1548339830.734140 -0.532958984 0.083366245 0.134850651 0.020596649 0.465547740 0.048225019 0.883467853
1548339830.767660 -0.516193986 0.082444966 0.132416964 0.016585710 0.464515209 0.049115397 0.884046555
1548339830.801180 -0.509575248 0.094593078 0.108427078 0.016989691 0.460590541 0.049746815 0.886054695
1548339830.834690 -0.501692772 0.102470838 0.084227018 0.015468718 0.457366198 0.050085507 0.887732148
1548339830.868210 -0.522347569 0.131316662 0.034302443 0.019493228 0.452813298 0.048021801 0.890097797
1548339830.901790 -0.510644376 0.135425940 0.027095005 0.018066306 0.449909866 0.048764065 0.891558647
1548339830.935310 -0.496144712 0.143502876 0.025885940 0.018483860 0.449591100 0.051265433 0.891570568
1548339830.968850 -0.482906461 0.159431159 0.015286297 0.021030661 0.446897089 0.052211799 0.892812788
1548339831.002370 -0.472712815 0.169478923 0.006225273 0.022342125 0.444411725 0.052404687 0.894009411
1548339831.035930 -0.465789527 0.175597787 0.000410795 0.023087958 0.444284767 0.053022571 0.894017100
1548339831.069850 -0.453863859 0.188794449 -0.010251462 0.024994165 0.443265289 0.052841384 0.894482553
1548339831.103360 -0.444088876 0.190952346 -0.019186527 0.025963278 0.442936778 0.055495940 0.894456983
1548339831.136930 -0.431991696 0.205025047 -0.027597517 0.028156772 0.441639870 0.054419383 0.895097733
1548339831.170640 -0.421311796 0.218061417 -0.038292840 0.029957533 0.440851569 0.053645480 0.895474553
1548339831.204150 -0.405822724 0.225285858 -0.043190658 0.030147208 0.440291315 0.053655528 0.895743191
1548339831.237680 -0.392384440 0.229636878 -0.055522218 0.029678052 0.438152969 0.053768668 0.896799982
1548339831.271190 -0.376585573 0.233995408 -0.060557082 0.029510632 0.437532455 0.053662952 0.897114694
1548339831.304940 -0.355892569 0.237335756 -0.073436379 0.029235182 0.435765982 0.053730451 0.897979021
1548339831.338460 -0.337987572 0.241856948 -0.086439267 0.029052775 0.433428228 0.053715028 0.899116576
1548339831.371980 -0.325274915 0.240047812 -0.091381550 0.026308600 0.433339983 0.052809980 0.899297178
1548339831.405490 -0.296499014 0.237671539 -0.109626636 0.022856431 0.429588467 0.054920085 0.901063383
1548339831.439010 -0.280993462 0.240108043 -0.116090216 0.020152062 0.427136570 0.054714210 0.902305186
1548339831.472600 -0.257620484 0.234248325 -0.130137846 0.015678084 0.422440618 0.055001859 0.904584408
1548339831.506120 -0.228373796 0.235660821 -0.147243649 0.012679765 0.417725861 0.054742463 0.906833827
1548339831.539130 -0.209384188 0.225148410 -0.148573786 0.007652601 0.415899068 0.056418244 0.907626808
1548339831.572650 -0.179805726 0.231524244 -0.161072463 0.006292403 0.409208477 0.058225382 0.910559535
1548339831.606180 -0.158330858 0.227146357 -0.166512519 0.003790143 0.404900819 0.058451299 0.912482560
1548339831.639680 -0.135039821 0.229739517 -0.172102734 0.003207281 0.402330071 0.059875168 0.913528979
1548339831.673190 -0.140851647 0.217868105 -0.159693614 0.001280288 0.403656930 0.062366098 0.912781417
1548339831.706720 -0.114361033 0.223172262 -0.168497562 0.002480079 0.396068990 0.064853422 0.915924251
1548339831.740230 -0.092815578 0.208396062 -0.169896245 -0.000521471 0.390823841 0.065879226 0.918104768
1548339831.773750 -0.077425718 0.205717802 -0.179891348 -0.001009553 0.386302441 0.068983652 0.919788361
1548339831.807260 -0.063369006 0.203875288 -0.180154577 -0.002057703 0.382913977 0.069872454 0.921135426
1548339831.840790 -0.055921704 0.191975564 -0.181152880 -0.005379497 0.380375952 0.070906892 0.922094047
1548339831.874340 -0.050227683 0.189501405 -0.179221243 -0.006957484 0.378821075 0.070602909 0.922746658
1548339831.907860 -0.039588880 0.198388100 -0.191989541 -0.006212448 0.372179687 0.070723526 0.925441504
1548339831.941370 -0.043858647 0.190602422 -0.184842542 -0.009505099 0.370166242 0.068790816 0.926366270
1548339831.974880 -0.039037645 0.193062633 -0.187316924 -0.010056954 0.366332829 0.066515110 0.928048968
1548339832.008400 -0.046844933 0.188473225 -0.180214405 -0.011492228 0.364080608 0.063814305 0.929107606
1548339832.041920 -0.056580104 0.199897230 -0.184324205 -0.008750764 0.361449420 0.059872288 0.930426300
1548339832.075430 -0.060932100 0.199751824 -0.183098301 -0.007794741 0.361372888 0.058921754 0.930525184
1548339832.108950 -0.063869447 0.192009300 -0.181643143 -0.006386173 0.359110475 0.058859907 0.931415260
1548339832.142460 -0.062490739 0.176945403 -0.184633926 -0.006436340 0.355642170 0.058340032 0.932777464
1548339832.175980 -0.072465867 0.187108099 -0.178170294 -0.001467991 0.355364650 0.056957211 0.932989657
1548339832.209500 -0.065874986 0.180448741 -0.195151538 0.000273817 0.349235922 0.055591937 0.935384274
1548339832.243010 -0.082222544 0.174843848 -0.187899947 0.001920392 0.347359985 0.054295372 0.936156750
1548339832.276400 -0.106257543 0.184274167 -0.179965287 0.005367273 0.348118752 0.052185055 0.935981452
1548339832.309910 -0.129343152 0.192748696 -0.173644260 0.008399751 0.347644031 0.049997505 0.936254978
1548339832.343430 -0.131760165 0.177445620 -0.177112609 0.005763014 0.341669530 0.049288105 0.938509166
1548339832.376930 -0.160064206 0.180435419 -0.163995817 0.005542087 0.342689008 0.045356054 0.938337088
1548339832.410440 -0.167807773 0.188427731 -0.172492549 0.007075517 0.339924991 0.043413695 0.939423442
1548339832.443960 -0.171119586 0.201491788 -0.177057594 0.009414649 0.335124731 0.041937556 0.941192925
1548339832.477450 -0.191755712 0.212649882 -0.162815303 0.011900884 0.333487868 0.039011832 0.941871703
1548339832.510970 -0.199747443 0.205142930 -0.160991430 0.010472041 0.330185860 0.038688149 0.943064630
1548339832.544470 -0.189984411 0.179108053 -0.157530785 0.004769964 0.323561877 0.039191011 0.945383012
1548339832.577930 -0.206154943 0.199300408 -0.150966287 0.008421296 0.320882648 0.035943720 0.946399271
1548339832.611400 -0.207243457 0.206946597 -0.156894624 0.009813484 0.317539245 0.035364602 0.947534680
1548339832.644770 -0.205427974 0.197703451 -0.152217567 0.008396623 0.313293487 0.037482940 0.948879242
1548339832.678290 -0.207473516 0.208554640 -0.151679844 0.010998978 0.307936549 0.036513817 0.950642347
1548339832.711810 -0.218231425 0.181436598 -0.138252318 0.006919952 0.305611372 0.037592579 0.951388836
1548339832.745320 -0.204757422 0.190314651 -0.149272874 0.009404365 0.297419220 0.036772840 0.953992307
1548339832.778840 -0.215190187 0.204587117 -0.142390385 0.012808394 0.294116318 0.035685468 0.955017328
1548339832.812350 -0.208041117 0.213622943 -0.150412366 0.015061018 0.288538992 0.034598913 0.956724286
1548339832.845870 -0.213107571 0.201935396 -0.147425413 0.013740820 0.285234779 0.034183256 0.957749426
1548339832.879380 -0.223018691 0.209347397 -0.144904763 0.015396629 0.282374978 0.032114610 0.958642840
1548339832.912900 -0.233637631 0.225655809 -0.142015889 0.018922281 0.280984044 0.029060449 0.959085703
1548339832.946420 -0.224939361 0.200302944 -0.142383263 0.015137491 0.277175903 0.030604985 0.960212350
1548339832.979930 -0.232705995 0.192348734 -0.141429409 0.014172870 0.273812443 0.028784575 0.961247802
1548339833.013470 -0.238758594 0.191619709 -0.132823214 0.014537992 0.271447122 0.026233327 0.961986005
1548339833.046950 -0.244929627 0.207869709 -0.134212807 0.017848331 0.270054489 0.024685947 0.962363064
1548339833.080500 -0.248726547 0.198855147 -0.135480836 0.016705221 0.267508030 0.024180459 0.963107347
1548339833.114020 -0.245509997 0.189486369 -0.133588791 0.014433773 0.264172107 0.022750946 0.964099169
1548339833.147560 -0.242510289 0.203732342 -0.136461556 0.016547538 0.261779368 0.022017784 0.964734674
1548339833.181080 -0.242465332 0.196430147 -0.131592959 0.014044398 0.260872394 0.021636432 0.965028644
1548339833.214590 -0.243004337 0.193034843 -0.130846024 0.012798665 0.259462297 0.021614010 0.965426505
1548339833.248110 -0.256002486 0.194996744 -0.125609696 0.012646932 0.260596871 0.020008937 0.965157509
1548339833.281640 -0.260136276 0.193024546 -0.126686379 0.011509382 0.260223955 0.019984057 0.965272844
1548339833.315150 -0.254588783 0.182567880 -0.121864125 0.008981630 0.256770551 0.020404506 0.966215193
1548339833.348670 -0.287315637 0.176347211 -0.120676339 0.007666897 0.259781539 0.017238567 0.965483129
1548339833.382190 -0.333258688 0.166895866 -0.110943362 0.005003007 0.268020362 0.014817810 0.963286281
1548339833.415700 -0.370432377 0.166552410 -0.109884232 0.004357071 0.273041695 0.016594550 0.961849213
1548339833.449230 -0.408148706 0.162146926 -0.096464872 0.002534222 0.278736442 0.014800141 0.960250258
1548339833.482740 -0.445861846 0.161841378 -0.081760906 0.001472282 0.284829706 0.012677452 0.958493173
1548339833.516260 -0.480680078 0.167940706 -0.061382014 0.002626671 0.289905310 0.012747430 0.956966817
1548339833.549840 -0.520822167 0.174194798 -0.053342320 0.003348557 0.295630723 0.010074183 0.955243289
1548339833.583360 -0.557449341 0.178677097 -0.025164172 0.003984069 0.304448545 0.010521515 0.952462316
1548339833.616900 -0.587245166 0.185147420 -0.011599533 0.005168452 0.310366243 0.010144209 0.950548887
1548339833.650440 -0.629601479 0.197024003 -0.021050915 0.008374248 0.316470355 0.011941472 0.948490322
1548339833.683960 -0.659554482 0.202994689 -0.042614132 0.011069448 0.319646508 0.016245382 0.947332978
1548339833.717490 -0.685292780 0.219805345 -0.027500749 0.017035386 0.326570421 0.019013509 0.944828033
1548339833.751070 -0.714099169 0.232272357 -0.033561632 0.022682251 0.331702709 0.022434669 0.942844391
1548339833.784530 -0.739532948 0.242017314 -0.048059762 0.026764385 0.334707886 0.024993075 0.941610157
1548339833.818040 -0.776556194 0.245040625 -0.072186932 0.030636083 0.338735819 0.028603453 0.939947486
1548339833.851540 -0.811679959 0.256675750 -0.083147302 0.034910124 0.342714816 0.025700497 0.938438773
1548339833.885060 -0.855185151 0.253830254 -0.107466429 0.034951173 0.348697335 0.026506184 0.936208308
1548339833.918570 -0.885101199 0.240038842 -0.121081457 0.034664769 0.354240954 0.031467762 0.933981597
1548339833.952090 -0.901610434 0.243871897 -0.142896637 0.038170058 0.355387747 0.032180861 0.933384717
1548339833.985600 -0.947147310 0.239473179 -0.147097960 0.039128724 0.363103688 0.034753934 0.930277824
1548339834.019120 -1.002695799 0.220269024 -0.140822932 0.036941163 0.374114782 0.039296262 0.925812840
1548339834.052420 -1.064346313 0.190028727 -0.130925357 0.032460947 0.386157095 0.048771162 0.920570672
1548339834.085820 -1.110584974 0.171416163 -0.127202988 0.031751063 0.393995196 0.060915254 0.916541874
1548339834.119340 -1.169595957 0.184449971 -0.136295378 0.034027036 0.400585890 0.061024688 0.913591325
1548339834.152810 -1.195509791 0.173106924 -0.107075542 0.031621259 0.406563878 0.061530344 0.910999417
1548339834.186310 -1.229966283 0.166968912 -0.097765684 0.031012814 0.411397368 0.062953249 0.908750415
1548339834.219810 -1.229979277 0.168376416 -0.097402960 0.031352125 0.412667722 0.064402580 0.908060968
1548339834.253240 -1.209818482 0.168580383 -0.125884116 0.030787576 0.408629209 0.067939669 0.909647465
1548339834.286760 -1.182333231 0.168225318 -0.144701362 0.029453030 0.404611766 0.070479721 0.911292732
1548339834.320280 -1.182370543 0.166078210 -0.138885111 0.027867410 0.406541318 0.070001394 0.910520375
1548339834.353790 -1.204027176 0.162033394 -0.117464215 0.026176563 0.412476063 0.068391718 0.908020318
1548339834.387080 -1.225650668 0.157642126 -0.095919102 0.025098529 0.418546319 0.066249214 0.905428112
1548339834.420540 -1.241735697 0.156620622 -0.079524338 0.025250696 0.424531758 0.065121360 0.902715027
1548339834.454060 -1.258012772 0.150022507 -0.051759869 0.024332957 0.432913542 0.064122505 0.898822606
1548339834.487580 -1.261755347 0.141721845 -0.013866961 0.026742300 0.444022626 0.071188100 0.892782748
1548339834.521090 -1.264308572 0.137642205 0.033994973 0.031612974 0.458046317 0.076393954 0.885075212
1548339834.554610 -1.251690626 0.138866484 0.074823797 0.036888789 0.470445931 0.081424378 0.877889454
1548339834.588120 -1.263061881 0.110862896 0.123857319 0.036773566 0.487018436 0.094892800 0.867442250
1548339834.621590 -1.258924961 0.078233227 0.152091414 0.035015430 0.495407760 0.111300260 0.860788763
1548339834.655160 -1.267968774 0.071121842 0.175599843 0.033292696 0.501906097 0.111015692 0.857121646
1548339834.688720 -1.259203196 0.043596834 0.212755650 0.030772392 0.514874816 0.124477290 0.847621620
1548339834.722240 -1.264093399 0.020678192 0.261326879 0.029171953 0.533349752 0.133988515 0.834706008
1548339834.755750 -1.237867236 0.009299859 0.292230517 0.028439468 0.543322444 0.141199052 0.827076018
1548339834.789260 -1.200453997 0.000539377 0.311410189 0.029294550 0.548907399 0.151374683 0.821540117
1548339834.823280 -1.190255404 -0.033194989 0.347075850 0.024596367 0.560398757 0.165623531 0.811120868
1548339834.857060 -1.173978567 -0.044212982 0.370342314 0.022429040 0.567301929 0.169435322 0.805578768
1548339834.890580 -1.172237277 -0.064606741 0.404502571 0.017780514 0.577151835 0.174206018 0.797641456
1548339834.924250 -1.137974024 -0.059835017 0.411278754 0.017209478 0.580058694 0.177148953 0.794892430
1548339834.957610 -1.099338055 -0.063650057 0.415220737 0.015432049 0.582525313 0.180208176 0.792433679
1548339834.991030 -1.055555940 -0.069506004 0.399733782 0.012829508 0.580722630 0.186456785 0.792357564
1548339835.024540 -1.028439283 -0.068409100 0.399375975 0.012155094 0.582847834 0.189417407 0.790102303
1548339835.057890 -1.006160140 -0.068352759 0.416699558 0.014249570 0.588919938 0.195840210 0.783975065
1548339835.091380 -0.983949125 -0.065851986 0.438108683 0.019770635 0.598809063 0.204636604 0.774054706
1548339835.124900 -0.945066690 -0.071547091 0.428940207 0.016697016 0.598467946 0.209505051 0.773087978
1548339835.158440 -0.914487958 -0.074728176 0.437478721 0.015768714 0.601535320 0.215561792 0.769051254
1548339835.192120 -0.869880795 -0.087124318 0.419999242 0.010723923 0.598351955 0.222575307 0.769623399
1548339835.225620 -0.847344756 -0.089510918 0.418542475 0.009966344 0.600342453 0.227413774 0.766663373
1548339835.259160 -0.810220361 -0.090878457 0.419480920 0.008169573 0.601444483 0.229635105 0.765157163
1548339835.292670 -0.777852535 -0.098560214 0.428445637 0.006553177 0.604927659 0.234864384 0.760827422
1548339835.326160 -0.752193451 -0.101220317 0.431914628 0.006583611 0.608101785 0.240488186 0.756527781
1548339835.359510 -0.719137311 -0.109599926 0.437229067 0.005026009 0.610338449 0.245607480 0.753086090
1548339835.392960 -0.691400290 -0.114362456 0.448415786 0.004899712 0.614530683 0.250230104 0.748139620
1548339835.426130 -0.671886921 -0.119108334 0.426394582 0.003192304 0.612870216 0.252257407 0.748829842
1548339835.459570 -0.649023771 -0.117674738 0.429431170 0.004437884 0.614197433 0.256420732 0.746317804
1548339835.493090 -0.623214245 -0.118322432 0.418483615 0.003528859 0.612876236 0.257545263 0.747021198
1548339835.526520 -0.597037435 -0.115752801 0.416637808 0.003212567 0.613120556 0.260320246 0.745859385
1548339835.560030 -0.579291344 -0.109913729 0.408036590 0.004101754 0.612299085 0.261785775 0.746016979
1548339835.593570 -0.552248240 -0.105701007 0.406832576 0.002935966 0.612629473 0.263855040 0.745021522
1548339835.627080 -0.535429478 -0.106166974 0.397317737 0.001068770 0.612067699 0.265292287 0.744977951
1548339835.660600 -0.538018465 -0.102214828 0.383245826 0.001799626 0.611402988 0.266434431 0.745114684
1548339835.694110 -0.520210028 -0.106413178 0.370070934 -0.000708492 0.609629214 0.268957853 0.745663047
1548339835.727610 -0.521040261 -0.102737173 0.364549369 -0.000745065 0.610688567 0.268930852 0.744805515
1548339835.761100 -0.507351398 -0.101995006 0.364276826 -0.002066323 0.612004638 0.270578772 0.743123949
1548339835.794620 -0.508184671 -0.097914703 0.370363653 -0.001417287 0.614120066 0.270562083 0.741384387
1548339835.828120 -0.519935310 -0.116973191 0.387343794 -0.002956838 0.618208170 0.270746529 0.737906754
1548339835.861630 -0.532589734 -0.115807578 0.414066613 -0.002947161 0.623289049 0.268597454 0.734409690
1548339835.895150 -0.534160197 -0.116548277 0.405278087 -0.003009977 0.623495817 0.269501686 0.733902395
1548339835.928690 -0.536671638 -0.112661347 0.411045611 -0.002927337 0.625393391 0.268611670 0.732613444
1548339835.962200 -0.539425075 -0.113698155 0.413949788 -0.002852655 0.627523959 0.268483907 0.730836451
1548339835.995700 -0.534828424 -0.115690976 0.399980605 -0.003102864 0.627065003 0.270214617 0.730591595
1548339836.029150 -0.530422449 -0.114340633 0.395836890 -0.003851032 0.626849830 0.270544052 0.730650663
1548339836.062750 -0.535540104 -0.117053896 0.410883605 -0.005062968 0.630145967 0.269326121 0.728254020
1548339836.095960 -0.535357714 -0.128377900 0.405030310 -0.008043864 0.630689025 0.270600587 0.727283955
1548339836.129460 -0.535703897 -0.119444244 0.400884271 -0.007316496 0.630607903 0.270505816 0.727397263
1548339836.162970 -0.533178091 -0.120058157 0.393114090 -0.008302003 0.630474865 0.271625519 0.727084696
1548339836.196490 -0.536046863 -0.121063136 0.397165269 -0.008866382 0.632873356 0.272416800 0.724694312
1548339836.230010 -0.532404184 -0.119590655 0.375382185 -0.009257885 0.631715536 0.274201274 0.725026488
1548339836.263520 -0.533365369 -0.118311122 0.361055702 -0.008987986 0.632251620 0.275171518 0.724194646
1548339836.297040 -0.531850457 -0.118172951 0.358446807 -0.009970246 0.633600593 0.275562942 0.722852767
1548339836.330550 -0.535778522 -0.112493835 0.351835579 -0.010007462 0.633999586 0.274971426 0.722727537
1548339836.363970 -0.527575910 -0.124663204 0.351780951 -0.013881244 0.635475636 0.277386129 0.720440865
1548339836.397490 -0.534792900 -0.119029574 0.352787405 -0.014386583 0.637018919 0.277240187 0.719123006
1548339836.431000 -0.537582636 -0.111975253 0.354338199 -0.014078579 0.638096631 0.277880430 0.717925429
1548339836.464620 -0.554772973 -0.113135539 0.367767632 -0.015611524 0.642758787 0.276322126 0.714327335
1548339836.498150 -0.549855828 -0.101365581 0.358357310 -0.014221014 0.645179689 0.278449625 0.711341500
1548339836.532200 -0.539233148 -0.107355811 0.344550312 -0.014815478 0.643780708 0.282372862 0.711050272
1548339836.565720 -0.540785491 -0.100188024 0.334272891 -0.014262930 0.642825902 0.283287674 0.711561441
1548339836.599260 -0.547199368 -0.090204209 0.326223314 -0.013268459 0.642152607 0.283628374 0.712052584
1548339836.632780 -0.548243344 -0.085315228 0.313875616 -0.013576030 0.639980257 0.285001338 0.713453054
1548339836.666290 -0.545152903 -0.085617162 0.317438722 -0.015878443 0.640335798 0.285181016 0.713014543
1548339836.699780 -0.547574043 -0.074326575 0.304076493 -0.014936962 0.638886273 0.284883171 0.714452744
1548339836.733300 -0.542091370 -0.078111604 0.295459151 -0.016305629 0.638118446 0.286298037 0.714543521
1548339836.766810 -0.549785495 -0.069442675 0.277929336 -0.014536934 0.635622561 0.285529137 0.717109382
1548339836.800330 -0.552962005 -0.054068550 0.257820874 -0.012397900 0.633375645 0.284658194 0.719479978
1548339836.833840 -0.559772789 -0.042096525 0.238750935 -0.010024549 0.632421732 0.284238607 0.720521152
1548339836.867360 -0.566494465 -0.029129580 0.227823257 -0.007883093 0.631416500 0.283306628 0.721795261
1548339836.900880 -0.573969364 -0.022974968 0.209561378 -0.004823968 0.629213691 0.285149068 0.723019302
1548339836.934390 -0.590394020 -0.020881638 0.204022765 -0.004633678 0.630911469 0.285401493 0.721439719
1548339836.967880 -0.583003819 0.000089452 0.188142747 -0.004444184 0.627919257 0.284870178 0.724255919
1548339837.001390 -0.590714991 0.012738511 0.173300952 -0.001872996 0.626103938 0.285647273 0.725531518
1548339837.034900 -0.592096567 0.015737951 0.191093743 -0.002024831 0.629138947 0.286239594 0.722666621
1548339837.068420 -0.614962339 0.042158961 0.261399359 -0.000968020 0.638824046 0.276527703 0.717938304
1548339837.101930 -0.579059482 -0.053908020 0.289143175 -0.018345844 0.642146587 0.283821136 0.711868584
1548339837.135380 -0.538898349 -0.071313471 0.291646421 -0.023749994 0.639805138 0.287665635 0.712273657
1548339837.168890 -0.548262239 -0.067781031 0.283269674 -0.022968208 0.639647007 0.287068456 0.712682188
1548339837.202450 -0.554014206 -0.067863777 0.271629274 -0.021303046 0.639094293 0.289169878 0.712380111
1548339837.236000 -0.573120236 -0.068333164 0.267868876 -0.018984890 0.639955580 0.288226426 0.712054729
1548339837.269510 -0.586670160 -0.067781165 0.261545122 -0.016711863 0.640283704 0.288151771 0.711846948
1548339837.303030 -0.601223707 -0.068237498 0.255055159 -0.014758294 0.641423404 0.288274020 0.710813880
1548339837.336540 -0.618092597 -0.069436237 0.246840686 -0.009245613 0.641785979 0.289891869 0.709921122
1548339837.370060 -0.631679177 -0.071452856 0.243382126 -0.007261464 0.642388821 0.290023178 0.709345102
1548339837.403580 -0.649750650 -0.074081138 0.241035461 -0.006019938 0.643560767 0.289608091 0.708463430
1548339837.437090 -0.669259071 -0.082891390 0.242893279 -0.005369960 0.645217121 0.290690154 0.706516325
1548339837.470580 -0.688362122 -0.081395909 0.243280143 -0.003160903 0.646530986 0.289112806 0.705975652
1548339837.504100 -0.718274713 -0.083609566 0.253967494 -0.002303673 0.650154710 0.285284609 0.704206228
1548339837.537640 -0.741443634 -0.083616808 0.261053622 0.000099921 0.653314650 0.284490705 0.701601863
1548339837.571160 -0.764469385 -0.076036334 0.265810221 0.003850185 0.655638397 0.282842249 0.700088501
1548339837.604670 -0.808411837 -0.062497795 0.286219895 0.008047270 0.660715342 0.274766952 0.698493779
1548339837.638230 -0.821713567 -0.049652159 0.284850627 0.011912727 0.661496937 0.273102403 0.698351681
1548339837.671760 -0.834329367 -0.046233416 0.286909223 0.013786602 0.662840247 0.272638321 0.697223902
1548339837.705290 -0.855534434 -0.040529758 0.292291343 0.015584780 0.665047050 0.271231085 0.695631564
1548339837.738950 -0.885541439 -0.040936351 0.303990126 0.018727448 0.667913377 0.270633668 0.693035662
1548339837.772690 -0.908390284 -0.044625014 0.317519307 0.018290441 0.670372605 0.269577086 0.691081941
1548339837.806350 -0.927847862 -0.040686190 0.326409221 0.019371185 0.672204375 0.267367065 0.690131068
1548339837.839870 -0.940081775 -0.044781357 0.328980327 0.019247144 0.672929466 0.267952293 0.689200401
1548339837.873430 -0.942387879 -0.046505213 0.324302197 0.020265082 0.671190143 0.269784540 0.690151751
1548339837.906960 -0.960485101 -0.044008851 0.327808261 0.021784097 0.671692550 0.267899781 0.690350890
1548339837.940490 -0.972395241 -0.048988909 0.317973256 0.022301657 0.669746339 0.269365519 0.691653609
1548339837.974010 -0.965740263 -0.038755119 0.296966612 0.024396058 0.665826082 0.270434678 0.694942951
1548339838.007550 -0.982750297 -0.026430100 0.296968281 0.027758416 0.665383875 0.266846299 0.696625352
1548339838.041050 -0.977743387 -0.012211233 0.265667379 0.030402103 0.660339475 0.268474221 0.700677633
1548339838.074580 -0.981374979 0.006892294 0.248963833 0.033151321 0.657265842 0.267167151 0.703934908
1548339838.108150 -0.981616259 0.016854435 0.225040436 0.034870733 0.653998792 0.268342078 0.706443310
1548339838.141700 -0.977513373 0.034450322 0.203538418 0.036684133 0.650975764 0.268704981 0.709001005
1548339838.175240 -0.978759110 0.047664970 0.178972602 0.038296174 0.646991789 0.269363493 0.712305009
1548339838.208780 -0.984940886 0.056932896 0.162760079 0.041001733 0.643336892 0.269846588 0.715275705
1548339838.242290 -0.984236479 0.073720217 0.134692848 0.042351328 0.638144970 0.269483447 0.719969511
1548339838.275790 -0.997681141 0.108349293 0.101241350 0.046556804 0.632344902 0.267116189 0.725686789
1548339838.309310 -0.996104479 0.123301595 0.069353044 0.046387568 0.625589132 0.266449302 0.731772721
1548339838.342820 -0.984447479 0.135301650 0.033828497 0.045698516 0.620007396 0.267540723 0.736155272
1548339838.376340 -0.987494826 0.159783155 0.000243068 0.049065296 0.614459634 0.267315060 0.740658343
1548339838.409850 -0.983102679 0.178567261 -0.029250085 0.050299160 0.609037459 0.266546369 0.745316327
1548339838.443310 -0.997086823 0.213380545 -0.055903435 0.057898138 0.604740322 0.264820725 0.748870492
1548339838.476820 -0.996785045 0.234358311 -0.085273385 0.061586093 0.599531472 0.264319420 0.752930582
1548339838.510340 -0.996821404 0.253910750 -0.114592910 0.064714044 0.594036341 0.264725119 0.756870925
1548339838.543850 -0.990111768 0.273583770 -0.141908824 0.067657173 0.587928295 0.265343010 0.761154413
1548339838.577370 -0.976604104 0.288606793 -0.156181574 0.068345688 0.585182428 0.265558571 0.763131142
1548339838.610860 -0.976904273 0.306211203 -0.182184875 0.072415799 0.580791473 0.265584141 0.766095579
1548339838.644360 -0.964556932 0.318923682 -0.191569388 0.074107178 0.579659164 0.264909714 0.767024279
1548339838.677880 -0.971708775 0.344072104 -0.204774201 0.080970638 0.577376306 0.263323337 0.768596888
1548339838.711400 -0.963282645 0.355308712 -0.219212174 0.083515227 0.574328125 0.262374252 0.770929456
1548339838.744910 -0.959774017 0.368283629 -0.230649889 0.087777786 0.571662724 0.261643052 0.772683561
1548339838.778430 -0.962225676 0.378379911 -0.243829548 0.091487288 0.568323612 0.260462403 0.775111496
1548339838.811940 -0.965145886 0.390803307 -0.258703709 0.096081130 0.565059423 0.260678977 0.776867270
1548339838.845450 -0.963190973 0.402125835 -0.270798743 0.097873077 0.561619163 0.259687454 0.779465973
1548339838.878950 -0.971758544 0.415994436 -0.286142707 0.102233373 0.559183359 0.260506302 0.780383766
1548339838.912460 -0.976176739 0.431610882 -0.304809213 0.104526229 0.556183398 0.259392500 0.782591701
1548339838.945970 -0.986982226 0.447061896 -0.324436724 0.109340109 0.553688347 0.260197580 0.783435464
1548339838.979480 -0.992960572 0.464052796 -0.342307985 0.112983570 0.550883651 0.259417951 0.785152376
1548339839.012980 -0.995978713 0.488026500 -0.367154837 0.117872871 0.546058178 0.258179992 0.788206518
1548339839.046500 -1.001758695 0.510959566 -0.387472510 0.122378647 0.542826891 0.256887048 0.790171802
1548339839.080010 -1.008436680 0.528568387 -0.412271142 0.125560328 0.538876355 0.256165713 0.792607129
1548339839.113540 -1.015497804 0.543214440 -0.435460687 0.129264608 0.535580516 0.256344795 0.794186175
1548339839.147040 -1.030406356 0.563947678 -0.467176020 0.132509977 0.530997813 0.253327578 0.797688901
1548339839.180540 -1.031839132 0.576012135 -0.504659534 0.135512441 0.525503635 0.255634427 0.800083399
1548339839.213990 -1.023717046 0.601354837 -0.539444387 0.139543444 0.519577086 0.256881922 0.802856743
1548339839.247570 -1.034599781 0.617474496 -0.577962518 0.144680336 0.513561308 0.259423345 0.804998100
1548339839.280980 -1.052499175 0.642315984 -0.610634446 0.148280889 0.509130180 0.255609900 0.808370471
1548339839.314480 -1.068915606 0.654193223 -0.640389562 0.153315455 0.506396472 0.260889113 0.807461441
1548339839.347990 -1.091845632 0.683915734 -0.666943550 0.161527798 0.503056824 0.259942710 0.808252752
1548339839.381500 -1.131232738 0.698477864 -0.679383934 0.163400412 0.505064726 0.258928359 0.806948602
1548339839.415010 -1.173396349 0.715081871 -0.688483655 0.168602988 0.507186770 0.259467900 0.804369986
1548339839.448460 -1.216204762 0.736455381 -0.682933092 0.176072434 0.511553049 0.259242803 0.800065696
1548339839.481980 -1.234519482 0.741622984 -0.711443186 0.178829953 0.507126570 0.265167236 0.800330460
1548339839.515500 -1.264112353 0.771485925 -0.717387557 0.187311068 0.506450236 0.264867812 0.798916638
1548339839.548980 -1.267175674 0.791463971 -0.735936165 0.192963332 0.501961708 0.267410636 0.799556911
1548339839.582100 -1.277289510 0.810149789 -0.749055743 0.199164793 0.497988939 0.269105434 0.799951673
1548339839.615620 -1.286033392 0.829132676 -0.761927366 0.204410970 0.494701594 0.269496888 0.800536036
1548339839.649130 -1.306463718 0.832524955 -0.761314631 0.208375499 0.497134179 0.274682671 0.796232820
1548339839.682580 -1.318264008 0.855866075 -0.776425719 0.213884801 0.492327362 0.274074167 0.797966540
1548339839.716090 -1.320354223 0.881873131 -0.798120618 0.217417851 0.486378789 0.271887004 0.801400483
1548339839.749610 -1.342318296 0.906939983 -0.813483596 0.223769933 0.483627349 0.271645367 0.801399112
1548339839.783130 -1.344972849 0.936061084 -0.839829087 0.226602301 0.476969808 0.269962519 0.805153072
1548339839.816710 -1.360853910 0.962220907 -0.856603742 0.232397765 0.471965075 0.268911242 0.806800485
1548339839.850280 -1.387540579 0.983238399 -0.850180268 0.243161067 0.472223133 0.271300435 0.802666903
1548339839.883870 -1.393932581 1.022297740 -0.887993336 0.246085763 0.463193744 0.268288642 0.808031321
1548339839.917390 -1.398062706 1.057667017 -0.903455496 0.252643317 0.458469272 0.267040342 0.809114873
1548339839.950900 -1.402583361 1.094356418 -0.934466481 0.253415555 0.450867027 0.261787891 0.814841449
1548339839.984370 -1.389435291 1.111846685 -0.953498125 0.255800188 0.446422368 0.261833012 0.816527307
1548339840.017860 -1.395532846 1.147966266 -0.953772783 0.263207048 0.444387108 0.260615259 0.815672696
1548339840.051400 -1.373656392 1.165187478 -0.974828482 0.260779709 0.438480914 0.258387536 0.820344031
1548339840.084970 -1.355788112 1.188039184 -0.988180041 0.262276202 0.433582008 0.257585585 0.822719574
1548339840.118480 -1.326009274 1.208014488 -1.014206529 0.262546927 0.425932705 0.256472170 0.826965809
1548339840.152000 -1.301001668 1.215396643 -1.031891704 0.261834532 0.420286268 0.257193297 0.829851687
1548339840.185520 -1.280268788 1.233074188 -1.048238039 0.263255417 0.415284067 0.256464213 0.832142949
1548339840.219030 -1.276359558 1.240189075 -1.053779721 0.264268875 0.413748950 0.256704032 0.832512379
1548339840.252500 -1.274734735 1.245758772 -1.057719350 0.264753759 0.411544859 0.254792511 0.834036589
1548339840.286060 -1.249886632 1.267656088 -1.074347019 0.267238110 0.404627800 0.255319804 0.836463928
1548339840.319580 -1.222055435 1.268867373 -1.096311927 0.264723152 0.398800015 0.256044686 0.839834094
1548339840.353100 -1.188308954 1.267463803 -1.113422275 0.261476994 0.392756462 0.259770066 0.842550755
1548339840.386610 -1.173136711 1.253067017 -1.117603421 0.258220613 0.389731646 0.273046821 0.840759635
1548339840.420130 -1.186035156 1.214381218 -1.100040197 0.253587693 0.397601545 0.287525922 0.833627760
1548339840.453640 -1.178891301 1.211334467 -1.101132989 0.252188951 0.399575174 0.293659002 0.830966175
1548339840.487160 -1.160459757 1.199197531 -1.087564468 0.252511978 0.400633126 0.303536564 0.826798856
1548339840.520680 -1.163900137 1.169301271 -1.069689274 0.250331998 0.407842636 0.313717425 0.820109606
1548339840.554400 -1.174914479 1.119148493 -1.049913526 0.247250184 0.418041587 0.329937875 0.809474885
1548339840.587600 -1.150304675 1.142248154 -1.076203585 0.248378128 0.411350042 0.330622792 0.812273383
1548339840.620950 -1.128047347 1.166793942 -1.104662061 0.250259072 0.403871536 0.332487971 0.814683974
1548339840.654460 -1.094444990 1.197461843 -1.129702210 0.251690656 0.395714253 0.331933409 0.818463385
1548339840.688110 -1.061592937 1.240406990 -1.159896374 0.254311264 0.387257844 0.328977793 0.822879553
1548339840.721620 -1.035519838 1.283103585 -1.173524857 0.258640110 0.380374253 0.326903284 0.825563431
1548339840.755180 -1.010201454 1.317130089 -1.184084177 0.262001634 0.373645097 0.324638963 0.828464866
1548339840.788690 -0.995119691 1.345474482 -1.187124968 0.264933318 0.369189560 0.321607977 0.830709159
1548339840.822210 -0.981322706 1.363717794 -1.190740347 0.266365170 0.365988702 0.319613487 0.832435668
1548339840.855730 -0.960283279 1.382581949 -1.205626011 0.266921371 0.360810548 0.318560928 0.834917843
1548339840.889240 -0.942298412 1.406581759 -1.217051029 0.268625438 0.357057840 0.317577213 0.836358070
1548339840.922760 -0.927469790 1.401338816 -1.224072576 0.266827941 0.356189162 0.317422658 0.837361991
1548339840.956290 -0.906546950 1.398820162 -1.246892214 0.265311986 0.352302521 0.317733496 0.839367568
1548339840.989830 -0.914144874 1.391219974 -1.237528563 0.266132593 0.355870634 0.316829115 0.837943256
1548339841.023340 -0.933934629 1.373136878 -1.227707386 0.265972525 0.361086547 0.317251861 0.835599422
1548339841.056860 -0.945089579 1.368019104 -1.215072274 0.267176092 0.364150822 0.316647530 0.834113657
1548339841.090370 -0.953946352 1.354508281 -1.207657099 0.266908228 0.366997778 0.317343563 0.832685828
1548339841.123890 -0.974749625 1.342522621 -1.194920421 0.266667753 0.371866763 0.316801101 0.830807149
1548339841.157430 -0.974199653 1.336857677 -1.193127871 0.265565038 0.372664005 0.316581935 0.830886662
1548339841.191000 -0.983578622 1.323701143 -1.192196846 0.264571011 0.373495311 0.316237092 0.830961823
1548339841.224530 -1.013748646 1.303295612 -1.161237955 0.264710367 0.380549729 0.315618604 0.827946424
1548339841.258040 -1.012256384 1.312782288 -1.156250477 0.266833365 0.379757285 0.314761281 0.827955186
1548339841.291550 -1.004774094 1.329455972 -1.153080702 0.269885778 0.375960410 0.313352019 0.829232156
1548339841.325070 -1.012202501 1.347350836 -1.147040129 0.274256587 0.371878296 0.309730679 0.830997527
1548339841.358590 -0.988043845 1.370142817 -1.160097599 0.277270764 0.362460583 0.309177518 0.834357500
1548339841.391990 -0.969646275 1.391569376 -1.160043478 0.282223791 0.354501307 0.309745044 0.835904717
1548339841.425510 -0.933298290 1.431003571 -1.188284397 0.285240382 0.340372741 0.307692289 0.841492593
1548339841.459030 -0.904301286 1.457987309 -1.195201635 0.288038433 0.331967801 0.307417214 0.843994021
1548339841.492540 -0.875129879 1.493152261 -1.193796039 0.294405073 0.322382271 0.307591170 0.845448375
1548339841.526060 -0.848495901 1.521339893 -1.190964937 0.299804896 0.314333558 0.306445479 0.846996248
1548339841.559860 -0.805176497 1.559579134 -1.191973686 0.307284117 0.301915020 0.304367274 0.849578917
1548339841.593460 -0.768483818 1.584162474 -1.193881273 0.313478529 0.290890634 0.301640511 0.852130771
1548339841.626970 -0.736789584 1.610972762 -1.196029663 0.320257783 0.280739903 0.299236566 0.853860438
1548339841.660430 -0.702543259 1.628504515 -1.195473552 0.326135516 0.268624425 0.299428344 0.855464339
1548339841.693940 -0.668147743 1.659841537 -1.194027781 0.334715068 0.255806953 0.291698217 0.858743727
1548339841.727440 -0.641628861 1.677662134 -1.199264169 0.339493871 0.244602367 0.283944935 0.862721801
1548339841.760980 -0.615392387 1.694288015 -1.202375889 0.342988938 0.236572281 0.277454942 0.865685225
1548339841.794550 -0.577554464 1.708831310 -1.205520391 0.346304119 0.225465462 0.269940078 0.869696081
1548339841.828070 -0.538462102 1.726514101 -1.210245371 0.350373089 0.214658514 0.262263060 0.873142958
1548339841.861580 -0.504740298 1.722067833 -1.217128038 0.350345224 0.205964461 0.258654207 0.876318932
1548339841.895100 -0.464814872 1.744757175 -1.223838329 0.354907662 0.195495173 0.254280657 0.878159165
1548339841.928620 -0.413349926 1.749384165 -1.227767944 0.357628942 0.181336060 0.249151066 0.881556928
1548339841.962070 -0.364635676 1.742613554 -1.237965107 0.356664568 0.169208869 0.242963836 0.886074126
1548339841.995570 -0.324113965 1.762496233 -1.245949745 0.359367818 0.158494204 0.241755411 0.887292922
1548339842.029020 -0.287133634 1.763310552 -1.257284880 0.358727425 0.149165899 0.241459921 0.889247596
1548339842.062260 -0.239126831 1.770999670 -1.267573595 0.358952075 0.138757050 0.240357593 0.891138732
1548339842.095780 -0.175911963 1.806116581 -1.271527529 0.363216072 0.125977576 0.235972539 0.892480075
1548339842.129290 -0.120685726 1.853684068 -1.267494440 0.370507836 0.112657093 0.232230812 0.892244995
1548339842.162610 -0.078664809 1.874960303 -1.250912309 0.374760091 0.104563780 0.229819909 0.892078578
1548339842.196080 -0.038597286 1.897616148 -1.250574827 0.377881855 0.095548376 0.226563185 0.892605782
1548339842.229550 -0.017593563 1.898660898 -1.258828402 0.377288342 0.090303250 0.223076776 0.894279361
1548339842.263040 0.016477972 1.901114702 -1.242545962 0.378335059 0.083771132 0.219921201 0.895253956
1548339842.296560 0.065328538 1.923651814 -1.220096231 0.382525504 0.069186054 0.218442783 0.895081162
1548339842.330100 0.127047271 1.954207897 -1.208787203 0.386028200 0.054630723 0.210153013 0.896567583
1548339842.363630 0.166127861 1.961378932 -1.196445823 0.385796875 0.045049466 0.206195578 0.898117304
1548339842.397180 0.195146888 1.970965862 -1.183842182 0.387192130 0.036978930 0.200795233 0.899108469
1548339842.430730 0.236772180 1.984004974 -1.175360560 0.387878835 0.026210891 0.197300956 0.899964094
1548339842.464300 0.257153183 1.959275961 -1.162479162 0.384268582 0.019133076 0.195887744 0.901997566
1548339842.497820 0.269028246 1.957154274 -1.141312361 0.384047568 0.012558513 0.201139525 0.901050866
1548339842.531350 0.293724298 1.963684559 -1.118611813 0.384148121 0.000635550 0.207359090 0.899684429
1548339842.564860 0.335321426 1.975920439 -1.114196777 0.383639932 -0.008953555 0.204137936 0.900593102
1548339842.598380 0.373001695 1.975297689 -1.107036114 0.381366909 -0.017073536 0.203312442 0.901627362
1548339842.631900 0.391457170 1.955851674 -1.085356712 0.379956365 -0.024495559 0.205048084 0.901658714
1548339842.665410 0.451228976 1.982766509 -1.074866772 0.382809997 -0.036989599 0.199451357 0.901281059
1548339842.698990 0.492094964 1.983272910 -1.063745737 0.382572323 -0.045656949 0.195602074 0.901827991
1548339842.732530 0.538235784 1.986112714 -1.049085617 0.382326096 -0.054500259 0.191571325 0.902306497
1548339842.766050 0.589320540 2.003092051 -1.033316851 0.383676231 -0.062368009 0.187337279 0.902112842
1548339842.799560 0.620970726 2.018693209 -1.021652818 0.385025561 -0.068086088 0.185158625 0.901574135
1548339842.833060 0.631744862 2.027217865 -1.008717418 0.386658669 -0.068547964 0.182088271 0.901465535
1548339842.866510 0.601101279 2.021772861 -1.024842739 0.384366989 -0.061043743 0.181721747 0.903057516
1548339842.900020 0.620382905 2.055680513 -1.000857830 0.389526427 -0.065353431 0.180574730 0.900772452
1548339842.933540 0.591211379 2.021279097 -1.026041031 0.381862819 -0.058144834 0.178998560 0.904853344
1548339842.967060 0.569733500 2.010691404 -1.021715641 0.379015088 -0.052261945 0.176973000 0.906805813
1548339843.000560 0.575054884 2.005198479 -1.026335120 0.375362068 -0.052542899 0.176395178 0.908420205
1548339843.034070 0.557547152 2.012153387 -1.016527057 0.375761658 -0.048801672 0.175703451 0.908597767
1548339843.067590 0.553924799 2.008476257 -1.018281221 0.373243719 -0.046999380 0.175772503 0.909716606
1548339843.101090 0.553529382 2.001536369 -1.023044825 0.370217562 -0.047072709 0.177432105 0.910626769
1548339843.134580 0.571473777 1.996983528 -1.030033827 0.367238700 -0.048945293 0.174950853 0.912212908
1548339843.168020 0.545653939 1.993803978 -1.019577503 0.366958380 -0.044308737 0.177160293 0.912136257
1548339843.201540 0.555543303 1.984006643 -1.039986372 0.362949461 -0.045803905 0.177518353 0.913595617
1548339843.235020 0.515335560 1.980173945 -1.019855499 0.365891486 -0.043774936 0.180696845 0.911896825
1548339843.268550 0.553112984 1.993515015 -1.020689726 0.367584318 -0.055706181 0.178342417 0.911028326
1548339843.302090 0.575385451 2.003864765 -1.017952561 0.368947744 -0.061617959 0.175961465 0.910559416
1548339843.335600 0.604627788 2.018217802 -1.012965083 0.370345265 -0.068332411 0.176278293 0.909450948
1548339843.369190 0.626449466 2.016770601 -1.015063047 0.369607240 -0.074436285 0.175487980 0.909424901
1548339843.402670 0.663282275 2.033334494 -1.010514379 0.371455908 -0.082799323 0.173110291 0.908403933
1548339843.436180 0.714649737 2.053280592 -0.996589899 0.374719441 -0.093241267 0.169896886 0.906656802
1548339843.469720 0.763153911 2.070861340 -0.988416553 0.377355695 -0.102745190 0.166546315 0.905156612
1548339843.503210 0.831256270 2.086623430 -0.968506157 0.380307704 -0.118120439 0.162254095 0.902821839
1548339843.536730 0.854542017 2.109169960 -0.957338452 0.385085315 -0.125465944 0.161155075 0.899998188
1548339843.570260 0.900820017 2.126636267 -0.938832343 0.388932198 -0.137128994 0.158629507 0.897086442
1548339843.603780 0.945932209 2.146102428 -0.923046827 0.392055184 -0.147552177 0.154879883 0.894725263
1548339843.637350 0.982494235 2.162633657 -0.904047370 0.395504743 -0.157605499 0.152673036 0.891867399
1548339843.670920 1.026304841 2.171112299 -0.882528424 0.396953374 -0.165278912 0.149451360 0.890379250
1548339843.704430 1.064919114 2.197910786 -0.858030319 0.401532620 -0.174125507 0.146885619 0.887060583
1548339843.737950 1.101470470 2.210244894 -0.840813875 0.404122710 -0.184428647 0.147960022 0.883616865
1548339843.771460 1.147492886 2.221773386 -0.818183899 0.406915456 -0.194528028 0.142569661 0.881051958
1548339843.804980 1.175488353 2.253041744 -0.797066450 0.413727015 -0.200757593 0.139290214 0.876997530
1548339843.838500 1.209815621 2.261005878 -0.780248404 0.415958554 -0.207131773 0.137868345 0.874681234
1548339843.872420 1.244269848 2.292444229 -0.769434929 0.420996398 -0.213821054 0.136126906 0.870926023
1548339843.905940 1.260256052 2.300764561 -0.767596960 0.422752082 -0.218032956 0.135679841 0.869099140
1548339843.939590 1.277439475 2.311856270 -0.766288400 0.424127817 -0.223087549 0.135229632 0.867214262
1548339843.939590 1.277439475 2.311856270 -0.766288400 0.424127817 -0.223087549 0.135229632 0.867214262
1548339844.006810 0.089350887 0.027101647 -0.023410581 -0.012305342 0.093975261 0.013682493 0.995404482
1548339844.040330 0.077314407 0.032000601 -0.014604098 -0.011056503 0.092664771 0.012048278 0.995563090
1548339844.074300 0.064156875 0.029450431 -0.007469344 -0.010900009 0.091740817 0.008836778 0.995684087
1548339844.108370 0.067201547 0.032955110 -0.001787239 -0.010134246 0.089018472 0.009039734 0.995937407
1548339844.141890 0.070422448 0.026334716 -0.002102827 -0.010003259 0.087548226 0.006258464 0.996090412
1548339844.175400 0.064992867 0.027953178 -0.003422932 -0.008861357 0.089105092 0.005714278 0.995966434
1548339844.208920 0.069728047 0.023406120 -0.006084254 -0.009058237 0.089024991 0.005862524 0.995971024
1548339844.242440 0.064330496 0.021875046 -0.003354630 -0.008532032 0.089507923 0.005200062 0.995936096
1548339844.275950 0.066487409 0.024223058 -0.001767640 -0.007477811 0.089477248 0.004769764 0.995949447
1548339844.309470 0.062937036 0.020613642 -0.004848322 -0.007951979 0.090388410 0.004920819 0.995862722
1548339844.342980 0.069542766 0.017877137 -0.001805940 -0.008181346 0.089717716 0.004915071 0.995921552
1548339844.375030 0.074834369 0.016838009 0.002269210 -0.008443700 0.091129474 0.004529873 0.995792985
1548339844.408430 0.090022184 0.006351508 0.006260959 -0.009587492 0.093923941 0.005023305 0.995520532
1548339844.441950 0.081270471 0.007387808 0.013041536 -0.008394463 0.101751655 0.007219320 0.994748235
1548339844.475460 0.062837407 0.010040477 0.011697897 -0.006883317 0.109707788 0.009568201 0.993894041
1548339844.508980 0.109816425 -0.025165219 0.009443027 -0.011513512 0.109057747 0.011085365 0.993906975
1548339844.542490 0.093515791 -0.013792914 0.008550862 -0.007419041 0.119895473 0.016441885 0.992622674
1548339844.576010 0.079446420 0.002028988 0.005908027 -0.002347927 0.126760557 0.019840771 0.991732180
1548339844.609530 0.074256554 -0.009105708 0.015091774 -0.002530057 0.134911180 0.020187061 0.990648806
1548339844.643050 0.099052817 -0.007904662 0.013568183 0.000794866 0.139518172 0.024087796 0.989926159
1548339844.676590 0.080909856 -0.014109421 0.013526685 0.001444051 0.146752089 0.024661310 0.988864779
1548339844.710120 0.082200617 -0.035320576 0.005074323 -0.000088017 0.149662003 0.026322665 0.988386750
1548339844.743640 0.094746336 -0.025886927 0.000550309 0.001999741 0.152372450 0.026485292 0.987966180
1548339844.777170 0.092813790 -0.028858496 0.001825675 0.001498573 0.157157317 0.027342580 0.987193942
1548339844.810690 0.097256944 -0.024060613 0.001833862 0.002016426 0.160822794 0.025944483 0.986640215
1548339844.844200 0.087274298 -0.038746618 0.002312405 -0.000018852 0.166774720 0.026311960 0.985643923
1548339844.877720 0.104539715 -0.031223310 0.001160401 0.001195367 0.168238848 0.026802458 0.985381126
1548339844.911230 0.085220121 -0.018724475 0.003953026 0.003380782 0.175341859 0.025013089 0.984184027
1548339844.944740 0.088195980 -0.019403167 0.002544360 0.003957342 0.179068863 0.026048915 0.983483672
1548339844.978240 0.099095553 -0.028277766 -0.001883842 0.003268726 0.181241199 0.027208198 0.983056843
1548339845.011760 0.095125444 -0.031830948 -0.006743995 0.004025054 0.186462820 0.026839009 0.982087135
1548339845.045280 0.110634081 -0.037579760 -0.019189995 0.004842896 0.192033172 0.029846640 0.980922580
1548339845.078780 0.138866857 -0.038392834 -0.029019523 0.006043306 0.194388539 0.032576282 0.980364919
1548339845.112290 0.168247014 -0.039405115 -0.039252233 0.007162460 0.194952309 0.034936402 0.980164170
1548339845.145810 0.184872448 -0.038319521 -0.052717999 0.009060010 0.197868779 0.037938911 0.979452133
1548339845.179320 0.132898003 -0.061753824 -0.033663537 0.006627363 0.211286962 0.038906775 0.976626992
1548339845.212840 0.153354391 -0.065167166 -0.045322109 0.007045846 0.212136507 0.042212840 0.976302505
1548339845.246350 0.134020209 -0.059929065 -0.037461501 0.008925228 0.218847021 0.041699149 0.974826932
1548339845.279870 0.163710907 -0.055367496 -0.051507704 0.010362945 0.219318271 0.043832898 0.974613190
1548339845.313390 0.143380195 -0.062790595 -0.040553391 0.009815467 0.226709679 0.043849420 0.972925305
1548339845.346520 0.159835756 -0.065996818 -0.047784138 0.010090706 0.226908967 0.045040570 0.972821653
1548339845.379950 0.168966755 -0.064697333 -0.055569936 0.010899144 0.230288401 0.044279683 0.972053409
1548339845.447040 0.195579842 -0.076236434 -0.058553055 0.009371942 0.236966982 0.046455979 0.970361114
1548339845.480560 0.181944162 -0.075303331 -0.062659398 0.010100647 0.243189529 0.044985764 0.968882442
1548339845.514070 0.194465369 -0.060329411 -0.077324152 0.012495711 0.248329967 0.046284840 0.967488408
1548339845.547590 0.203721642 -0.057842679 -0.079571046 0.011827365 0.252569199 0.046898548 0.966369212
1548339845.581130 0.221005753 -0.041432623 -0.089657329 0.013345343 0.254563481 0.046123110 0.965863347
1548339845.615100 0.226418108 -0.039392743 -0.091599785 0.012398153 0.260904640 0.047615085 0.964109898
1548339845.648680 0.231323138 -0.041458115 -0.093069866 0.010467948 0.266060412 0.050080575 0.962597728
1548339845.682190 0.240453809 -0.046353187 -0.097095564 0.007527474 0.270712823 0.051236380 0.961266279
1548339845.715710 0.238727197 -0.050040249 -0.096496463 0.004940020 0.277154416 0.051893126 0.959410369
1548339845.749200 0.233838245 -0.055786707 -0.095044479 0.002776120 0.283579022 0.053835589 0.957432568
1548339845.782230 0.246096313 -0.058039978 -0.099419817 0.000457580 0.287412047 0.054875717 0.956233680
1548339845.815720 0.243477285 -0.048308026 -0.099466398 0.001477918 0.293293834 0.056834795 0.954330325
1548339845.849230 0.251913667 -0.052062754 -0.103731088 -0.000438303 0.296421736 0.058843091 0.953242660
1548339845.882750 0.242846161 -0.052480452 -0.100129083 -0.001453792 0.302567691 0.059709053 0.951254785
1548339845.916310 0.237406716 -0.053753100 -0.111121900 -0.002230062 0.307773888 0.061542407 0.949464500
1548339845.950180 0.220844239 -0.045461226 -0.088768154 -0.001493482 0.317360193 0.062190685 0.946262479
1548339845.983780 0.226040259 -0.056300610 -0.092213981 -0.004107094 0.320877999 0.062684566 0.945034981
1548339846.017320 0.229035065 -0.051151603 -0.087375313 -0.003706536 0.325385571 0.064578407 0.943366408
1548339846.050870 0.223438650 -0.062098987 -0.080491386 -0.006280877 0.331391901 0.065399610 0.941202939
1548339846.084360 0.218258977 -0.046942122 -0.078318700 -0.004477091 0.336887419 0.065271221 0.939269185
1548339846.117850 0.200236529 -0.037831929 -0.072107591 -0.003463902 0.343582660 0.064415120 0.936904371
1548339846.151360 0.223952562 -0.039569266 -0.082555845 -0.004285854 0.343597978 0.066657133 0.936738491
1548339846.184880 0.238834530 -0.035185620 -0.095430240 -0.004594185 0.344787985 0.067325525 0.936251819
1548339846.218310 0.255597591 -0.045256201 -0.106420785 -0.006583930 0.345848531 0.070171520 0.935639679
1548339846.251820 0.254365683 -0.039952621 -0.100831717 -0.006896528 0.349980235 0.071002468 0.934036970
1548339846.285340 0.256199121 -0.041568629 -0.100970149 -0.008707668 0.353056312 0.071645811 0.932814181
1548339846.318940 0.274385154 -0.047926173 -0.115378812 -0.011337728 0.352876842 0.072456598 0.932791233
1548339846.352600 0.266465485 -0.043181729 -0.106281444 -0.012179273 0.358469009 0.072144724 0.930670142
1548339846.386150 0.275518537 -0.047225602 -0.112107344 -0.013930088 0.360885590 0.073583551 0.929598331
1548339846.419660 0.287135661 -0.045816287 -0.118001118 -0.014820416 0.362526655 0.074283190 0.928890169
1548339846.453530 0.279017746 -0.044137530 -0.113101490 -0.014851209 0.366891444 0.074530378 0.927154481
1548339846.487050 0.279680014 -0.034421608 -0.115304127 -0.013668798 0.369480222 0.074592210 0.926139057
1548339846.520530 0.287876517 -0.042160720 -0.111124516 -0.016521653 0.372560024 0.074914835 0.924831808
1548339846.553730 0.289962381 -0.042740632 -0.112057820 -0.018118927 0.375845253 0.075923607 0.923389256
1548339846.587240 0.298770726 -0.029794183 -0.125500560 -0.017658658 0.377508849 0.076260917 0.922691464
1548339846.620760 0.306792110 -0.045642190 -0.118645072 -0.022648541 0.382196575 0.079299994 0.920393586
1548339846.654280 0.304359913 -0.050603453 -0.115714386 -0.025178615 0.384198397 0.081592627 0.919293404
1548339846.687780 0.307912797 -0.036637209 -0.117708266 -0.024905000 0.385179222 0.080900818 0.918951452
1548339846.721300 0.308668613 -0.023686554 -0.114877373 -0.024447495 0.388822705 0.081917487 0.917337894
1548339846.754750 0.295649827 -0.011323368 -0.101092324 -0.023020955 0.393045187 0.083407030 0.915439129
1548339846.788270 0.308980048 -0.016457640 -0.112870395 -0.024701161 0.391751736 0.084893629 0.915813029
1548339846.821790 0.311738998 -0.013165453 -0.111217707 -0.025176588 0.393559903 0.085446097 0.914973140
1548339846.855290 0.306530178 -0.022434153 -0.100740314 -0.028097460 0.395111322 0.085804299 0.914185524
1548339846.888790 0.312602997 -0.005415003 -0.108566858 -0.026738873 0.392874449 0.084046036 0.915353000
1548339846.922220 0.314165890 -0.010566074 -0.105252355 -0.028785683 0.393868685 0.083853111 0.914881229
1548339846.955400 0.297604799 -0.003548748 -0.093759678 -0.027820151 0.394108206 0.083748020 0.914817572
1548339846.988920 0.310150325 0.002093174 -0.106624678 -0.028043652 0.388676584 0.081593364 0.917325795
1548339847.022580 0.322617143 0.006246855 -0.113882460 -0.027609522 0.388407260 0.081300303 0.917479038
1548339847.056210 0.303325742 -0.008947983 -0.093275174 -0.028845105 0.391576618 0.082316048 0.916002095
1548339847.089720 0.312944263 0.003963926 -0.103672229 -0.026412494 0.386285156 0.079825491 0.918539166
1548339847.123300 0.314873785 -0.004732207 -0.109581836 -0.026594972 0.383308947 0.080300301 0.919738472
1548339847.156750 0.313358128 -0.013856644 -0.103630707 -0.027182121 0.380154133 0.080902062 0.920977175
1548339847.190270 0.306217611 -0.011730607 -0.098465040 -0.026769845 0.377369672 0.078910597 0.922306240
1548339847.223780 0.304719120 -0.009122360 -0.101043232 -0.026897641 0.374117017 0.077879332 0.923714161
1548339847.257300 0.300393850 -0.007068377 -0.101674274 -0.026898980 0.372520238 0.077894293 0.924357951
1548339847.290820 0.289509207 0.029392786 -0.095248759 -0.020652242 0.369764239 0.077385284 0.925666988
1548339847.324330 0.304851323 0.018199757 -0.109559476 -0.023071930 0.361707389 0.078399017 0.928702950
1548339847.357850 0.310563058 0.007647397 -0.109919995 -0.025646245 0.358817160 0.079367280 0.929673851
1548339847.391370 0.306991637 0.003488486 -0.107862845 -0.026836852 0.356722832 0.079703026 0.930417180
1548339847.424880 0.303493917 0.012657010 -0.107183024 -0.025744721 0.353407383 0.078822836 0.931787252
1548339847.458410 0.302015543 0.029955611 -0.104851931 -0.023181895 0.351055533 0.077760540 0.932832301
1548339847.491910 0.295541257 0.030309608 -0.101111352 -0.023132218 0.348342448 0.076588802 0.933946848
1548339847.525430 0.307122201 0.026544759 -0.111117028 -0.024574695 0.342598230 0.075039916 0.936157882
1548339847.558960 0.303725749 0.020687427 -0.106905125 -0.025809117 0.341580391 0.074301556 0.936555386
1548339847.592480 0.306952029 0.014680810 -0.108389035 -0.027073599 0.338536263 0.072993726 0.937727094
1548339847.625990 0.318735659 0.013041064 -0.116749138 -0.027258815 0.333969444 0.072584078 0.939389706
1548339847.659510 0.310687542 0.023173895 -0.112266563 -0.026145246 0.334612966 0.069026604 0.939460456
1548339847.693030 0.309862107 0.026726780 -0.112418249 -0.025481477 0.334015489 0.067147866 0.939827383
1548339847.726540 0.308604896 0.022055350 -0.110016078 -0.025593843 0.333273739 0.066092178 0.940162480
1548339847.760060 0.309316307 0.026850834 -0.108646072 -0.024226295 0.331804156 0.064236209 0.940846920
1548339847.793510 0.299321830 0.015926380 -0.101252101 -0.025542792 0.331625760 0.063233860 0.940942824
1548339847.827030 0.299234807 0.016895406 -0.098370761 -0.024574572 0.328928590 0.061956115 0.941999793
1548339847.860540 0.307950854 0.020813901 -0.106204472 -0.023599433 0.326502234 0.060347695 0.942972720
1548339847.894060 0.300386667 0.023886209 -0.098847598 -0.022332167 0.326744974 0.060481381 0.942910969
1548339847.927580 0.291545451 0.029117472 -0.095320672 -0.021655869 0.325014114 0.058112420 0.943673611
1548339847.961090 0.298530161 0.031672630 -0.100224569 -0.021959364 0.321929812 0.057118207 0.944783807
1548339847.994610 0.299610078 0.029883206 -0.098778829 -0.022180451 0.320984364 0.058355413 0.945024788
1548339848.028120 0.290402353 0.034390181 -0.089141577 -0.021732358 0.319456249 0.057078298 0.945630729
1548339848.061640 0.295150518 0.032462902 -0.089540154 -0.021828001 0.315419406 0.057358623 0.946965754
1548339848.095130 0.287518322 0.030890871 -0.088187307 -0.021094181 0.314949811 0.058121309 0.947092235
1548339848.128650 0.289095253 0.029811295 -0.088770092 -0.020280194 0.312008530 0.059450604 0.948000550
1548339848.162190 0.295016944 0.031000767 -0.087980598 -0.019160682 0.306977332 0.059646904 0.949652612
1548339848.195680 0.291860402 0.020649346 -0.085057765 -0.019809378 0.306286514 0.060986213 0.949777305
1548339848.229190 0.277496219 0.022151461 -0.071077324 -0.016750272 0.306702495 0.063303962 0.949550271
1548339848.262710 0.293630809 0.027748711 -0.081470512 -0.013288362 0.299504876 0.065405853 0.951757491
1548339848.296250 0.296335548 0.022753889 -0.084046789 -0.011645042 0.296366602 0.066629164 0.952676117
1548339848.329750 0.305547684 0.021572169 -0.091643408 -0.009421085 0.291973770 0.068530284 0.953921437
1548339848.363260 0.295400828 0.015240294 -0.087964207 -0.007950610 0.289814532 0.069020838 0.954557776
1548339848.396780 0.286973953 0.012779734 -0.085569657 -0.006343377 0.287932426 0.068197332 0.955198288
1548339848.430290 0.273780584 0.013897598 -0.079604946 -0.004642549 0.288351238 0.068197004 0.955081761
1548339848.463810 0.276189983 0.028149281 -0.084531024 -0.001202541 0.285381496 0.067719214 0.956017852
1548339848.497320 0.280511647 0.018562384 -0.084258877 -0.002140565 0.283666283 0.068936758 0.956439614
1548339848.530840 0.284745961 0.021617776 -0.087036550 -0.001275734 0.282359242 0.068573482 0.956853926
1548339848.564340 0.312849700 0.013529904 -0.101221338 -0.002866175 0.277653486 0.071366705 0.958022594
1548339848.597860 0.347471684 0.008331773 -0.114068076 -0.004540410 0.272241473 0.073622964 0.959397614
1548339848.631370 0.384343863 0.021401098 -0.138451949 -0.002657072 0.265721321 0.074939653 0.961129189
1548339848.664890 0.421439439 0.002600659 -0.149952471 -0.007093356 0.260445267 0.078235276 0.962287545
1548339848.698380 0.476337969 -0.024670195 -0.157137617 -0.013267909 0.252124488 0.083086208 0.964030087
1548339848.731620 0.514007568 -0.034145989 -0.165252998 -0.016013652 0.246461526 0.085541777 0.965237319
1548339848.765100 0.568517387 -0.050832797 -0.170570061 -0.020249147 0.239084512 0.089382418 0.966664076
1548339848.798580 0.612256944 -0.049840935 -0.182722941 -0.020257771 0.232421130 0.092777982 0.967968166
1548339848.832080 0.667514861 -0.067927495 -0.187271744 -0.024826715 0.224498719 0.097250767 0.969291627
1548339848.865590 0.720148802 -0.048568949 -0.212457225 -0.022774233 0.216068670 0.098011941 0.971179366
1548339848.899100 0.778004169 -0.011544581 -0.228287667 -0.017665274 0.207912207 0.099503465 0.972912908
1548339848.932420 0.833575845 -0.001541476 -0.234094560 -0.018066691 0.200253174 0.101252839 0.974330664
1548339848.965900 0.863991320 -0.009200904 -0.228028491 -0.021761414 0.197931528 0.101969548 0.974654734
1548339848.999420 0.908158243 -0.006448656 -0.225557819 -0.023796432 0.193355739 0.102609403 0.975458145
1548339849.032940 0.964194536 0.018093688 -0.232692048 -0.021195630 0.185539380 0.101939574 0.977105021
1548339849.066450 0.994192004 0.010052688 -0.226896927 -0.025032265 0.183469728 0.102324486 0.977364838
1548339849.099970 1.023359060 0.025542913 -0.233571365 -0.022810338 0.181587413 0.103772096 0.977618098
1548339849.133480 1.087872863 0.066059440 -0.246685669 -0.016454499 0.171606809 0.105664529 0.979344368
1548339849.166950 1.118573308 0.079918355 -0.258700401 -0.014154303 0.167587698 0.107512645 0.979875088
1548339849.200460 1.085973024 0.071763642 -0.252656341 -0.014411950 0.173989370 0.105146244 0.979011893
1548339849.233980 1.115419149 0.073162235 -0.254372597 -0.014082267 0.171122223 0.107357286 0.979282081
1548339849.267490 1.151389241 0.079911508 -0.261139363 -0.012974732 0.165663511 0.109721161 0.979973793
1548339849.301010 1.089736819 0.066441193 -0.250454962 -0.013046572 0.176842764 0.106743991 0.978346646
1548339849.334800 1.105454922 0.063476302 -0.252379149 -0.012899831 0.175526604 0.109390669 0.978293300
1548339849.368460 1.097512126 0.069627054 -0.252701342 -0.011414776 0.176766992 0.109055027 0.978125870
1548339849.401990 1.114559889 0.069846198 -0.257651210 -0.011634416 0.174590796 0.110613324 0.978339136
1548339849.435500 1.093589306 0.057796281 -0.247854650 -0.013592432 0.178996950 0.111150540 0.977456391
1548339849.469020 1.087778568 0.066450335 -0.245659396 -0.012388499 0.179378092 0.111785606 0.977330089
1548339849.502530 1.086836576 0.062421188 -0.245801553 -0.013711775 0.178692222 0.112170428 0.977393925
1548339849.535900 1.092916012 0.065166846 -0.246330380 -0.014396127 0.177286521 0.112368926 0.977617264
1548339849.569350 1.087786078 0.065510154 -0.244993240 -0.015497729 0.178058758 0.112418540 0.977454364
1548339849.602870 1.089679480 0.061094381 -0.244425163 -0.017723249 0.178057581 0.112173975 0.977444828
1548339849.636380 1.089707375 0.060053680 -0.244775772 -0.018465675 0.177922323 0.112806424 0.977382898
1548339849.669960 1.088932157 0.062641524 -0.243705332 -0.018560011 0.177669212 0.112982854 0.977406800
1548339849.703480 1.088270426 0.059427969 -0.243113667 -0.019775108 0.177901685 0.112249993 0.977425158
1548339849.737000 1.089481473 0.053276796 -0.241084218 -0.021506839 0.178245738 0.112965509 0.977243423
1548339849.770510 1.091249704 0.065160930 -0.243591025 -0.019544313 0.177424893 0.112334773 0.977506757
1548339849.803960 1.092179775 0.058500454 -0.242039248 -0.021080399 0.178182706 0.112134211 0.977359951
1548339849.837480 1.097252011 0.056963127 -0.244170114 -0.021383060 0.178357944 0.112102516 0.977325141
1548339849.871000 1.093638659 0.057515077 -0.240494147 -0.021084469 0.180518165 0.111915678 0.976956248
1548339849.904510 1.100723624 0.054156505 -0.242852330 -0.020830372 0.180172563 0.112156071 0.976997972
1548339849.938030 1.101539373 0.056649983 -0.242576599 -0.019077759 0.181499243 0.112053744 0.976799905
1548339849.971540 1.098721027 0.054174777 -0.242168948 -0.018528776 0.184123382 0.111457132 0.976387560
1548339850.005020 1.111710191 0.047318887 -0.245516285 -0.018830433 0.184124038 0.112077847 0.976310611
1548339850.038540 1.101192236 0.053956810 -0.241618127 -0.016343631 0.187629998 0.111815728 0.975717783
1548339850.072160 1.105401516 0.048530947 -0.243501276 -0.016435258 0.188011125 0.111857995 0.975638032
1548339850.105670 1.097404480 0.054324925 -0.237931997 -0.014846945 0.190666452 0.111618489 0.975175500
1548339850.139090 1.096674323 0.059179477 -0.241407141 -0.013563686 0.190832227 0.111263677 0.975202262
1548339850.172570 1.096543789 0.058491405 -0.240879238 -0.013739297 0.191154033 0.110965259 0.975170791
1548339850.206090 1.101169825 0.054843105 -0.241180047 -0.014524224 0.191024378 0.111822963 0.975086868
1548339850.239610 1.093585014 0.054337423 -0.237680465 -0.014559805 0.192777321 0.112622261 0.974649251
1548339850.273150 1.095889568 0.059264906 -0.237685412 -0.014179438 0.192714185 0.112992533 0.974624515
1548339850.306740 1.103485942 0.052157264 -0.240048468 -0.015924338 0.192034394 0.115245692 0.974467874
1548339850.340250 1.102546215 0.052286670 -0.241177991 -0.016300388 0.191813946 0.116562247 0.974348485
1548339850.373700 1.103924513 0.059713800 -0.240902945 -0.015943434 0.191096678 0.117369264 0.974398494
1548339850.407210 1.099965811 0.066785291 -0.241022468 -0.015784189 0.191158324 0.116931178 0.974441648
1548339850.440800 1.097193599 0.055936500 -0.236102760 -0.018922340 0.191259950 0.117343105 0.974316299
1548339850.474340 1.099153519 0.059487492 -0.237955615 -0.019504437 0.190329656 0.116734460 0.974560082
1548339850.507890 1.102174997 0.056291368 -0.239617109 -0.020735405 0.189108282 0.116397686 0.974812627
1548339850.541460 1.101786494 0.052877877 -0.238276482 -0.021900220 0.188947052 0.115933456 0.974873781
1548339850.574970 1.103655100 0.049165275 -0.238630742 -0.022566834 0.189014837 0.115715586 0.974871278
1548339850.608440 1.106197953 0.050356012 -0.240322098 -0.022421822 0.189224303 0.115295768 0.974883795
1548339850.641960 1.109026670 0.051876057 -0.241552949 -0.021949615 0.188915804 0.115105182 0.974976838
1548339850.675470 1.105629563 0.050132126 -0.238441885 -0.022123171 0.190208077 0.113716528 0.974884629
1548339850.708990 1.101758242 0.050818868 -0.237933367 -0.021874994 0.192163661 0.112514101 0.974646211
1548339850.742460 1.101662517 0.055702064 -0.237494886 -0.020734901 0.192572981 0.111480974 0.974709094
1548339850.775960 1.102681518 0.057162348 -0.238802403 -0.020305345 0.192539260 0.110153258 0.974875689
1548339850.809500 1.098977089 0.053969130 -0.235814765 -0.020736238 0.194215000 0.108560875 0.974712849
1548339850.843010 1.101151228 0.050678369 -0.236802325 -0.020553136 0.194343179 0.108654991 0.974680722
1548339850.876530 1.095099807 0.045208428 -0.234045744 -0.020867378 0.195562273 0.107924439 0.974511325
1548339850.910040 1.094645143 0.047277350 -0.234524846 -0.019684691 0.195943639 0.108074188 0.974442720
1548339850.943330 1.092965841 0.049819700 -0.232638091 -0.018345665 0.196385399 0.108587742 0.974322796
1548339850.976830 1.091387987 0.046413414 -0.232336074 -0.018453430 0.196782261 0.109121948 0.974180996
