1548339819.874260 0.000000000 0.000000000 0.000000000 0.000000000 0.000000000 0.000000000 1.000000000
1548339819.907610 0.003515548 -0.002656155 0.000520756 -0.000358965 0.002476779 0.001738171 0.999995351
1548339819.941050 0.003033089 -0.001929547 -0.000149784 -0.000240688 0.004755497 0.003670172 0.999981940
1548339819.974550 0.004096815 -0.003931728 -0.000097755 -0.000604299 0.006292933 0.005330340 0.999965787
1548339820.008060 0.008706682 -0.009360724 -0.000522426 -0.001429647 0.007689427 0.006632208 0.999947429
1548339820.041580 0.013404387 -0.010488773 -0.000790943 -0.001450366 0.009501815 0.008449086 0.999918103
1548339820.075100 0.017040541 -0.014634104 -0.000599487 -0.002133620 0.011935224 0.009904701 0.999877453
1548339820.108610 0.026145579 -0.015242726 -0.001929856 -0.002067474 0.014030571 0.011423827 0.999834180
1548339820.142140 0.030130094 -0.017877385 -0.001974914 -0.002877398 0.018084262 0.011815412 0.999762535
1548339820.175640 0.030943858 -0.019595215 -0.001087865 -0.003641024 0.022718897 0.012372666 0.999658704
1548339820.209170 0.036532294 -0.020081718 -0.002012892 -0.004067442 0.025968004 0.012754926 0.999573112
1548339820.242690 0.036900539 -0.021209754 -0.001102244 -0.004762995 0.030727802 0.012429766 0.999439180
1548339820.276200 0.042944863 -0.022370957 -0.001934666 -0.005192781 0.034696963 0.012161288 0.999310374
1548339820.309720 0.043359403 -0.023875101 -0.001664253 -0.005350561 0.039835371 0.012106487 0.999118567
1548339820.343240 0.047893308 -0.021256847 -0.001236329 -0.004655525 0.043740541 0.012381434 0.998955369
1548339820.376770 0.048279647 -0.019827403 -0.000880709 -0.004793276 0.048711885 0.012325874 0.998725295
1548339820.410300 0.047681451 -0.018704448 0.001360559 -0.005715510 0.053839054 0.012247432 0.998458147
1548339820.443820 0.069555409 -0.018368607 -0.008107189 -0.006745850 0.055634439 0.011880508 0.998357713
1548339820.477340 0.073633805 -0.011552058 -0.005741510 -0.006975642 0.061337356 0.012864788 0.998009801
1548339820.510870 0.071893312 -0.006257312 -0.008480622 -0.007312812 0.066636875 0.014050431 0.997651577
1548339820.544380 0.073221870 -0.006192589 -0.004151697 -0.009127412 0.071046919 0.014973922 0.997318804
1548339820.577900 0.078178965 -0.003502744 -0.006249752 -0.010700848 0.075475454 0.015881564 0.996963739
1548339820.611410 0.085054405 -0.000960752 -0.003637341 -0.012514128 0.080386676 0.017073549 0.996538937
1548339820.644930 0.085149214 -0.000667619 -0.000486746 -0.014173484 0.085809030 0.018382171 0.996041179
1548339820.678910 0.082232259 0.000103604 0.001876824 -0.015068344 0.091703705 0.019607486 0.995479226
1548339820.712510 0.086484447 0.001253418 0.000758209 -0.016030185 0.096113302 0.020509206 0.995029986
1548339820.746060 0.092914693 0.000962944 -0.001669418 -0.017472066 0.100596987 0.022399580 0.994521618
1548339820.779820 0.088763744 0.006039761 0.000972300 -0.018331507 0.105082110 0.023941208 0.994006276
1548339820.813430 0.103952408 0.003939984 -0.001704615 -0.020670542 0.106384829 0.024710946 0.993802965
1548339820.846980 0.106929302 0.006313047 0.001164634 -0.022327352 0.111609504 0.025043823 0.993185580
1548339820.880510 0.101855844 0.011692192 0.003613547 -0.023711110 0.118226215 0.025377234 0.992379129
1548339820.914340 0.097387597 0.007719760 0.005545482 -0.026252894 0.123759396 0.026453275 0.991612136
1548339820.947900 0.092155613 0.007700529 0.007970555 -0.027375167 0.126986146 0.027355505 0.991149247
1548339820.981410 0.100436591 0.012350775 0.008321091 -0.028022738 0.128423408 0.027831446 0.990932643
1548339821.014930 0.107798241 0.012601019 0.007649174 -0.029273100 0.131564245 0.028930400 0.990452886
1548339821.048450 0.113995269 0.008943339 0.008957798 -0.031139463 0.136223465 0.031468913 0.989688456
1548339821.081970 0.119783163 0.011287159 0.008304299 -0.031257275 0.140770867 0.033232629 0.988990426
1548339821.115480 0.118371308 0.010163277 0.011217328 -0.031652927 0.146947190 0.035312712 0.988006890
1548339821.149030 0.117519125 0.004705658 0.011712367 -0.032181486 0.151537821 0.037990827 0.987196684
1548339821.182550 0.127018794 0.002914754 0.009671743 -0.031540599 0.154662564 0.040145613 0.986647367
1548339821.216070 0.130187854 0.000242713 0.011656987 -0.030738873 0.160418198 0.041738611 0.985687077
1548339821.249610 0.126572460 -0.005220683 0.013196819 -0.030065680 0.165437892 0.043446582 0.984803915
1548339821.283120 0.134469599 -0.004435183 0.007866805 -0.028087107 0.168003276 0.044170171 0.984395742
1548339821.316640 0.136368036 -0.003452206 0.008463626 -0.026129613 0.172919422 0.045524240 0.983536303
1548339821.350150 0.136047825 -0.007015863 0.007067271 -0.024930922 0.177501604 0.046873327 0.982687354
1548339821.383670 0.138846442 -0.012371062 0.006594786 -0.024002802 0.180327758 0.047912043 0.982145727
1548339821.417120 0.146181270 -0.007879059 0.002760129 -0.021729767 0.183275551 0.047960144 0.981650472
1548339821.450640 0.150438368 -0.019001992 -0.003535446 -0.021902245 0.187417686 0.049055319 0.980810106
1548339821.484150 0.147300690 -0.019593460 -0.003333522 -0.020335617 0.191808254 0.050023694 0.979945719
1548339821.517670 0.149903744 -0.014219485 -0.004764527 -0.018030232 0.195490390 0.050314959 0.979248106
1548339821.551190 0.152306154 -0.016116593 -0.007233181 -0.017279819 0.200414702 0.051190469 0.978220284
1548339821.584790 0.155431792 -0.014212906 -0.007527580 -0.016075915 0.206018522 0.052009571 0.977032721
1548339821.618300 0.153024897 -0.020126531 -0.005075699 -0.015843417 0.210604921 0.054025427 0.975948632
1548339821.651730 0.160627335 -0.024907716 -0.008985837 -0.015688563 0.212662667 0.055338588 0.975431204
1548339821.685510 0.156492487 -0.021926923 -0.008224895 -0.014295517 0.217458367 0.056330327 0.974337935
1548339821.719030 0.154363409 -0.022806196 -0.004591441 -0.013623095 0.221131936 0.057915498 0.973427415
1548339821.752540 0.159772485 -0.026659735 -0.008435256 -0.013202117 0.222863391 0.059341680 0.972952306
1548339821.786080 0.164646164 -0.021854669 -0.010347770 -0.011451041 0.225437388 0.059993252 0.972341359
1548339821.819630 0.165684283 -0.027839966 -0.008536039 -0.011571068 0.228608325 0.061537530 0.971502662
1548339821.853150 0.167637557 -0.029200841 -0.011815035 -0.010935019 0.230439007 0.062292740 0.971029341
1548339821.886670 0.169333667 -0.025244320 -0.009972830 -0.009654192 0.233581454 0.062092010 0.970304608
1548339821.920180 0.170715749 -0.024476627 -0.013109084 -0.008964041 0.237201944 0.063091502 0.969367981
1548339821.953690 0.163310692 -0.024351217 -0.008749379 -0.008541727 0.241152316 0.063498780 0.968370020
1548339821.987170 0.172828704 -0.024472235 -0.011427448 -0.008495499 0.242391214 0.064003274 0.968027830
1548339822.020690 0.173286498 -0.018723259 -0.011018710 -0.007661795 0.245628670 0.063843913 0.967228889
1548339822.054200 0.178699255 -0.028805688 -0.013360420 -0.009641581 0.248110756 0.065009706 0.966499746
1548339822.087720 0.178666338 -0.026772153 -0.012394353 -0.009496567 0.250940412 0.065012880 0.965770185
1548339822.121230 0.183958188 -0.019419633 -0.013841121 -0.008550217 0.253914416 0.064969480 0.965004325
1548339822.154780 0.187372491 -0.024746599 -0.013262171 -0.009321887 0.257681727 0.066399105 0.963900626
1548339822.188290 0.187272206 -0.025323546 -0.010919082 -0.009183032 0.261186749 0.066984683 0.962917507
1548339822.221780 0.191470727 -0.025294637 -0.014628966 -0.009026022 0.264968783 0.067859538 0.961823881
1548339822.255270 0.188833699 -0.028293930 -0.013000764 -0.009106417 0.269811124 0.069108419 0.960386932
1548339822.288760 0.191833019 -0.028503258 -0.012506767 -0.008694825 0.272656143 0.069910415 0.959528804
1548339822.322270 0.196942613 -0.027755709 -0.018256813 -0.008330629 0.275127679 0.070271894 0.958799899
1548339822.355750 0.192259893 -0.028856389 -0.013233119 -0.007806346 0.279837698 0.071487501 0.957350194
1548339822.389300 0.194398820 -0.032269120 -0.012236028 -0.007911733 0.282300830 0.072033249 0.956584990
1548339822.422830 0.202411264 -0.036889762 -0.018144932 -0.008288835 0.284202516 0.073135301 0.955934882
1548339822.456340 0.203047901 -0.028229337 -0.017117441 -0.006362560 0.288529843 0.073099978 0.954655170
1548339822.489850 0.233774826 -0.044609934 -0.027471840 -0.008984096 0.286526829 0.075000674 0.955089808
1548339822.523330 0.231361568 -0.043261468 -0.030553520 -0.008064442 0.289203644 0.074961193 0.954293966
1548339822.556840 0.233393952 -0.038012858 -0.034477472 -0.007137973 0.293415815 0.074585572 0.953044176
1548339822.590300 0.229872614 -0.041078623 -0.026830642 -0.007790829 0.297462255 0.075228624 0.951733232
1548339822.623760 0.234078795 -0.041525926 -0.029734565 -0.007884366 0.298277199 0.075115152 0.951486349
1548339822.657260 0.234423995 -0.037540842 -0.033368692 -0.007358068 0.301685095 0.074604385 0.950455725
1548339822.690760 0.231969401 -0.037062574 -0.029720061 -0.007318832 0.305936575 0.075305879 0.949040711
1548339822.724280 0.230073020 -0.041408192 -0.027582590 -0.007804418 0.307694435 0.075996578 0.948413312
1548339822.757790 0.229101703 -0.041154277 -0.029656308 -0.007613419 0.309945017 0.075798728 0.947697580
1548339822.791300 0.232909694 -0.042227075 -0.033321559 -0.007767447 0.313361824 0.076833986 0.946488559
1548339822.824760 0.233300284 -0.043400746 -0.029704636 -0.007488954 0.316575736 0.078324787 0.945298374
1548339822.858280 0.236304820 -0.036411721 -0.033699926 -0.006464633 0.318329930 0.078419805 0.944708705
1548339822.891770 0.234571889 -0.038218915 -0.034611318 -0.007218743 0.322761655 0.078575686 0.943185389
1548339822.925230 0.237865970 -0.035557989 -0.037995774 -0.007623703 0.326664090 0.079300635 0.941776991
1548339822.958730 0.241200522 -0.037763748 -0.038822532 -0.008885933 0.330193549 0.080955774 0.940393209
1548339822.992250 0.240571767 -0.035209358 -0.036858659 -0.009213091 0.333742380 0.081571646 0.939083159
1548339823.025780 0.242794633 -0.033744805 -0.042254940 -0.009801211 0.336968750 0.082475163 0.937845290
1548339823.059350 0.246441767 -0.033231631 -0.039693583 -0.011049844 0.339250326 0.083100729 0.936953247
1548339823.092810 0.248458713 -0.032699183 -0.041095652 -0.011940540 0.340821058 0.083357960 0.936349213
1548339823.126300 0.249193892 -0.029390523 -0.042953663 -0.012523617 0.343140930 0.082766436 0.935546458
1548339823.159840 0.248104796 -0.029319707 -0.041996889 -0.013207325 0.346800685 0.082717963 0.934190869
1548339823.193360 0.247922376 -0.031737912 -0.039756685 -0.013999283 0.348928750 0.083279610 0.933336616
1548339823.226870 0.256636769 -0.034774255 -0.045172274 -0.015185171 0.348963827 0.083793916 0.933258951
1548339823.260390 0.252908140 -0.026694747 -0.043971725 -0.014315968 0.351687998 0.083423704 0.932282746
1548339823.293900 0.255851388 -0.027184635 -0.046371244 -0.015277415 0.352867067 0.083419792 0.931822181
1548339823.327410 0.253927857 -0.022875426 -0.045925293 -0.015372324 0.355631858 0.083325170 0.930777431
1548339823.360930 0.254621685 -0.027663546 -0.044552956 -0.016682252 0.358082086 0.084631421 0.929696977
1548339823.394950 0.259671360 -0.028462119 -0.047572508 -0.017419856 0.358620822 0.085069418 0.929435730
1548339823.428580 0.255565315 -0.020522615 -0.047463134 -0.016615098 0.361336589 0.084793769 0.928423285
1548339823.462370 0.259360731 -0.017042588 -0.049092107 -0.016869422 0.363771528 0.085583255 0.927394867
1548339823.495880 0.262026101 -0.016790155 -0.048698623 -0.017627535 0.365242839 0.086277731 0.926737905
1548339823.529400 0.266887546 -0.019631350 -0.049032852 -0.018945109 0.365773410 0.087014534 0.926433682
1548339823.562640 0.266713768 -0.017520115 -0.049809005 -0.019371159 0.366631180 0.086941101 0.926092625
1548339823.596340 0.267989039 -0.012454287 -0.053536884 -0.019193320 0.368329436 0.086722143 0.925442755
1548339823.629940 0.272350371 -0.010463725 -0.054491833 -0.019662362 0.370289028 0.086960144 0.924628198
1548339823.663460 0.272499919 -0.011885125 -0.051637173 -0.020755801 0.371399462 0.087339357 0.924123108
1548339823.696890 0.274996161 -0.010793072 -0.054526262 -0.021817008 0.371815532 0.086806320 0.923981547
1548339823.730340 0.294354647 -0.006507803 -0.078063369 -0.023238773 0.370278597 0.088718437 0.924382389
1548339823.763860 0.298597962 -0.008127271 -0.074774548 -0.025001908 0.371718258 0.089789428 0.923654854
1548339823.797370 0.297844082 -0.005494187 -0.073168404 -0.025840357 0.372698605 0.089871943 0.923228621
1548339823.830890 0.295480579 -0.001477767 -0.073571764 -0.026450360 0.374774516 0.089340702 0.922422171
1548339823.864420 0.293401122 -0.004155819 -0.066321835 -0.027594004 0.377323508 0.090522014 0.921233594
1548339823.897980 0.295802981 -0.003404113 -0.067134611 -0.027665945 0.376386553 0.091376148 0.921530306
1548339823.931450 0.294171900 -0.001608988 -0.066726156 -0.027654953 0.377159059 0.091353700 0.921216965
1548339823.964950 0.295555681 -0.003921454 -0.066331498 -0.028047351 0.377076805 0.092443831 0.921130061
1548339823.998320 0.303115875 -0.002075927 -0.072414301 -0.027676394 0.374969870 0.092655495 0.921979725
1548339824.031810 0.305328876 0.001157728 -0.076811209 -0.026864626 0.375483185 0.093057118 0.921754301
1548339824.065350 0.304215670 -0.001104029 -0.076482654 -0.027259355 0.376733214 0.093098834 0.921228349
1548339824.098840 0.303904086 0.009861644 -0.079147495 -0.025728572 0.378365010 0.092325382 0.920681238
1548339824.132360 0.308224589 0.007461049 -0.081846796 -0.026651368 0.379663348 0.092892140 0.920063317
1548339824.165880 0.312573344 0.003874402 -0.082448371 -0.027217440 0.380560875 0.094154142 0.919547498
1548339824.199390 0.310574681 0.006229809 -0.081506073 -0.026308252 0.381910443 0.094496347 0.918979168
1548339824.232910 0.311490655 0.006427942 -0.084147230 -0.025824597 0.382404447 0.094770327 0.918759227
1548339824.266420 0.314939857 0.006560166 -0.087571353 -0.025465036 0.382982850 0.094971225 0.918507576
1548339824.299940 0.311669320 0.010568528 -0.086456098 -0.024613043 0.385588765 0.094600320 0.917478204
1548339824.333460 0.311860651 0.011169657 -0.087508321 -0.024384027 0.387116730 0.094669886 0.916833520
1548339824.366970 0.316809505 0.015495051 -0.092100121 -0.023556694 0.387669623 0.094537921 0.916635096
1548339824.400490 0.320255697 0.018204672 -0.097484626 -0.022726694 0.389422327 0.094435491 0.915923417
1548339824.434000 0.327074885 0.016513705 -0.105254658 -0.022703676 0.390949100 0.094740853 0.915241778
1548339824.467380 0.332705706 0.009948486 -0.103572376 -0.022965139 0.392450273 0.095744565 0.914488018
1548339824.500880 0.328931987 0.006249387 -0.107488647 -0.022576163 0.395023733 0.094929352 0.913474143
1548339824.534410 0.333201319 0.006761176 -0.106331140 -0.020844957 0.397852093 0.096456580 0.912126839
1548339824.567540 0.336424708 0.002000506 -0.108114921 -0.019481478 0.397430897 0.097546019 0.912224710
1548339824.601040 0.340875864 -0.002396376 -0.112790287 -0.017922420 0.395445734 0.097534955 0.913120151
1548339824.634510 0.342937350 0.006546962 -0.122871734 -0.014758877 0.396334857 0.096332714 0.912918866
1548339824.668030 0.343889147 -0.000503517 -0.121583827 -0.013954195 0.398449898 0.098042652 0.911828160
1548339824.701540 0.354701698 -0.004711302 -0.129952610 -0.013078758 0.396186382 0.098415419 0.912786782
1548339824.735090 0.351199508 0.011751223 -0.136532217 -0.009235309 0.398515373 0.096095100 0.912066877
1548339824.768620 0.355859458 -0.001016175 -0.132688865 -0.009824245 0.401117682 0.098057836 0.910710037
1548339824.802150 0.361471266 -0.016604209 -0.132363111 -0.010529306 0.399712861 0.099340402 0.911180675
1548339824.835670 0.357859343 0.002810612 -0.139806375 -0.006375418 0.398793340 0.095706023 0.912010729
1548339824.869180 0.355830550 -0.002715928 -0.138136789 -0.005930902 0.399912268 0.095449790 0.911550522
1548339824.902700 0.357406348 0.001010021 -0.140577957 -0.004552756 0.398193091 0.093395159 0.912523389
1548339824.936240 0.357965022 0.005109604 -0.144063905 -0.003567295 0.397679210 0.090788662 0.913014770
1548339824.969910 0.359794289 -0.000436435 -0.145302385 -0.003795456 0.397219598 0.090053193 0.913286686
1548339825.003430 0.370265156 0.001652505 -0.154154211 -0.003526070 0.393942833 0.087903090 0.914915085
1548339825.036790 0.373203665 0.008951435 -0.158972934 -0.002392370 0.394120753 0.085650228 0.915055811
1548339825.070300 0.369567186 0.004257645 -0.154027507 -0.002672832 0.395560026 0.085248880 0.914471269
1548339825.103970 0.375943333 0.004392181 -0.156857282 -0.002164724 0.394308418 0.084716082 0.915062487
1548339825.137490 0.373295873 0.010942607 -0.157321200 -0.000586634 0.394908547 0.083896033 0.914881587
1548339825.170850 0.379838020 0.005734037 -0.158265501 -0.000961661 0.393866956 0.085771956 0.915156305
1548339825.204370 0.379976153 0.004282649 -0.157208174 -0.001485374 0.392196327 0.086592831 0.915795565
1548339825.238370 0.387067556 0.002557685 -0.160329089 -0.002706711 0.389130145 0.088942967 0.916874886
1548339825.271800 0.384241104 0.009087434 -0.151165187 -0.003514142 0.386851996 0.090966165 0.917637348
1548339825.305320 0.399065018 -0.004424933 -0.163070500 -0.008395003 0.378236115 0.094136618 0.920872033
1548339825.338910 0.399935007 0.003368027 -0.162420705 -0.010313734 0.369895190 0.094711356 0.924175799
1548339825.372350 0.398797125 0.001214988 -0.155284047 -0.013806823 0.363368392 0.096749611 0.926505446
1548339825.405870 0.394776940 0.005833307 -0.149014294 -0.015446014 0.357318074 0.099338233 0.928556502
1548339825.439350 0.393445909 0.011977339 -0.143506363 -0.016745226 0.348538756 0.099934250 0.931801200
1548339825.472840 0.385282189 0.004806028 -0.133616805 -0.019001961 0.343298465 0.101067089 0.933579445
1548339825.506360 0.413716704 0.005078869 -0.153689876 -0.019860325 0.335300535 0.102269687 0.936333299
1548339825.539900 0.425771624 -0.001651437 -0.156220466 -0.020370387 0.329274833 0.103132799 0.938363850
1548339825.573420 0.412475169 0.002124543 -0.138267905 -0.017696338 0.325224608 0.101784453 0.939976454
1548339825.606900 0.439218134 0.009437860 -0.163268715 -0.015069283 0.314750254 0.100825734 0.943683922
1548339825.640420 0.436902046 0.012629985 -0.158300802 -0.012716249 0.313152522 0.100037061 0.944333792
1548339825.673970 0.436687738 0.006750980 -0.155432194 -0.011992957 0.308007449 0.099512704 0.946089208
1548339825.707480 0.439535439 0.021945802 -0.157143340 -0.009243053 0.303126067 0.096618310 0.947994769
1548339825.740970 0.438208222 0.022971025 -0.151323661 -0.008914247 0.302457243 0.096122779 0.948261857
1548339825.774440 0.444748968 0.016407922 -0.151047811 -0.009417737 0.297266036 0.097559504 0.949750662
1548339825.807960 0.461234778 0.012783348 -0.157619447 -0.009850440 0.287240744 0.096997656 0.952883601
1548339825.841420 0.458717674 0.014827164 -0.153401032 -0.009756813 0.283931822 0.096129313 0.953963637
1548339825.874930 0.459838271 0.015378968 -0.149463728 -0.010020141 0.279400408 0.096857399 0.955224395
1548339825.908450 0.454356551 0.015534638 -0.136853889 -0.010563666 0.274889469 0.097810350 0.956429482
1548339825.941960 0.455742031 0.018495964 -0.136237830 -0.010835763 0.269001156 0.097310379 0.958150148
1548339825.975480 0.445435017 0.019809488 -0.125108838 -0.011565065 0.266455799 0.097966991 0.958785653
1548339826.009050 0.448064923 0.019142846 -0.120742761 -0.013439565 0.261919141 0.097979508 0.960009217
1548339826.042570 0.455201328 0.019338692 -0.112565003 -0.014356139 0.256484777 0.099231765 0.961333692
1548339826.076030 0.472947657 0.011051061 -0.113051899 -0.016020903 0.246084094 0.098891512 0.964057267
1548339826.109540 0.474588394 0.014598084 -0.109576926 -0.015403025 0.241368428 0.096953362 0.965455353
1548339826.143160 0.472972274 0.010368655 -0.103655241 -0.015896110 0.240482450 0.096408740 0.965722978
1548339826.176680 0.464385986 0.006323847 -0.093318425 -0.015044441 0.237244889 0.094931826 0.966683209
1548339826.210440 0.467178643 0.011987693 -0.090168029 -0.012565600 0.230671316 0.091631949 0.968626022
1548339826.244040 0.463023752 0.012363120 -0.080636829 -0.010765277 0.227733597 0.088773675 0.969608545
1548339826.277550 0.464901298 0.007965717 -0.078509547 -0.009781959 0.224459991 0.087059721 0.970537305
1548339826.311070 0.461199254 0.006452348 -0.071843080 -0.008139748 0.220007196 0.084484860 0.971798778
1548339826.344590 0.461008251 0.011554536 -0.071034223 -0.006288732 0.217819810 0.081638299 0.972548306
1548339826.378100 0.460825801 0.010739058 -0.067841776 -0.005644001 0.215228081 0.080875896 0.973192751
1548339826.411530 0.456742495 0.008250306 -0.059992339 -0.005645435 0.211546242 0.079701550 0.974096477
1548339826.444260 0.459092110 0.011735512 -0.055313099 -0.005006084 0.207632810 0.078334175 0.975052476
1548339826.477650 0.458198518 0.010687748 -0.049629662 -0.005173453 0.205316469 0.077778392 0.975586414
1548339826.511110 0.456574202 0.004890335 -0.047538530 -0.005770551 0.202825591 0.078091465 0.976078987
1548339826.544630 0.454982728 -0.004054233 -0.044755045 -0.005746915 0.198369965 0.078694880 0.976945996
1548339826.578140 0.463450253 0.004064343 -0.048133247 -0.003208103 0.192643389 0.077358536 0.978209555
1548339826.611600 0.457500666 0.003672527 -0.042350639 -0.001950158 0.191528127 0.077197343 0.978444576
1548339826.645100 0.461618841 -0.002786832 -0.041093402 -0.001678892 0.187683001 0.078034729 0.979123533
1548339826.678610 0.470024318 0.004738705 -0.043046292 0.000739371 0.182725236 0.077018641 0.980142415
1548339826.712130 0.467512667 -0.002531131 -0.040528174 0.000564097 0.181120515 0.076508924 0.980480254
1548339826.745640 0.460458636 -0.014622631 -0.040401667 0.000157032 0.179630056 0.076516211 0.980753958
1548339826.779160 0.460470468 -0.017171251 -0.034320325 0.001673764 0.175563663 0.075578891 0.981561244
1548339826.812690 0.460833579 -0.013550987 -0.034325853 0.004327488 0.172533348 0.074013278 0.982209563
1548339826.846270 0.462957472 -0.018068504 -0.035628997 0.005475176 0.169330239 0.073704131 0.982784331
1548339826.879800 0.460069746 -0.021077242 -0.035725325 0.006796765 0.165681705 0.072646655 0.983476460
1548339826.913320 0.457820773 -0.012628029 -0.036534261 0.009503773 0.163464978 0.070364870 0.983990729
1548339826.946840 0.457696110 -0.016275849 -0.036522258 0.009979191 0.162713572 0.070828982 0.984077215
1548339826.980360 0.454117179 -0.025149642 -0.034645036 0.009351779 0.160046428 0.071523234 0.984470487
1548339827.013960 0.457334876 -0.012595803 -0.036835916 0.011431275 0.156765595 0.069088705 0.985150039
1548339827.047480 0.454018801 -0.009964739 -0.036812004 0.011657503 0.158440962 0.069529526 0.984848320
1548339827.080990 0.448798120 -0.019466124 -0.034755882 0.010218735 0.158087119 0.071230911 0.984799564
1548339827.114530 0.454500794 -0.017028017 -0.036662020 0.010617621 0.155131549 0.071460485 0.985248685
1548339827.148160 0.458959550 -0.016935967 -0.038052551 0.010589126 0.155424222 0.072718017 0.985110819
1548339827.181690 0.447870433 -0.026967030 -0.036268603 0.009879128 0.156935528 0.075074352 0.984701753
1548339827.215610 0.450166196 -0.019462248 -0.039413381 0.011581668 0.156043023 0.075179875 0.984816968
1548339827.249130 0.448870391 -0.017378846 -0.041414041 0.012389151 0.158042163 0.076729447 0.984368742
1548339827.282700 0.445571691 -0.024998564 -0.038767364 0.011760686 0.158691108 0.078196205 0.984156609
1548339827.316230 0.452084213 -0.033113260 -0.044648815 0.011298540 0.156921268 0.078338377 0.984434426
1548339827.349750 0.457580715 -0.022181468 -0.053965986 0.013461695 0.158306375 0.076105401 0.984360635
1548339827.383270 0.436089724 -0.034458995 -0.044280097 0.012343952 0.165921241 0.077444836 0.983015776
1548339827.416800 0.443567693 -0.035634141 -0.045252439 0.013237706 0.164353371 0.078027144 0.983221531
1548339827.450310 0.446023732 -0.030876830 -0.052673634 0.014861716 0.164822653 0.076419942 0.983245969
1548339827.483830 0.438402027 -0.031817362 -0.051744051 0.015744371 0.169655323 0.077054605 0.982360303
1548339827.517350 0.426773518 -0.037413403 -0.049295012 0.016549489 0.171610907 0.079287469 0.981829584
1548339827.550870 0.419148237 -0.032822996 -0.049982298 0.017767981 0.171463683 0.077324383 0.981990576
1548339827.584380 0.414135545 -0.037205067 -0.051015828 0.017140400 0.173762247 0.077155448 0.981610894
1548339827.617900 0.406257272 -0.041198667 -0.051364999 0.016886177 0.174819186 0.078868218 0.981291473
1548339827.651410 0.409564227 -0.038333163 -0.057568043 0.016946353 0.171424419 0.077975415 0.981960475
1548339827.684920 0.407484889 -0.039546855 -0.058847990 0.015751913 0.173190638 0.076620065 0.981777072
1548339827.718440 0.399601489 -0.036807794 -0.061357457 0.015560599 0.176897466 0.078599371 0.980962455
1548339827.751950 0.395503253 -0.036398306 -0.062234659 0.015872132 0.176423028 0.080867857 0.980858505
1548339827.785410 0.381006777 -0.048168935 -0.059742238 0.013850504 0.177755535 0.082065091 0.980549097
1548339827.818870 0.379458725 -0.039144721 -0.061073016 0.014613148 0.177742988 0.082886681 0.980471194
1548339827.852330 0.373940766 -0.045732554 -0.064726561 0.012647322 0.178676054 0.084345877 0.980204403
1548339827.885210 0.360176325 -0.040896207 -0.062253550 0.011771486 0.181859955 0.084733568 0.979596138
1548339827.918710 0.363321573 -0.030306412 -0.064430095 0.011651062 0.181710765 0.085134231 0.979590535
1548339827.952230 0.375599623 -0.026127394 -0.074467331 0.009902447 0.179336220 0.085172370 0.980043948
1548339827.985740 0.364969611 -0.035364095 -0.073833413 0.006184324 0.181387886 0.085618131 0.979657948
1548339828.019260 0.353346139 -0.032911800 -0.067679539 0.003787319 0.184235454 0.084987752 0.979193509
1548339828.052780 0.349809408 -0.035093766 -0.065647706 0.001204210 0.185011521 0.085240625 0.979031801
1548339828.086290 0.353217304 -0.031359151 -0.071931742 -0.000415160 0.183622673 0.085129887 0.979303539
1548339828.119810 0.350774616 -0.029656524 -0.073119782 -0.002536332 0.183757901 0.084704824 0.979311824
1548339828.153340 0.351997197 -0.037778161 -0.072806709 -0.006268031 0.183418617 0.085257091 0.979310751
1548339828.187320 0.342562318 -0.035948932 -0.070877410 -0.008486312 0.184229597 0.084512435 0.979206383
1548339828.220890 0.344479680 -0.023652602 -0.073070608 -0.009589260 0.183915004 0.083031684 0.979381979
1548339828.254410 0.338422269 -0.021391394 -0.070812464 -0.011961272 0.186242417 0.082317740 0.978976250
1548339828.287930 0.337931335 -0.026976310 -0.069257841 -0.014473863 0.187394500 0.083778612 0.978598475
1548339828.321440 0.342630446 -0.030623060 -0.070025913 -0.016280688 0.186574697 0.083994791 0.978708148
1548339828.354960 0.335119456 -0.025671218 -0.069114327 -0.016159315 0.187498420 0.083081082 0.978611648
1548339828.388470 0.340274513 -0.016718496 -0.072965153 -0.015830908 0.186843932 0.081382520 0.978884876
1548339828.421990 0.331404477 -0.022691131 -0.065541498 -0.017148858 0.189982936 0.081325643 0.978263021
1548339828.455510 0.336664200 -0.027715581 -0.070184797 -0.017211631 0.189120904 0.082823232 0.978303313
1548339828.489020 0.341218323 -0.012750915 -0.071834370 -0.015789894 0.188235670 0.079932876 0.978738308
1548339828.522540 0.355256706 -0.006495831 -0.077218100 -0.015252785 0.187799871 0.078846529 0.978918672
1548339828.556050 0.340472400 -0.008506914 -0.079952858 -0.015307408 0.193378955 0.077963069 0.977901876
1548339828.589560 0.333510429 0.007858057 -0.074995421 -0.011912606 0.198738530 0.077190630 0.976935327
1548339828.623050 0.334046006 0.014118357 -0.074062169 -0.010070953 0.200423196 0.076080479 0.976698935
1548339828.656540 0.337727994 0.014020845 -0.079246148 -0.009223165 0.202502638 0.075623296 0.976313829
1548339828.690050 0.348061085 0.004930987 -0.082645930 -0.010582069 0.204831749 0.075448908 0.975827575
1548339828.723350 0.325243473 0.019973222 -0.079470679 -0.007129577 0.212615803 0.074703790 0.974249959
1548339828.756800 0.318824261 0.009108126 -0.075604975 -0.007903321 0.214206189 0.075613573 0.973825336
1548339828.790260 0.319942772 0.009547824 -0.078357533 -0.007556950 0.214720652 0.075391985 0.973731995
1548339828.823730 0.306552917 0.013664779 -0.076867759 -0.006354742 0.217493549 0.075988978 0.973078549
1548339828.857290 0.300505459 0.017396698 -0.078261361 -0.005897706 0.215990007 0.075414121 0.973460972
1548339828.890860 0.303466976 0.022637114 -0.080471553 -0.006105829 0.215136573 0.074618511 0.973709941
1548339828.924380 0.296005338 0.018486289 -0.076494060 -0.007762636 0.217111468 0.075535923 0.973188937
1548339828.957890 0.295292825 0.017582577 -0.078429006 -0.008269353 0.216908827 0.076905660 0.973122656
1548339828.991410 0.298765451 0.016571075 -0.078816526 -0.008884511 0.216899529 0.078089841 0.973025024
1548339829.024920 0.299886376 0.016456256 -0.080205843 -0.009062750 0.218990356 0.080238134 0.972380042
1548339829.058440 0.295233846 0.012769499 -0.080134556 -0.009265195 0.220257282 0.082154162 0.971931875
1548339829.092240 0.292892426 0.000422384 -0.078690432 -0.010759978 0.219913214 0.083389655 0.971889138
1548339829.125770 0.299765795 0.003493609 -0.083037242 -0.009294938 0.218753085 0.084087536 0.972105980
1548339829.159290 0.294784963 0.007072390 -0.081724629 -0.007712609 0.221984342 0.084231593 0.971374512
1548339829.192800 0.296680868 -0.007307595 -0.084326647 -0.008763656 0.223004088 0.086048231 0.970972776
1548339829.226320 0.293656796 -0.007964394 -0.084922358 -0.007173879 0.223393485 0.085593596 0.970936477
1548339829.259840 0.287766993 -0.001055242 -0.092738897 -0.004062298 0.226184368 0.084011391 0.970446408
1548339829.293350 0.279990524 -0.006031371 -0.086118318 -0.003007623 0.233177215 0.084287651 0.968769789
1548339829.326880 0.278355598 -0.004557188 -0.086486787 -0.000024057 0.234343678 0.084743701 0.968453109
1548339829.360390 0.276030064 0.012231042 -0.092999004 0.005733308 0.235938579 0.082603663 0.968233824
1548339829.393900 0.272310257 0.002628914 -0.090228245 0.006773032 0.240246251 0.082495175 0.967176497
1548339829.427420 0.251095355 0.002010453 -0.079857633 0.009363080 0.245138690 0.081642479 0.965998888
1548339829.460930 0.270290673 -0.008763326 -0.088333875 0.009320630 0.243404537 0.082081690 0.966400504
1548339829.494250 0.273417741 -0.003054845 -0.091394253 0.012063295 0.245154351 0.081925169 0.965941012
1548339829.527760 0.269703358 -0.012279645 -0.093084596 0.012015651 0.247768939 0.082178347 0.965252697
1548339829.561210 0.265910983 -0.012882723 -0.091634475 0.013236058 0.250328302 0.081750765 0.964612484
1548339829.594730 0.268700600 -0.016157402 -0.094944112 0.013995877 0.254240513 0.079234153 0.963788271
1548339829.628200 0.262092382 -0.016194224 -0.097758301 0.014665067 0.259782702 0.082571894 0.962018549
1548339829.661720 0.247174472 -0.026225667 -0.087037280 0.013780138 0.264428377 0.083325572 0.960700035
1548339829.695270 0.245897084 -0.031747531 -0.089415520 0.014177439 0.266655743 0.082814492 0.960122645
1548339829.728790 0.264923543 -0.025656497 -0.084802613 0.015464217 0.268219918 0.083263867 0.959628105
1548339829.762380 0.247562528 -0.028596817 -0.087166913 0.015280372 0.274219960 0.085058950 0.957776010
1548339829.795890 0.250142306 -0.026380692 -0.087415189 0.015905628 0.275200307 0.085214078 0.957470834
1548339829.829410 0.250380218 -0.025920969 -0.086863652 0.016439669 0.278258830 0.085035592 0.956593275
1548339829.862920 0.260524869 -0.031853102 -0.084744468 0.015054687 0.281183094 0.086345837 0.955643117
1548339829.896440 0.264041036 -0.032317452 -0.092559271 0.015696913 0.283051968 0.086498082 0.955067158
1548339829.930290 0.271809608 -0.016565889 -0.089844681 0.018279737 0.286919177 0.086442716 0.953871489
1548339829.963810 0.258239210 -0.019881239 -0.086668894 0.018036742 0.295064569 0.087328508 0.951307118
1548339829.997440 0.261016667 -0.027534829 -0.087712854 0.017133439 0.299103886 0.088821299 0.949923158
1548339830.030960 0.284721017 -0.022046715 -0.099711239 0.018298207 0.299158245 0.089322150 0.949837387
1548339830.064480 0.283706695 -0.021111095 -0.103768572 0.018985813 0.304873347 0.090215027 0.947920322
1548339830.097990 0.264943928 -0.023816552 -0.095221378 0.018831152 0.311892211 0.090028480 0.945655048
1548339830.131510 0.276649237 -0.033762448 -0.092944100 0.017481433 0.313919634 0.090002947 0.945012271
1548339830.164910 0.264463067 -0.028267993 -0.100526482 0.018738315 0.319853723 0.088887647 0.943102002
1548339830.198420 0.265370816 -0.025812635 -0.106941193 0.019071864 0.323643506 0.088730261 0.941816330
1548339830.231790 0.255326867 -0.028246447 -0.107090324 0.018401405 0.328469217 0.088344187 0.940193892
1548339830.265230 0.272234768 -0.013938136 -0.113278531 0.019527467 0.329870045 0.086311914 0.939869463
1548339830.298750 0.280088484 -0.012263909 -0.115943074 0.018028995 0.332396150 0.087208293 0.938926220
1548339830.332270 0.271425724 -0.016973745 -0.109577030 0.016337313 0.336282998 0.087312289 0.937562466
1548339830.901790 0.317834496 0.003120025 -0.157348022 -0.007642495 0.354934514 0.096398965 0.929876506
1548339830.935310 0.300106674 0.010456517 -0.144355416 -0.007880780 0.359184176 0.095243096 0.928360581
1548339830.968850 0.297142982 0.013692802 -0.148385033 -0.007433067 0.359306186 0.096962109 0.928139091
1548339831.002370 0.299453110 -0.008544096 -0.138157144 -0.011589685 0.359889984 0.098454729 0.927713096
1548339831.035930 0.316799581 -0.003071848 -0.150454879 -0.010969841 0.357839108 0.099547021 0.928397119
1548339831.069850 0.307716668 0.007044974 -0.143741712 -0.009152299 0.361466974 0.100397378 0.926918685
1548339831.103360 0.314099818 0.007733967 -0.151689649 -0.009182986 0.361441165 0.101825260 0.926772654
1548339831.136930 0.312325060 0.010436831 -0.149984151 -0.008347563 0.363310128 0.102678992 0.925955236
1548339831.170640 0.330215663 0.005575307 -0.156103104 -0.009795900 0.362326354 0.104240514 0.926152050
1548339831.204150 0.321120679 0.003033136 -0.160166532 -0.010898209 0.365018487 0.103715330 0.925140977
1548339831.237680 0.339511931 -0.006709308 -0.168577969 -0.014089277 0.362573743 0.103441954 0.926089406
1548339831.271190 0.325411439 0.005455617 -0.157710835 -0.012957244 0.367189348 0.102300957 0.924412608
1548339831.304940 0.341266096 -0.000821375 -0.169657439 -0.014841204 0.366025716 0.102132902 0.924864173
1548339831.338460 0.334625512 0.018324098 -0.174306959 -0.012593020 0.367669702 0.100855470 0.924385488
1548339831.371980 0.338969052 0.004974264 -0.173768654 -0.016968798 0.369020790 0.100110054 0.923858047
1548339831.405490 0.329815805 0.016868556 -0.167810068 -0.017315758 0.372095257 0.099073187 0.922729552
1548339831.439010 0.327187836 0.027592223 -0.167211115 -0.017849632 0.372364432 0.097170301 0.922813118
1548339831.472600 0.339253694 0.033458211 -0.181827083 -0.019892136 0.368736416 0.095933124 0.924356341
1548339831.506120 0.315316767 0.031509139 -0.130303517 -0.025879858 0.377631873 0.089856870 0.921222091
1548339831.539130 0.333513409 0.033142526 -0.169898063 -0.026241930 0.371845275 0.094146527 0.923135340
1548339831.572650 0.337892175 0.042735510 -0.169891834 -0.025645003 0.369880408 0.096284583 0.923720777
1548339831.606180 0.353411555 0.047874425 -0.182903558 -0.027401125 0.364757508 0.093399800 0.926000893
1548339831.639680 0.344145805 0.043832213 -0.178677261 -0.028243780 0.367087424 0.094337173 0.924959242
1548339831.673190 0.356570899 0.039375044 -0.179786071 -0.028899411 0.364453584 0.096584514 0.925748229
1548339831.706720 0.351423264 0.039649449 -0.161619127 -0.029001478 0.363673419 0.096079379 0.926104367
1548339831.740230 0.358531028 0.044463325 -0.166270509 -0.027604604 0.359949708 0.096254893 0.927582443
1548339831.773750 0.364121079 0.043141466 -0.164644286 -0.027563376 0.357952803 0.097935863 0.928180277
1548339831.807260 0.368233174 0.041916311 -0.164916918 -0.027656628 0.355792135 0.099621005 0.928828716
1548339831.840790 0.360843211 0.039646961 -0.164067075 -0.028312525 0.355250686 0.099066406 0.929075480
1548339831.874340 0.355867922 0.041455396 -0.164749116 -0.028448639 0.354547679 0.099142604 0.929331660
1548339831.907860 0.364196599 0.073312417 -0.209892198 -0.022515001 0.344202429 0.098944113 0.933395863
1548339831.941370 0.362248123 0.069822297 -0.213359565 -0.024436608 0.340315878 0.096781842 0.934997976
1548339831.974880 0.365482956 0.075378880 -0.218576998 -0.023993379 0.336555123 0.095172942 0.936534643
1548339832.008400 0.360349804 0.070798799 -0.211420551 -0.025289631 0.333714128 0.092963472 0.937738299
1548339832.041920 0.366468847 0.067946292 -0.218683660 -0.025601786 0.328628451 0.090306357 0.939783275
1548339832.075430 0.361656517 0.057536747 -0.211080536 -0.026516024 0.329280108 0.089384884 0.939617932
1548339832.108950 0.372859359 0.068403155 -0.215182111 -0.022328520 0.325245142 0.089592405 0.941111147
1548339832.142460 0.355098605 0.065844111 -0.200073451 -0.019622480 0.325529486 0.087776199 0.941244304
1548339832.175980 0.379654109 0.064704880 -0.234199360 -0.016445747 0.317068756 0.090172194 0.943962872
1548339832.209500 0.365751624 0.068676464 -0.233750731 -0.011858743 0.315684795 0.090051889 0.944506824
1548339832.243010 0.374057531 0.069103144 -0.238784030 -0.008913347 0.309405327 0.089836843 0.946635187
1548339832.276400 0.374486327 0.057938509 -0.241751894 -0.009498855 0.305975497 0.089705296 0.947756171
1548339832.309910 0.370116383 0.068311557 -0.247520193 -0.006699411 0.301760107 0.088815175 0.949214339
1548339832.343430 0.363325000 0.066499285 -0.229383200 -0.006714637 0.298648924 0.087245233 0.950343072
1548339832.376930 0.361347914 0.060142148 -0.224529162 -0.007989041 0.295316011 0.085940331 0.951492965
1548339832.410440 0.355325431 0.066418581 -0.218167096 -0.006752933 0.293684304 0.084636718 0.952124238
1548339832.443960 0.363153428 0.048725277 -0.222418502 -0.009081583 0.287532747 0.085323855 0.953919411
1548339832.477450 0.360526323 0.048707224 -0.224045619 -0.008333378 0.282041878 0.084049329 0.955677032
1548339832.510970 0.362074375 0.044149343 -0.224410191 -0.008968242 0.277120650 0.083643615 0.957145452
1548339832.544470 0.358227938 0.044686522 -0.223069444 -0.009114426 0.272068888 0.083279088 0.958624005
1548339832.577930 0.356784612 0.046143483 -0.219770059 -0.009044871 0.266944975 0.082111381 0.960164726
1548339832.611400 0.352399826 0.046957351 -0.219240710 -0.008816813 0.264378428 0.081397824 0.960937381
1548339832.644770 0.346027762 0.041233573 -0.213209063 -0.009122606 0.261331528 0.082488798 0.961674690
1548339832.678290 0.349053383 0.037191950 -0.212520495 -0.009015512 0.255448788 0.083103657 0.963202178
1548339832.711810 0.348523170 0.040809691 -0.214454368 -0.007323332 0.250002444 0.082580626 0.964689374
1548339832.745320 0.352316409 0.032480486 -0.216890529 -0.007672249 0.243965358 0.083193175 0.966178536
1548339832.778840 0.343000919 0.033799496 -0.213664934 -0.006099682 0.240292564 0.082837142 0.967140257
1548339832.812350 0.342345417 0.029819813 -0.213796958 -0.005973501 0.236592159 0.082321711 0.968096912
1548339832.845870 0.340830475 0.023134666 -0.212302104 -0.006284320 0.232567191 0.081873134 0.969107747
1548339832.879380 0.335781664 0.016645579 -0.204763278 -0.006706012 0.229471654 0.080702744 0.969940662
1548339832.912900 0.342286378 0.021821538 -0.209078819 -0.005228782 0.224971026 0.078907058 0.971151054
1548339832.946420 0.336491913 0.012514625 -0.207823247 -0.005916762 0.223018602 0.078758486 0.971609354
1548339832.979930 0.327012122 0.014541903 -0.205534175 -0.004648928 0.219900221 0.076986581 0.972468674
1548339833.013470 0.327810764 0.015252054 -0.204584807 -0.003824666 0.216066137 0.075447269 0.973451853
1548339833.046950 0.330778480 0.015705889 -0.205248237 -0.003149417 0.213341951 0.074351482 0.974139154
1548339833.080500 0.324316293 0.008106457 -0.204857796 -0.003690820 0.211419761 0.074068218 0.974577844
1548339833.114020 0.319272935 0.014028276 -0.202556625 -0.002714721 0.209007621 0.072009601 0.975255370
1548339833.147560 0.319607466 0.017750815 -0.200090572 -0.002728935 0.207157508 0.070686579 0.975746751
1548339833.181080 0.319962084 0.024618117 -0.196224660 -0.002581173 0.205952883 0.070267223 0.976032436
1548339833.214590 0.306988835 0.019986158 -0.179895163 -0.004150633 0.207609162 0.069309004 0.975744545
1548339833.248110 0.313600957 0.022448810 -0.181090519 -0.004483143 0.205187410 0.068220533 0.976331890
1548339833.281640 0.313240319 0.019690590 -0.180589795 -0.005532392 0.204068244 0.067998275 0.976576567
1548339833.315150 0.312277496 0.019935548 -0.179282859 -0.005917335 0.201402783 0.068047136 0.977124095
1548339833.348670 0.315377116 0.029191053 -0.178022906 -0.004973838 0.198922321 0.066111207 0.977770150
1548339833.382190 0.312115014 0.023284756 -0.177839205 -0.007190393 0.199735358 0.065035269 0.977662742
1548339833.415700 0.308432311 0.022838017 -0.175895318 -0.008086683 0.199696302 0.064891890 0.977673233
1548339833.449230 0.306315064 0.025464064 -0.173142478 -0.008484807 0.198859811 0.063553937 0.977928281
1548339833.482740 0.304318577 0.015965195 -0.174022019 -0.010807114 0.198511258 0.063332908 0.977990508
1548339833.516260 0.297258347 0.024366127 -0.170511007 -0.009720447 0.197295740 0.063365392 0.978245735
1548339833.549840 0.310514897 0.028934233 -0.172161222 -0.009545922 0.194087863 0.062933482 0.978916824
1548339833.583360 0.302661300 0.026089337 -0.172171563 -0.010249582 0.195986226 0.062647618 0.978549719
1548339833.616900 0.311774224 0.025393484 -0.166382954 -0.011033851 0.195284024 0.063523419 0.978625178
1548339833.650440 0.302482396 0.026124261 -0.160652205 -0.010809793 0.196984068 0.062996536 0.978320956
1548339833.683960 0.307989389 0.027392413 -0.163500786 -0.010428437 0.196727902 0.062904626 0.978382528
1548339833.717490 0.308023304 0.028339084 -0.162912279 -0.009747732 0.197653890 0.063709587 0.978150785
1548339833.751070 0.307729244 0.027452860 -0.158161715 -0.009318802 0.198055521 0.062757187 0.978135288
1548339833.784530 0.302097380 0.031998463 -0.157909930 -0.007219665 0.199368328 0.061082266 0.977992356
1548339833.818040 0.297573209 0.005989323 -0.159385860 -0.010492880 0.200949147 0.060984068 0.977645278
1548339833.851540 0.282719254 -0.007214847 -0.154552117 -0.011203296 0.204301834 0.059013009 0.977063298
1548339833.885060 0.293583512 0.015592234 -0.167616293 -0.005604930 0.202554107 0.057529293 0.977563739
1548339833.918570 0.272147447 0.003451096 -0.157414898 -0.005830964 0.207417935 0.056101609 0.976625025
1548339833.952090 0.294396877 0.025101593 -0.165136576 -0.000266607 0.202899739 0.055221874 0.977641106
1548339833.985600 0.305950582 0.011351472 -0.169078737 -0.000523491 0.200776741 0.055114955 0.978085220
1548339834.019120 0.301318139 0.010927388 -0.176217407 -0.000061230 0.200271294 0.053693213 0.978268087
1548339834.052420 0.320935905 0.010590353 -0.161275685 -0.001379446 0.197653830 0.055935495 0.978673756
1548339834.085820 0.295693457 0.011661632 -0.155937791 -0.001449858 0.200696051 0.053174350 0.978208303
1548339834.119340 0.259480715 0.027011486 -0.146801889 0.000295244 0.205505818 0.051130075 0.977319300
1548339834.152810 0.295688003 0.017818723 -0.149870366 -0.002694519 0.200094551 0.054587837 0.978251040
1548339834.186310 0.272062421 0.031053038 -0.144264579 -0.000752622 0.204380110 0.053917367 0.977405310
1548339834.219810 0.285150170 0.024991419 -0.145493448 -0.002306208 0.203905791 0.056477871 0.977357328
1548339834.253240 0.279374868 0.032007791 -0.142945141 -0.001895000 0.205562025 0.058051884 0.976918936
1548339834.286760 0.277688384 0.036154367 -0.143341392 -0.002097045 0.207004517 0.058488455 0.976587832
1548339834.320280 0.284478158 0.038937930 -0.144363672 -0.002833577 0.207281843 0.058602665 0.976520360
1548339834.353790 0.288773865 0.033137321 -0.142425507 -0.005026270 0.208662033 0.058514439 0.976222813
1548339834.387080 0.315578133 0.037666485 -0.153137118 -0.004862604 0.205665067 0.058241688 0.976875722
1548339834.420540 0.305643827 0.025661867 -0.142782763 -0.006634088 0.211668313 0.057370711 0.975633681
1548339834.454060 0.273796082 0.037855178 -0.127861202 -0.003839594 0.220149785 0.054406501 0.973940074
1548339834.487580 0.299108326 0.019703599 -0.141842231 -0.006299727 0.219197065 0.055372521 0.974087715
1548339834.521090 0.318435341 0.014671104 -0.147598654 -0.006479989 0.220137253 0.056799229 0.973792315
1548339834.554610 0.329902709 0.011579420 -0.147038817 -0.006113105 0.223814964 0.056711335 0.972961068
1548339834.588120 0.293446809 0.043763358 -0.119980514 -0.000467713 0.231988743 0.056838494 0.971056342
1548339834.621590 0.285176635 0.021598654 -0.118973665 -0.002664309 0.236370385 0.054379590 0.970136464
1548339834.655160 0.315862596 0.046473917 -0.112244919 0.000002766 0.235117733 0.058347192 0.970214009
1548339835.158440 0.299618095 0.030604415 -0.147129774 -0.005687675 0.295673937 0.068155125 0.952837586
1548339835.192120 0.297321081 0.047663361 -0.152281910 -0.003189167 0.298464388 0.068794928 0.951932847
1548339835.225620 0.305941701 0.049255013 -0.151708111 -0.002918808 0.300545007 0.071165621 0.951104403
1548339835.259160 0.287314832 0.053001996 -0.136642322 -0.002439067 0.306676656 0.069679782 0.949256659
1548339835.292670 0.279963672 0.051210333 -0.132654980 -0.003117543 0.311352879 0.068545312 0.947813869
1548339835.326160 0.260590136 0.051932085 -0.120868288 -0.002925609 0.319098771 0.068619654 0.945229471
1548339835.359510 0.248499632 0.047158886 -0.106646739 -0.002863295 0.324216723 0.070598260 0.943340421
1548339835.392960 0.301043838 0.046813570 -0.151607528 -0.002557656 0.315313220 0.072333045 0.946223497
1548339835.426130 0.297529280 0.051105760 -0.139489233 -0.001304640 0.319542885 0.072144546 0.944820523
1548339835.459570 0.307801932 0.043254774 -0.150729284 -0.000798067 0.319362789 0.074336074 0.944712043
1548339835.493090 0.317231029 0.043056574 -0.161588982 0.000422591 0.318732083 0.074485384 0.944913507
1548339835.526520 0.322076678 0.044638190 -0.161386564 0.001565416 0.320202708 0.074725889 0.944396019
1548339835.560030 0.318403959 0.050610799 -0.159473822 0.003561619 0.322203696 0.074885771 0.943697095
1548339835.593570 0.321537644 0.046585955 -0.168851197 0.003334632 0.323122531 0.074996747 0.943374932
1548339835.627080 0.309671581 0.046793271 -0.166982576 0.003433370 0.327657282 0.075167403 0.941795528
1548339835.660600 0.317759454 0.038938373 -0.171147004 0.001651603 0.327926487 0.077111967 0.941549361
1548339835.694110 0.321716428 0.036700267 -0.175080732 0.000534025 0.328430593 0.077076659 0.941377878
1548339835.727610 0.329689443 0.037131313 -0.183331475 0.000218714 0.328740239 0.077540733 0.941231787
1548339835.761100 0.319872350 0.036974553 -0.181334600 0.000234496 0.333446503 0.078303955 0.939511478
1548339835.794620 0.328218609 0.036507696 -0.186237693 0.000292069 0.333749980 0.079635017 0.939291775
1548339835.828120 0.325361997 0.041651685 -0.187558234 0.001680836 0.335017830 0.080347478 0.938778222
1548339835.861630 0.327493727 0.041859914 -0.187783688 0.001473861 0.336136281 0.080929779 0.938328624
1548339835.895150 0.329816312 0.042573929 -0.190155238 0.001401161 0.337019742 0.081532173 0.937959611
1548339835.928690 0.333949983 0.048817206 -0.195479736 0.002376567 0.337416857 0.081272990 0.937837362
1548339835.962200 0.341118842 0.053218149 -0.199797168 0.003317357 0.338260680 0.081558034 0.937505722
1548339835.995700 0.339765489 0.055414721 -0.199336112 0.003761192 0.339927703 0.081835322 0.936876714
1548339836.029150 0.334390044 0.046194796 -0.192640051 0.001831829 0.342207491 0.081836954 0.936052024
1548339836.062750 0.324281693 0.039728232 -0.186354518 0.000206266 0.345603347 0.081119135 0.934867859
1548339836.095960 0.326291203 0.030878128 -0.186367527 -0.002153114 0.346937805 0.081551388 0.934333384
1548339836.129460 0.317528278 0.024012381 -0.179375991 -0.003950991 0.349740654 0.082028672 0.933240175
1548339836.162970 0.340103447 0.039300922 -0.190266952 -0.001739561 0.347308218 0.083578214 0.934017479
1548339836.196490 0.333550692 0.042055324 -0.186824352 -0.001737300 0.350765109 0.084096812 0.932678163
1548339836.230010 0.340513468 0.043942444 -0.192064434 -0.001901390 0.351779163 0.084743023 0.932237327
1548339836.263520 0.338999420 0.039537057 -0.190608993 -0.002757497 0.354866236 0.084752299 0.931063592
1548339836.297040 0.342179269 0.041709863 -0.190009236 -0.002518733 0.356888980 0.085670188 0.930206716
1548339836.330550 0.341946542 0.044877853 -0.191171750 -0.002594993 0.358356297 0.085379891 0.929668903
1548339836.363970 0.344635755 0.046965718 -0.198607042 -0.003901844 0.359742105 0.085488394 0.929118991
1548339836.397490 0.337391764 0.043517344 -0.194173142 -0.005833817 0.362985134 0.086259395 0.927775323
1548339836.431000 0.339086801 0.040702052 -0.193510681 -0.007171010 0.364332527 0.087472305 0.927124023
1548339836.464620 0.342750132 0.063655905 -0.202100158 -0.004885825 0.365920603 0.085805409 0.926669121
1548339836.498150 0.355739653 0.051369097 -0.197452009 -0.007332114 0.369778872 0.089476161 0.924772322
1548339836.532200 0.351183891 0.053025100 -0.192689925 -0.007229309 0.371790320 0.091086172 0.923808992
1548339836.565720 0.358147830 0.058133125 -0.198905274 -0.007252438 0.370953172 0.092031740 0.924051523
1548339836.599260 0.352118313 0.058783475 -0.193699852 -0.008216705 0.372747332 0.093047313 0.923219383
1548339836.632780 0.358697474 0.065699227 -0.197137177 -0.008927254 0.371206731 0.093216129 0.923816323
1548339836.666290 0.369929492 0.071721151 -0.205684677 -0.009843911 0.369540781 0.093095064 0.924486876
1548339836.699780 0.361589313 0.058164593 -0.197775140 -0.012929596 0.371930152 0.093238570 0.923475683
1548339836.733300 0.359955549 0.051722921 -0.196365282 -0.014719259 0.373197436 0.093304195 0.922930837
1548339836.766810 0.357607096 0.056739878 -0.194542766 -0.014137207 0.373101741 0.092629291 0.923046589
1548339836.800330 0.362331510 0.069132686 -0.202550247 -0.012346606 0.371817261 0.090484321 0.923803031
1548339836.833840 0.360443741 0.063946053 -0.202807456 -0.013051512 0.373748213 0.090440102 0.923018157
1548339836.867360 0.364445537 0.061145265 -0.203670710 -0.013354188 0.373435050 0.091529936 0.923033178
1548339836.900880 0.362871051 0.063844867 -0.207016975 -0.013427279 0.373641014 0.090794280 0.923021376
1548339836.934390 0.361500382 0.076317854 -0.207064494 -0.012629414 0.375575542 0.090669863 0.922259450
1548339836.967880 0.371924847 0.053145908 -0.202817366 -0.017867003 0.376003087 0.093255840 0.921740651
1548339837.001390 0.364311725 0.059160601 -0.201236129 -0.017954115 0.376980036 0.092883028 0.921377480
1548339837.034900 0.373424202 0.064095438 -0.204258844 -0.017835513 0.376156151 0.093730375 0.921630681
1548339837.068420 0.383962780 0.060295187 -0.205664039 -0.019682022 0.375056058 0.094981134 0.921913326
1548339837.101930 0.389624596 0.053953394 -0.205003396 -0.021118488 0.374524862 0.095632762 0.922030091
1548339837.135380 0.384534448 0.054816898 -0.201794207 -0.021182399 0.374516726 0.095601082 0.922035217
1548339837.168890 0.380404264 0.051472310 -0.203536674 -0.021800553 0.375345737 0.094308436 0.921816826
1548339837.202450 0.383645952 0.059524816 -0.201548189 -0.020760834 0.375175267 0.094422087 0.921898603
1548339837.236000 0.390613079 0.044621103 -0.204824403 -0.022972818 0.374117702 0.095722489 0.922141731
1548339837.269510 0.392630190 0.046563610 -0.207138807 -0.021911925 0.373698473 0.095767379 0.922332883
1548339837.303030 0.393713832 0.049142953 -0.208869144 -0.020721639 0.374333709 0.096895203 0.921984911
1548339837.336540 0.397295505 0.035529930 -0.210469678 -0.022267459 0.373758435 0.097085297 0.922162294
1548339837.370060 0.399104863 0.038202025 -0.207638651 -0.020962758 0.373429388 0.096336968 0.922404587
1548339837.403580 0.394689292 0.042124800 -0.207988024 -0.019496929 0.374317884 0.095618285 0.922151387
1548339837.437090 0.402918756 0.037841238 -0.210510224 -0.019848481 0.372873247 0.096401088 0.922647536
1548339837.470580 0.402618378 0.035807464 -0.210352734 -0.019549763 0.372846097 0.095938116 0.922713101
1548339837.504100 0.406287223 0.042140879 -0.210361660 -0.017709320 0.372324228 0.095236197 0.923033655
1548339837.537640 0.402343959 0.033383649 -0.212520614 -0.017864075 0.373227745 0.096005507 0.922585964
1548339837.571160 0.400494635 0.043396413 -0.215572014 -0.015103884 0.373706937 0.096714832 0.922367156
1548339837.604670 0.403716922 0.058844078 -0.216780573 -0.011144049 0.373180896 0.096299879 0.922679842
1548339837.638230 0.390772343 0.027516114 -0.207720578 -0.014697241 0.376128733 0.097232774 0.921334326
1548339837.671760 0.417243123 0.036048692 -0.228378907 -0.012688542 0.371772557 0.098343790 0.923012793
1548339837.705290 0.401295990 0.039042827 -0.219854876 -0.011701618 0.375335157 0.097663350 0.921655297
1548339837.738950 0.438509077 0.034286749 -0.235360682 -0.013170387 0.369561434 0.101316452 0.923572361
1548339837.772690 0.400539041 0.041263014 -0.218854487 -0.011042867 0.374784946 0.099726208 0.921666384
1548339837.806350 0.422054172 0.032045651 -0.226698875 -0.012600956 0.370989054 0.099711493 0.923182487
1548339837.839870 0.414923698 0.029546792 -0.224212945 -0.012469619 0.371887743 0.099943280 0.922797561
1548339837.873430 0.404007405 0.035738412 -0.216893375 -0.011111666 0.372225523 0.099089235 0.922770798
1548339837.906960 0.403914988 0.030447500 -0.220238209 -0.011848439 0.370546043 0.097878210 0.923566461
1548339837.940490 0.402419537 0.034464717 -0.215389058 -0.011039833 0.368835539 0.097957328 0.924252570
1548339837.974010 0.396240145 0.030193206 -0.217529610 -0.011270679 0.367550939 0.096002035 0.924966395
1548339838.007550 0.394261748 0.029119264 -0.214300871 -0.011043484 0.366589427 0.095356181 0.925417423
1548339838.041050 0.398240536 0.026689416 -0.215587243 -0.011013906 0.364653617 0.095356554 0.926182270
1548339838.074580 0.391946316 0.025234602 -0.215620250 -0.010681448 0.363840163 0.095460989 0.926495254
1548339838.108150 0.397934288 0.050719634 -0.217469737 -0.006906461 0.361973077 0.094447792 0.927365839
1548339838.141700 0.401206106 0.039651584 -0.215306789 -0.009321308 0.361846030 0.096163407 0.927217960
1548339838.175240 0.395485938 0.041743949 -0.207948238 -0.009455632 0.361942202 0.096185878 0.927176714
1548339838.208780 0.391350597 0.042786691 -0.207681224 -0.009631806 0.359992534 0.095815033 0.927972078
1548339838.242290 0.392510384 0.044506080 -0.207132012 -0.010296631 0.358022064 0.094960257 0.928814709
1548339838.275790 0.408498585 0.040376354 -0.221018076 -0.012596155 0.353107452 0.095536783 0.930606842
1548339838.309310 0.395946950 0.040765520 -0.208875611 -0.014936588 0.352478534 0.092619956 0.931105435
1548339838.342820 0.393542886 0.034885742 -0.205876470 -0.017658841 0.352091730 0.091296136 0.931334853
1548339838.376340 0.403488278 0.040450118 -0.211526245 -0.017964127 0.349222630 0.090459250 0.932490170
1548339838.409850 0.403897345 0.040243313 -0.210361704 -0.018915765 0.347872585 0.089125015 0.933104277
1548339838.443310 0.401093811 0.040912043 -0.210424930 -0.019121943 0.346603990 0.088118620 0.933667541
1548339838.476820 0.399638265 0.043999400 -0.211868033 -0.018703636 0.345628917 0.087854601 0.934062302
1548339838.510340 0.377033859 0.038362261 -0.186124563 -0.020132583 0.349069744 0.087048732 0.932827711
1548339838.543850 0.384755403 0.041741028 -0.193138748 -0.019832879 0.345285952 0.087369032 0.934211373
1548339838.577370 0.394297540 0.043207392 -0.203163013 -0.020257827 0.342481464 0.087464452 0.935225129
1548339838.610860 0.401325941 0.044278417 -0.212234139 -0.019703425 0.339719117 0.087665267 0.936225116
1548339838.644360 0.410152674 0.045518249 -0.222045437 -0.018597823 0.337761611 0.087756477 0.936947167
1548339838.677880 0.412237078 0.045280643 -0.233765140 -0.016254244 0.335360944 0.088657096 0.937767982
1548339838.711400 0.423799902 0.047394671 -0.244467512 -0.014392901 0.331870139 0.087923259 0.939108372
1548339838.744910 0.427750856 0.054295253 -0.254607975 -0.011091741 0.328609914 0.087276816 0.940359116
1548339838.778430 0.433745444 0.061759617 -0.270472258 -0.008286350 0.324041426 0.086802199 0.942015827
1548339838.811940 0.440630496 0.071037352 -0.284235567 -0.005038052 0.320022136 0.086670645 0.943423867
1548339838.845450 0.453292847 0.081824563 -0.301791549 -0.002954884 0.314933628 0.086186804 0.945187807
1548339838.878950 0.460841119 0.087862201 -0.314817101 -0.001782503 0.311606914 0.085997947 0.946309865
1548339838.912460 0.440612346 0.071962647 -0.279006213 -0.005556062 0.317463726 0.084419452 0.944488883
1548339838.945970 0.446676821 0.082677796 -0.295476049 -0.003135463 0.314778984 0.084464088 0.945394218
1548339838.979480 0.467929631 0.102473117 -0.316597492 0.000540383 0.310024947 0.084435016 0.946971476
1548339839.012980 0.478727847 0.117344297 -0.344111085 0.004984621 0.304961801 0.085510597 0.948504806
1548339839.046500 0.504554987 0.133858591 -0.362617701 0.008126615 0.299372375 0.086000226 0.950217903
1548339839.080010 0.517928243 0.142155498 -0.390036523 0.010378868 0.294239610 0.086701043 0.951734364
1548339839.113540 0.526120126 0.164143026 -0.388649404 0.014473034 0.293081760 0.086380027 0.952067256
1548339839.147040 0.537689567 0.183758259 -0.399103254 0.017786495 0.289613456 0.085200585 0.953178108
1548339839.180540 0.541891634 0.169346675 -0.398557842 0.015751254 0.289046049 0.086576045 0.953262210
1548339840.051400 0.445617646 0.095114790 -0.297177404 0.003110297 0.278366655 0.077265732 0.957356930
1548339840.084970 0.438494653 0.099234320 -0.313591510 0.003784947 0.276443213 0.076959178 0.957936406
1548339840.118480 0.435562372 0.096183695 -0.310021996 0.002736274 0.276037157 0.076569416 0.958088279
1548339840.152000 0.431161463 0.098096512 -0.306060761 0.002710520 0.275725782 0.075717479 0.958245695
1548339840.185520 0.428692430 0.099380121 -0.302656889 0.002537405 0.275749832 0.075076841 0.958289683
1548339840.219030 0.427035600 0.088163041 -0.298688024 0.000443365 0.275786161 0.075313091 0.958263934
1548339840.252500 0.414588362 0.085118420 -0.287773043 0.000049665 0.276536882 0.074649140 0.958099604
1548339840.889240 0.333448797 0.040488083 -0.166012406 -0.017097509 0.289954275 0.070293888 0.954302311
1548339840.956290 0.338576227 0.041965060 -0.165610075 -0.014995016 0.290391296 0.069309197 0.954276860
1548339840.989830 0.333631068 0.028443189 -0.162231162 -0.015497359 0.292546093 0.069832914 0.953572214
1548339841.023340 0.313876927 0.019090878 -0.138189226 -0.015894795 0.297626317 0.068696462 0.952074945
1548339841.056860 0.306465775 0.016976675 -0.130694300 -0.015297418 0.299218535 0.068377197 0.951608539
1548339841.090370 0.293734550 0.018841401 -0.121904209 -0.014452046 0.301803321 0.066910662 0.950909495
1548339841.123890 0.276740998 0.022026053 -0.119200014 -0.013986509 0.304099411 0.064698882 0.950337827
1548339841.157430 0.286245763 0.022558266 -0.124754474 -0.014027230 0.302587807 0.064913288 0.950804949
1548339841.191000 0.294275701 0.022876671 -0.129792780 -0.013770487 0.299418658 0.064973749 0.951807380
1548339841.224530 0.318272471 0.026870988 -0.145096302 -0.013189328 0.294092566 0.064976700 0.953474522
1548339841.258040 0.314312637 0.039529029 -0.146948099 -0.010820598 0.293933839 0.064493790 0.953586042
1548339841.291550 0.323904723 0.029205449 -0.136540517 -0.012776369 0.290928632 0.065616228 0.954406500
1548339841.325070 0.345688701 0.030350784 -0.144654423 -0.013007697 0.282728374 0.066496924 0.956803858
1548339841.358590 0.310239494 0.051943317 -0.135531887 -0.008943735 0.283247769 0.064845249 0.956810236
1548339841.391990 0.309527695 0.034756158 -0.136526227 -0.012154230 0.278695166 0.065613173 0.958058536
1548339841.425510 0.309392035 0.030721113 -0.131627247 -0.012993575 0.275304466 0.067271136 0.958912551
1548339841.459030 0.298651576 0.047499243 -0.132097960 -0.010402847 0.273064792 0.067474768 0.959569931
1548339841.492540 0.300919354 0.045529172 -0.129042879 -0.009714291 0.269672632 0.070440389 0.960323095
1548339841.526060 0.312446147 0.049628507 -0.129369617 -0.007690024 0.264743686 0.072593346 0.961551785
1548339841.559860 0.304774404 0.049649227 -0.140655473 -0.004609636 0.260012060 0.074837022 0.962689936
1548339841.593460 0.298893362 0.050455883 -0.130137861 -0.001486769 0.256372154 0.074809104 0.963677704
1548339841.626970 0.304459065 0.051837977 -0.135451838 0.002057469 0.250003099 0.075488791 0.965295613
1548339841.660430 0.319631577 0.035150997 -0.133919746 0.002019676 0.241886303 0.075088382 0.967392743
1548339841.727440 0.278128833 -0.011134302 -0.123542972 -0.000360603 0.228560910 0.068394870 0.971124053
1548339841.794550 0.252094001 -0.055302203 -0.090495430 -0.005449814 0.221002668 0.060997091 0.973348558
1548339841.861580 0.238152444 -0.046687722 -0.093066096 -0.001489464 0.209224537 0.051234212 0.976523399
1548339841.895100 0.248462602 -0.030355273 -0.096990392 0.002263010 0.202594429 0.048831575 0.978041828
1548339841.928620 0.253813058 -0.033962123 -0.100551747 0.003734658 0.194152638 0.048031420 0.979787588
1548339841.962070 0.265514910 -0.011545041 -0.097070076 0.008714657 0.185134307 0.046054877 0.981594741
1548339841.995570 0.280874193 0.004540788 -0.119306095 0.012196970 0.177277550 0.045995407 0.983009815
1548339842.029020 0.271396071 0.013344829 -0.108678624 0.014200068 0.175838366 0.045777462 0.983251572
1548339842.062260 0.288407832 0.013128421 -0.117162392 0.014766521 0.169917479 0.046409823 0.984254062
1548339842.095780 0.340251833 0.015908496 -0.139019683 0.016227199 0.158433542 0.048947811 0.986022115
1548339842.129290 0.399678200 0.029086642 -0.166636184 0.019230802 0.145124614 0.050472930 0.987937987
1548339842.162610 0.455585122 0.039245863 -0.190786466 0.021205187 0.132017836 0.051155414 0.989699304
1548339842.196080 0.404697120 0.012036628 -0.165051997 0.016352149 0.139329672 0.048348751 0.988929868
1548339842.229550 0.396967351 0.007461794 -0.166812524 0.015852369 0.137817144 0.047653727 0.989183605
1548339842.263040 0.362517357 -0.011933696 -0.146065995 0.012153931 0.140999764 0.045983694 0.988866448
1548339842.296560 0.331852794 -0.025389962 -0.129090592 0.009285613 0.142037347 0.043938816 0.988842010
1548339842.330100 0.299593300 -0.019798016 -0.119488858 0.008837095 0.143121004 0.039827079 0.988864064
1548339842.363630 0.281357169 -0.014918840 -0.115161330 0.008616814 0.142396271 0.038147070 0.989036798
1548339842.397180 0.267185956 -0.015881805 -0.110784061 0.007047570 0.140036151 0.035848398 0.989472091
1548339842.430730 0.260087311 -0.010206681 -0.110220738 0.006752675 0.137362376 0.034328703 0.989902794
1548339842.464300 0.260723531 -0.012846802 -0.108545206 0.004458339 0.133340940 0.033826794 0.990482748
1548339842.497820 0.247904256 -0.013991572 -0.104654498 0.002596025 0.131728545 0.034045290 0.990697622
1548339842.531350 0.247527197 -0.017667156 -0.106665060 0.000705259 0.127410889 0.034827210 0.991238117
1548339842.564860 0.248005822 -0.009116504 -0.101162210 0.000033308 0.123646528 0.033470009 0.991761684
1548339842.598380 0.243355319 -0.015010292 -0.099489398 -0.002865203 0.122928143 0.033509538 0.991845548
1548339842.631900 0.233960032 -0.016242344 -0.096336171 -0.003959430 0.121852085 0.034542646 0.991939127
1548339842.665410 0.239214823 -0.013557303 -0.096531853 -0.003697306 0.117093086 0.033297010 0.992555678
1548339842.698990 0.247202516 -0.009697818 -0.098076440 -0.003720607 0.112712927 0.031354148 0.993125796
1548339842.732530 0.242733225 -0.013647455 -0.092573501 -0.005973205 0.112390295 0.028277401 0.993243754
1548339842.766050 0.240669817 -0.010628851 -0.092926472 -0.006591271 0.112889603 0.025945252 0.993246853
1548339842.799560 0.237742007 -0.006107745 -0.090333827 -0.006876810 0.113543607 0.023590613 0.993229091
1548339842.833060 0.244601563 -0.012604231 -0.090396427 -0.008901446 0.113298871 0.021367997 0.993291259
1548339842.866510 0.214788333 0.008392899 -0.061455384 -0.007049923 0.121398993 0.017996069 0.992415607
1548339842.900020 0.208336443 0.018224804 -0.057934444 -0.006544138 0.123143673 0.017099559 0.992219925
1548339842.933540 0.204312027 0.023228442 -0.056991763 -0.007940945 0.123669155 0.014288731 0.992188871
1548339842.967060 0.208806694 0.022623697 -0.060005251 -0.010726177 0.123730496 0.013193741 0.992170155
1548339843.000560 0.205858573 0.028643090 -0.055407602 -0.012514031 0.125161588 0.012232677 0.991982043
1548339843.034070 0.205920860 0.031354949 -0.050409123 -0.014702490 0.126304269 0.011258813 0.991818666
1548339843.067590 0.200334683 0.031036066 -0.047991246 -0.016825421 0.128618956 0.010862052 0.991491854
1548339843.101090 0.189968631 0.030183775 -0.045406062 -0.018456386 0.130761698 0.011240641 0.991178274
1548339843.134580 0.194730744 0.032098394 -0.043454625 -0.019676911 0.130405560 0.011467156 0.991199136
1548339843.168020 0.196494848 0.026172126 -0.045330808 -0.022180576 0.131197363 0.011703575 0.991038978
1548339843.201540 0.189489990 0.021656223 -0.039140534 -0.023437332 0.132399485 0.013069854 0.990833104
1548339843.235020 0.172835141 0.027224647 -0.036425546 -0.022499185 0.132195979 0.014006790 0.990869224
1548339843.268550 0.170685843 0.026562326 -0.034623008 -0.022219302 0.126950666 0.015137496 0.991544604
1548339843.302090 0.182343230 0.024558570 -0.038494725 -0.022355601 0.122432880 0.014639037 0.992116988
1548339843.335600 0.171641186 0.023018729 -0.034616254 -0.022586906 0.123614758 0.015747523 0.991948187
1548339843.369190 0.169108227 0.023073295 -0.032580879 -0.022280013 0.121642619 0.016372554 0.992188811
1548339843.402670 0.168218568 0.025639726 -0.029956432 -0.021422824 0.119785689 0.016446460 0.992432356
1548339843.436180 0.161804259 0.015992792 -0.030149382 -0.022607431 0.119539693 0.015231257 0.992455125
1548339843.469720 0.166169792 0.016478486 -0.025310053 -0.021904577 0.117456846 0.015618389 0.992713511
1548339843.503210 0.138718247 0.015651206 -0.026329173 -0.020924613 0.118894294 0.014237862 0.992584288
1548339843.536730 0.133242294 0.020891748 -0.021299535 -0.018810267 0.115921468 0.013377941 0.992990136
1548339843.570260 0.134387583 0.018726509 -0.023946604 -0.017985931 0.112060159 0.012269909 0.993462861
1548339843.603780 0.126626000 0.022561936 -0.021651188 -0.016702406 0.110468715 0.011980440 0.993667006
1548339843.637350 0.126587361 0.023568297 -0.022001293 -0.016239865 0.107729182 0.011188583 0.993984640
1548339843.670920 0.129416376 0.027726516 -0.017486168 -0.015993889 0.106901303 0.011234224 0.994077504
1548339843.704430 0.132026389 0.020193426 -0.014008841 -0.017161781 0.106266253 0.013281942 0.994100869
1548339843.737950 0.120360315 0.009881691 -0.010566812 -0.017799355 0.106069922 0.014418254 0.994094789
1548339843.771460 0.121834040 0.012508107 -0.010789291 -0.016298562 0.103318125 0.014747545 0.994405448
1548339843.804980 0.096449792 -0.018313548 -0.009289444 -0.019509329 0.105121359 0.015897727 0.994140923
1548339843.973140 0.114012353 0.027763614 -0.021650720 -0.011770997 0.092521600 0.014504410 0.995535433
1548339844.006810 0.104852185 0.033651613 -0.009548302 -0.010740153 0.090926901 0.013966558 0.995701671
1548339844.040330 0.105592579 0.032660268 -0.010952864 -0.010751734 0.087724581 0.013461630 0.995995760
1548339844.074300 0.097791903 0.027107073 -0.007609810 -0.011187044 0.086209893 0.010816520 0.996155441
1548339844.108370 0.088212699 0.023641933 -0.007624139 -0.010975714 0.085430048 0.008269092 0.996249378
1548339844.141890 0.097349040 0.015367780 -0.012456802 -0.011505810 0.083181798 0.006847604 0.996444464
1548339844.175400 0.087687343 0.015401636 -0.014559943 -0.010504481 0.085276723 0.005439025 0.996287048
1548339844.208920 0.085327193 0.019606896 -0.010289380 -0.009582894 0.086085968 0.006119318 0.996222854
1548339844.242440 0.082600541 0.017808579 -0.010844805 -0.009086356 0.086201362 0.005246025 0.996222496
1548339844.275950 0.090345353 0.016225539 -0.011178027 -0.008841638 0.085206464 0.006163316 0.996305048
1548339844.309470 0.083937496 0.015475453 -0.010056783 -0.008726752 0.086727008 0.006060718 0.996175468
1548339844.342980 0.083744541 0.013863539 -0.008970117 -0.008909442 0.087116741 0.005564231 0.996142745
1548339844.375030 0.085026637 0.008767360 -0.005253876 -0.009768508 0.089122459 0.004995602 0.995960236
1548339844.609530 0.100647643 -0.024243427 0.018613415 -0.005384055 0.131046653 0.019653311 0.991166770
1548339844.643050 0.111613713 -0.026798716 0.008949256 -0.003615194 0.136833414 0.020381082 0.990377784
1548339844.676590 0.094124541 -0.021247240 0.014299210 -0.000172124 0.144732296 0.024313148 0.989172101
1548339844.710120 0.097360767 -0.027101474 0.013761350 0.000194263 0.147465244 0.024258245 0.988769710
1548339844.743640 0.110353082 -0.015776096 0.004110235 0.002965660 0.149792135 0.025024684 0.988396347
1548339844.777170 0.127317578 -0.018811950 -0.001491456 0.002373851 0.151165158 0.026102001 0.988160968
1548339844.810690 0.123703457 -0.024535749 -0.004953988 0.001350344 0.155777499 0.025335275 0.987466276
1548339844.844200 0.123799935 -0.025886582 -0.004124420 0.001457008 0.160497203 0.026199242 0.986687422
1548339844.877720 0.128048494 -0.018265272 -0.009498239 0.003062035 0.163439780 0.025995422 0.986205995
1548339844.911230 0.139320061 -0.029321764 -0.013385725 0.001280767 0.166050270 0.026851267 0.985750794
1548339844.944740 0.133652121 -0.027312486 -0.014475946 0.002164271 0.170946747 0.026725169 0.984915376
1548339844.978240 0.140422717 -0.029361241 -0.022612540 0.002943386 0.173727557 0.027997265 0.984391332
1548339845.011760 0.133557796 -0.039770141 -0.015493350 0.002235286 0.180512026 0.027967416 0.983172536
1548339845.045280 0.137906045 -0.046453364 -0.019490212 0.002984776 0.187444031 0.030326929 0.981802464
1548339845.078780 0.129563257 -0.037583947 -0.018641250 0.006207363 0.195158467 0.031752918 0.980237901
1548339845.112290 0.140665844 -0.033755612 -0.022477841 0.008524397 0.198526517 0.034224305 0.979460716
1548339845.145810 0.146066397 -0.032561585 -0.024090448 0.010244989 0.203616768 0.036954638 0.978299320
1548339845.179320 0.149771020 -0.041800614 -0.031324383 0.009870918 0.207796812 0.039487578 0.977324784
1548339845.212840 0.158503860 -0.047946893 -0.032721251 0.009645950 0.210632354 0.041845333 0.976621687
1548339845.246350 0.157873839 -0.042378623 -0.036681950 0.011691160 0.214260563 0.042967234 0.975760996
1548339845.279870 0.170681253 -0.040996473 -0.044122636 0.012715309 0.217468664 0.044285879 0.974979222
1548339845.313390 0.163320482 -0.048544895 -0.043778118 0.011966663 0.222649872 0.045141600 0.973779261
1548339845.346520 0.170052737 -0.054476157 -0.044211812 0.011807379 0.224502176 0.045798168 0.973325193
1548339845.379950 0.173572496 -0.038031861 -0.052984454 0.015130435 0.228353620 0.044347282 0.972450018
1548339845.447040 0.188769728 -0.061282516 -0.056166694 0.011679084 0.236711100 0.046245452 0.970408559
1548339845.480560 0.210171774 -0.054696474 -0.073351316 0.013295273 0.237823531 0.046673644 0.970095217
1548339845.514070 0.210334674 -0.036514971 -0.070116811 0.016338199 0.245320231 0.046417862 0.968192339
1548339845.547590 0.209032387 -0.035245795 -0.069559351 0.015478011 0.250916094 0.046890613 0.966748595
1548339845.581130 0.209421143 -0.047802072 -0.067991793 0.012288562 0.256415039 0.047786500 0.965306580
1548339845.615100 0.214633688 -0.044978905 -0.074721776 0.011369970 0.262285888 0.048981715 0.963679194
1548339845.648680 0.204429299 -0.062355429 -0.069999784 0.006868527 0.269919664 0.050505813 0.961532831
1548339845.682190 0.209359288 -0.052408069 -0.075875267 0.006757903 0.274714589 0.051855274 0.960102737
1548339845.715710 0.213707730 -0.051373094 -0.074589841 0.005186900 0.280720651 0.053296901 0.958294570
1548339845.749200 0.215472519 -0.049038835 -0.079663306 0.004156869 0.286233664 0.054838013 0.956580281
1548339845.782230 0.219256878 -0.056744672 -0.079753146 0.001279499 0.291566074 0.056526735 0.954878151
1548339845.815720 0.217425123 -0.051924273 -0.077326775 0.000954531 0.297537923 0.057710253 0.952963710
1548339845.849230 0.228644237 -0.057843670 -0.080129683 -0.001238104 0.300133139 0.059895970 0.952014208
1548339845.882750 0.232746661 -0.051476002 -0.081801049 -0.001013521 0.304366887 0.061365433 0.950575650
1548339845.916310 0.248708948 -0.061065305 -0.092339270 -0.003637149 0.306873053 0.063798964 0.949602783
1548339845.950180 0.252539426 -0.065389350 -0.093045928 -0.005108064 0.311806649 0.065730043 0.947855532
1548339845.983780 0.257516682 -0.060191989 -0.100536749 -0.004578044 0.315257072 0.066905655 0.946633875
1548339846.017320 0.262894660 -0.061555803 -0.100575455 -0.005651404 0.319051653 0.068477467 0.945243359
1548339846.050870 0.268453389 -0.066238664 -0.100392535 -0.007198589 0.323351383 0.069737174 0.943678319
1548339846.084360 0.271619618 -0.043629985 -0.103436761 -0.004399609 0.327091217 0.068997100 0.942460239
1548339846.117850 0.277299762 -0.051573496 -0.104500920 -0.006324971 0.330387414 0.070202902 0.941209674
1548339846.151360 0.288336396 -0.064420462 -0.108318180 -0.009080480 0.332461387 0.071606137 0.940350711
1548339846.184880 0.288790971 -0.063671798 -0.106889866 -0.009783541 0.336764455 0.072221234 0.938764095
1548339846.218310 0.290444195 -0.061827272 -0.110307910 -0.010209055 0.339997619 0.072863817 0.937543750
1548339846.251820 0.300789297 -0.049231291 -0.118457787 -0.009577820 0.341630518 0.072999030 0.936946094
1548339846.285340 0.307833999 -0.053272091 -0.119070001 -0.011649709 0.343817949 0.074290954 0.936020494
1548339846.318940 0.305414855 -0.042900991 -0.117262170 -0.011287014 0.347643405 0.074270099 0.934612572
1548339846.352600 0.311332464 -0.040551979 -0.123722263 -0.012383480 0.350223988 0.075196922 0.933560491
1548339846.386150 0.310617566 -0.042283930 -0.120463163 -0.013899583 0.354491949 0.075293906 0.931918979
1548339846.419660 0.320518881 -0.042240728 -0.129560664 -0.014747735 0.356009781 0.076156363 0.931257069
1548339846.453530 0.316510081 -0.044113450 -0.121038325 -0.015752805 0.360197157 0.076500036 0.929600775
1548339846.487050 0.324303836 -0.028924845 -0.128956541 -0.013913576 0.361201972 0.076505579 0.929239690
1548339846.520530 0.329421490 -0.027833330 -0.130023018 -0.014980492 0.364242733 0.076849662 0.928006947
1548339846.553730 0.331016719 -0.017315948 -0.132656679 -0.014415067 0.367447317 0.077768423 0.926675081
1548339846.587240 0.334103078 -0.024256583 -0.138738945 -0.017839907 0.370586008 0.077930078 0.925351083
1548339846.620760 0.338385046 -0.008963012 -0.139960408 -0.017447662 0.374620140 0.079651833 0.923585892
1548339846.654280 0.337395728 -0.006403374 -0.133207902 -0.019105583 0.376731634 0.082090497 0.922479987
1548339846.687780 0.348514467 0.003067641 -0.145214513 -0.019659795 0.375920564 0.081649646 0.922838330
1548339846.721300 0.353787482 0.000715374 -0.143260270 -0.021166725 0.379293293 0.084390350 0.921176851
1548339846.754750 0.344597071 -0.002023581 -0.131657347 -0.022425689 0.382812500 0.086240292 0.919518530
1548339846.788270 0.363925487 0.004178287 -0.145144895 -0.022420006 0.380357176 0.087379403 0.920429587
1548339846.821790 0.357821405 0.007582793 -0.141941488 -0.022917755 0.383304834 0.087538607 0.919178545
1548339846.855290 0.350873172 0.009808457 -0.134952411 -0.023575136 0.384754986 0.088046789 0.918507218
1548339846.888790 0.365046561 0.015743461 -0.138751850 -0.024148708 0.381932378 0.087359466 0.919735193
1548339846.922220 0.364128768 0.012005722 -0.139165819 -0.025994340 0.382933170 0.087191470 0.919284582
1548339846.955400 0.346169502 0.018296426 -0.120258287 -0.025412794 0.384370595 0.086599693 0.918756723
1548339846.988920 0.369501591 0.016811768 -0.140806064 -0.026763173 0.376678079 0.084324189 0.922109962
1548339847.022580 0.369774103 0.021912917 -0.143759519 -0.025982086 0.378302544 0.083786763 0.921516061
1548339847.056210 0.350381911 0.006254934 -0.117180981 -0.027544614 0.381845832 0.084746510 0.919920146
1548339847.089720 0.353669167 0.006620196 -0.121219426 -0.026824359 0.378002048 0.082882881 0.921697021
1548339847.123300 0.346232325 0.006532840 -0.117389850 -0.025953762 0.377164871 0.082178339 0.922127843
1548339847.156750 0.345348924 0.006564214 -0.114218347 -0.025139261 0.373503655 0.081801549 0.923672855
1548339847.190270 0.339556009 0.011308426 -0.115629770 -0.023904340 0.370025843 0.080660731 0.925204456
1548339847.223780 0.342300534 0.013316999 -0.119329847 -0.023897370 0.366245002 0.080198534 0.926747918
1548339847.257300 0.339753956 0.021369195 -0.117393807 -0.023032865 0.364356726 0.080204427 0.927513301
1548339847.290820 0.327898085 0.027682429 -0.105898850 -0.021924462 0.362611562 0.080749944 0.928176522
1548339847.324330 0.338792056 0.022576191 -0.115880303 -0.023365054 0.355281532 0.080688611 0.930977166
1548339847.357850 0.339113235 0.023607969 -0.116988599 -0.023925114 0.352946073 0.080634899 0.931855500
1548339847.391370 0.348911643 0.021876805 -0.124169439 -0.024654560 0.348436147 0.082256421 0.933390737
1548339847.424880 0.347065508 0.022340342 -0.124457479 -0.025019148 0.345083416 0.081198126 0.934718311
1548339847.458410 0.344111443 0.027108207 -0.125037879 -0.024493480 0.342537284 0.080371290 0.935739696
1548339847.491910 0.341970623 0.023977619 -0.121747330 -0.025244897 0.339247912 0.079958722 0.936952591
1548339847.525430 0.350243241 0.031504989 -0.128613070 -0.024390265 0.334228724 0.078301094 0.938917041
1548339847.558960 0.348147720 0.037633374 -0.123495534 -0.023976335 0.332691371 0.076158673 0.939649642
1548339847.592480 0.342526078 0.034711812 -0.120434575 -0.024564240 0.331515491 0.074556269 0.940178394
1548339847.625990 0.341665745 0.040710188 -0.118140504 -0.023578865 0.329238534 0.072230563 0.941184759
1548339847.659510 0.342227876 0.039274428 -0.119379729 -0.024170049 0.328446686 0.070512176 0.941576660
1548339847.693030 0.343564898 0.038130801 -0.119737253 -0.024295529 0.327476412 0.068737417 0.942042530
1548339847.726540 0.342546672 0.038326368 -0.115933985 -0.023706626 0.326816529 0.067743383 0.942358613
1548339847.760060 0.346270502 0.040621515 -0.118587524 -0.022730609 0.324681461 0.066349931 0.943219483
1548339847.793510 0.338800281 0.039223541 -0.113236107 -0.022302575 0.324092358 0.064871617 0.943535089
1548339847.827030 0.339344651 0.041695159 -0.111676835 -0.021049552 0.321024537 0.063770890 0.944686949
1548339847.860540 0.342338353 0.042469066 -0.116584785 -0.020594053 0.319555819 0.062079988 0.945307374
1548339847.894060 0.332400918 0.047333453 -0.108808510 -0.019220967 0.320180982 0.061421752 0.945167780
1548339847.927580 0.334769070 0.048332267 -0.112087451 -0.019166404 0.316471785 0.060308393 0.946488857
1548339847.961090 0.336565137 0.050015945 -0.112137593 -0.019451812 0.314397126 0.058737848 0.947272897
1548339847.994610 0.330364287 0.050092645 -0.105983384 -0.019535847 0.314515263 0.059019353 0.947214425
1548339848.028120 0.325469673 0.049385820 -0.099208295 -0.019627674 0.312582165 0.059045341 0.947850585
1548339848.061640 0.328723550 0.049404535 -0.101602063 -0.019349724 0.308604062 0.059137139 0.949153244
1548339848.095130 0.327240527 0.045902416 -0.100421943 -0.019287677 0.307233185 0.059835985 0.949555397
1548339848.128650 0.325797498 0.050042626 -0.095656157 -0.017546244 0.305179894 0.061190631 0.950164735
1548339848.162190 0.326203704 0.041316126 -0.095608927 -0.017985737 0.300874382 0.061522964 0.951507270
1548339848.195680 0.327205718 0.036000546 -0.093768694 -0.017443297 0.299607843 0.063208453 0.951806486
1548339848.229190 0.317541391 0.043151252 -0.087571710 -0.013800957 0.298633635 0.064841144 0.952062547
1548339848.262710 0.317565829 0.050726928 -0.089040875 -0.009757994 0.294137448 0.065974012 0.953433454
1548339848.296250 0.323852032 0.043978620 -0.094389267 -0.008738865 0.290217727 0.067177966 0.954559803
1548339848.329750 0.321508646 0.042441823 -0.093279496 -0.006505657 0.288020521 0.068132877 0.955175221
1548339848.363260 0.309092879 0.029657869 -0.085566334 -0.006097391 0.286640227 0.069081061 0.955524981
1548339848.396780 0.317606896 0.026160454 -0.091496155 -0.004829359 0.282176971 0.069543667 0.956826270
1548339848.430290 0.313077033 0.026065420 -0.092999786 -0.003252829 0.280596405 0.069873974 0.957273602
1548339848.463810 0.314245135 0.023469137 -0.091842011 -0.002826873 0.278615922 0.070040919 0.957841039
1548339848.497320 0.314214110 0.024541181 -0.091888346 -0.001887231 0.277301311 0.070591956 0.958184302
1548339848.530840 0.318210244 0.018850001 -0.095251732 -0.002498468 0.276268303 0.071272217 0.958430946
1548339848.564340 0.320561260 0.023154672 -0.098302968 -0.001681131 0.275463670 0.071839742 0.958621919
1548339848.597860 0.316117942 0.022979775 -0.095487267 -0.002295363 0.276229650 0.071575120 0.958419979
1548339848.631370 0.313324749 0.028573412 -0.092106968 -0.002007776 0.277316660 0.071467943 0.958114684
1548339848.664890 0.315355450 0.022101259 -0.093546286 -0.003866144 0.277365327 0.071975179 0.958056927
1548339848.698380 0.316215783 0.024831222 -0.091653645 -0.004279068 0.276995569 0.072059318 0.958155811
1548339848.731620 0.318339854 0.027157025 -0.094324768 -0.004481821 0.275935799 0.071882568 0.958473921
1548339848.765100 0.321495652 0.021454316 -0.095496893 -0.006039863 0.275803655 0.072013624 0.958493531
1548339848.798580 0.326769620 0.025443573 -0.098189615 -0.005318561 0.275054157 0.072195649 0.958699465
1548339848.832080 0.330005676 0.023119431 -0.098515607 -0.005633453 0.274644494 0.072650433 0.958780766
1548339848.865590 0.336379141 0.025189834 -0.100526974 -0.005616124 0.274609327 0.072193749 0.958825469
1548339848.899100 0.332811773 0.027087828 -0.098995723 -0.005365717 0.276534855 0.072062746 0.958283186
1548339848.932420 0.328548282 0.026078427 -0.095523052 -0.006111146 0.278324366 0.071337715 0.957814753
1548339848.965900 0.331839859 0.023710666 -0.097245708 -0.007433102 0.278902739 0.070324652 0.957712114
1548339848.999420 0.333395183 0.029280584 -0.098376364 -0.007414442 0.279847682 0.069005951 0.957532465
1548339849.032940 0.332592726 0.028802687 -0.101202644 -0.008543678 0.281468242 0.067343667 0.957166374
1548339849.066450 0.336063743 0.027281282 -0.106072061 -0.009541880 0.282410920 0.066613548 0.956930339
1548339849.099970 0.338734418 0.031134415 -0.106100120 -0.009780052 0.284545451 0.064947933 0.956409931
1548339849.133480 0.337679863 0.035527468 -0.100905016 -0.009039751 0.286999404 0.064570583 0.955709279
1548339849.166950 0.343048275 0.033042587 -0.103055291 -0.009451139 0.287340134 0.064685918 0.955595136
1548339849.200460 0.340018839 0.037528232 -0.097703777 -0.008402763 0.289432436 0.063685179 0.955040574
1548339849.233980 0.348501354 0.031079110 -0.103090733 -0.008501679 0.289120615 0.064838506 0.955056548
1548339849.267490 0.346838683 0.025506906 -0.101330668 -0.008380205 0.290223867 0.065796897 0.954657316
1548339849.301010 0.344944835 0.032472204 -0.097874172 -0.006309235 0.291782945 0.065757543 0.954200625
1548339849.334800 0.342102557 0.032008287 -0.095874086 -0.005475624 0.293362737 0.066627726 0.953660905
1548339849.368460 0.341225505 0.032692730 -0.096284084 -0.004801365 0.293766350 0.067260794 0.953495800
1548339849.401990 0.340338022 0.031267703 -0.098377354 -0.004768801 0.294394970 0.068150841 0.953238845
1548339849.435500 0.348015428 0.034434997 -0.103064612 -0.004282043 0.293233573 0.069466852 0.953504086
1548339849.469020 0.344877094 0.034939036 -0.099085145 -0.004379884 0.293523997 0.070688918 0.953324437
1548339849.502530 0.351906002 0.033652890 -0.104180515 -0.005263068 0.291241527 0.070957921 0.953999817
1548339849.535900 0.354957789 0.031837799 -0.107163221 -0.006444207 0.290359676 0.071818881 0.954196930
1548339849.569350 0.353341341 0.029536916 -0.105105333 -0.008187748 0.290555894 0.072025068 0.954108298
1548339849.602870 0.354033947 0.032909673 -0.105043687 -0.008740500 0.290694058 0.072000168 0.954063177
1548339849.636380 0.352420956 0.031366035 -0.103463903 -0.009548537 0.290927112 0.072746322 0.953927755
1548339849.669960 0.354711682 0.025700698 -0.105100334 -0.011053155 0.290230811 0.073301032 0.954081178
1548339849.703480 0.355454415 0.029400190 -0.105325453 -0.011152877 0.290224433 0.072650820 0.954131663
1548339849.737000 0.355281383 0.027257966 -0.103095815 -0.012059193 0.290680230 0.073072538 0.953949690
1548339849.770510 0.356383294 0.028203480 -0.103033282 -0.012286574 0.290422589 0.072639816 0.954058290
1548339849.803960 0.358961433 0.028537441 -0.104613997 -0.012393422 0.290619820 0.072519906 0.954005957
1548339849.837480 0.361853033 0.027439887 -0.104927391 -0.012694261 0.291270107 0.072602227 0.953797400
1548339849.871000 0.358147562 0.023557764 -0.100698404 -0.013029267 0.293438762 0.072270878 0.953153074
1548339849.904510 0.360982656 0.024615446 -0.100412965 -0.011907694 0.293930352 0.072008885 0.953036129
1548339849.938030 0.360621065 0.022839887 -0.100027628 -0.011036756 0.295486271 0.071405001 0.952610791
1548339849.971540 0.362265229 0.021365255 -0.101299547 -0.010241906 0.297190636 0.071353175 0.952093244
1548339850.005020 0.372019082 0.020736709 -0.105874151 -0.009259542 0.297561169 0.071457110 0.951979756
1548339850.038540 0.365011573 0.018163657 -0.099122643 -0.008393766 0.300675601 0.071540967 0.951002419
1548339850.072160 0.364184737 0.017982101 -0.101164661 -0.007503094 0.301700592 0.071067795 0.950720668
1548339850.105670 0.358572274 0.023727607 -0.095862105 -0.006046094 0.303984344 0.070615239 0.950037062
1548339850.139090 0.356763214 0.026840653 -0.093359269 -0.005143872 0.304692119 0.070305638 0.949838638
1548339850.172570 0.359614789 0.029129196 -0.096693277 -0.004653349 0.304148734 0.070202820 0.950022876
1548339850.206090 0.360000104 0.027165268 -0.097129337 -0.005086122 0.304608077 0.070566349 0.949846566
1548339850.239610 0.359977245 0.024978427 -0.095760308 -0.005504352 0.305154800 0.071670540 0.949586034
1548339850.273150 0.354065567 0.033524118 -0.092094630 -0.004180408 0.306680322 0.071883328 0.949085057
1548339850.306740 0.357452810 0.030827887 -0.092931896 -0.004965758 0.306685358 0.073612288 0.948947132
1548339850.340250 0.359690130 0.034092423 -0.096874610 -0.004670026 0.305769324 0.075025819 0.949133515
1548339850.373700 0.363706827 0.032907147 -0.099128418 -0.005561112 0.304675728 0.076434769 0.949367940
1548339850.407210 0.361953080 0.032157630 -0.097997278 -0.006837630 0.304605603 0.076475359 0.949378848
1548339850.440800 0.358877182 0.030829456 -0.096601993 -0.008226023 0.304395169 0.076739408 0.949414015
1548339850.474340 0.359229118 0.032521430 -0.097003676 -0.009177321 0.303836793 0.076263294 0.949622512
1548339850.507890 0.360704571 0.031031456 -0.095137782 -0.010245343 0.303369641 0.076002561 0.949781775
1548339850.541460 0.360907048 0.030482328 -0.094053507 -0.010858860 0.303085923 0.075586192 0.949898779
1548339850.574970 0.362255007 0.028876755 -0.094881855 -0.011413483 0.303138137 0.075213313 0.949905276
1548339850.608440 0.365749270 0.026888197 -0.097676232 -0.011714594 0.303065836 0.075059474 0.949936807
1548339850.641960 0.363220841 0.025143523 -0.095860220 -0.011759995 0.303810388 0.074647062 0.949730873
1548339850.675470 0.363803208 0.025328742 -0.095740475 -0.011649624 0.304248154 0.073286749 0.949698031
1548339850.708990 0.364564866 0.022748707 -0.097471416 -0.012123259 0.305330127 0.072721764 0.949388266
1548339850.742460 0.362469405 0.026324114 -0.095026657 -0.011397758 0.306238055 0.071422219 0.949203432
1548339850.775960 0.363240719 0.023884108 -0.096282497 -0.011865643 0.306190193 0.070002198 0.949318945
1548339850.809500 0.359116107 0.022148058 -0.092173092 -0.012049969 0.308061540 0.068621323 0.948811889
1548339850.843010 0.356529683 0.022200670 -0.088333577 -0.011345169 0.309084028 0.068295516 0.948511481
1548339850.876530 0.357402772 0.018223222 -0.088844672 -0.011465637 0.309036255 0.067887850 0.948554873
1548339850.910040 0.354347378 0.019131461 -0.087140493 -0.010517769 0.309959352 0.067550868 0.948288679
1548339850.943330 0.352206618 0.018162653 -0.085987940 -0.009784027 0.310321838 0.067850567 0.948156595
1548339850.976830 0.354068041 0.018746596 -0.087686174 -0.009095225 0.310009629 0.068414845 0.948225021
