frame_id dynamic_keypoints dynamic_map_points suppressed_map_points dynamic_objects static_objects total_objects
1 409 0 0 2 3 5
1 409 0 0 2 3 5
2 381 0 0 2 3 5
2 381 0 0 2 3 5
3 549 0 0 2 3 5
3 549 0 0 2 3 5
4 567 0 0 2 2 4
4 567 0 0 2 2 4
5 593 0 0 2 0 2
5 593 0 0 2 0 2
6 590 0 0 2 0 2
6 590 0 0 2 0 2
7 593 0 0 2 0 2
7 593 0 0 2 0 2
8 571 0 0 2 1 3
8 571 0 0 2 1 3
9 579 0 0 2 1 3
9 579 0 0 2 1 3
10 577 0 0 2 2 4
10 577 0 0 2 2 4
11 584 0 0 2 2 4
11 584 0 0 2 2 4
12 601 0 0 2 1 3
12 601 0 0 2 1 3
13 566 0 0 2 2 4
13 566 0 0 2 2 4
14 576 0 0 2 2 4
14 576 0 0 2 2 4
15 601 0 0 2 2 4
15 601 0 0 2 2 4
16 593 0 0 2 3 5
16 593 0 0 2 3 5
17 580 0 0 2 4 6
17 580 0 0 2 4 6
18 579 0 0 2 4 6
18 579 0 0 2 4 6
19 621 0 0 2 3 5
19 621 0 0 2 3 5
20 632 0 0 2 3 5
20 632 0 0 2 3 5
21 616 0 0 2 3 5
21 616 0 0 2 3 5
22 462 0 0 2 5 7
22 462 0 0 2 5 7
23 491 0 0 2 5 7
23 491 0 0 2 5 7
24 625 0 0 2 5 7
24 625 0 0 2 5 7
25 618 0 0 2 4 6
25 618 0 0 2 4 6
26 620 0 0 2 3 5
26 620 0 0 2 3 5
27 616 0 0 2 4 6
27 616 0 0 2 4 6
28 631 0 0 2 4 6
28 631 0 0 2 4 6
29 626 0 0 2 3 5
29 626 0 0 2 3 5
30 651 0 0 2 3 5
30 651 0 0 2 3 5
31 625 0 0 2 3 5
31 625 0 0 2 3 5
32 767 0 0 2 1 3
32 767 0 0 2 1 3
33 687 0 0 2 2 4
33 687 0 0 2 2 4
34 767 0 0 2 1 3
34 767 0 0 2 1 3
35 637 0 0 2 2 4
35 637 0 0 2 2 4
36 747 0 0 2 0 3
36 747 0 0 2 0 3
37 623 0 0 2 2 4
37 623 0 0 2 2 4
338 48 0 0 1 4 5
339 44 0 0 1 4 5
339 44 0 0 1 4 5
340 36 0 0 1 4 5
340 36 0 0 1 4 5
341 0 0 0 0 4 4
341 0 0 0 0 4 4
342 37 0 0 1 4 5
342 37 0 0 1 4 5
343 0 0 0 0 4 4
343 0 0 0 0 4 4
344 0 0 0 0 5 5
344 0 0 0 0 5 5
345 0 0 0 0 5 5
345 0 0 0 0 5 5
346 0 0 0 0 4 4
346 0 0 0 0 4 4
347 0 0 0 0 5 5
347 0 0 0 0 5 5
348 0 0 0 0 5 5
348 0 0 0 0 5 5
349 0 0 0 0 4 4
349 0 0 0 0 4 4
350 0 0 0 0 5 5
350 0 0 0 0 5 5
351 0 0 0 0 4 5
351 0 0 0 0 4 5
352 0 0 0 0 5 5
352 0 0 0 0 5 5
353 0 0 0 0 5 6
353 0 0 0 0 5 6
354 0 0 0 0 5 5
354 0 0 0 0 5 5
355 0 0 0 0 5 5
355 0 0 0 0 5 5
356 0 0 0 0 5 5
356 0 0 0 0 5 5
357 0 0 0 0 5 5
357 0 0 0 0 5 5
358 0 0 0 0 5 5
358 0 0 0 0 5 5
359 0 0 0 0 5 5
359 0 0 0 0 5 5
360 0 0 0 0 5 5
360 0 0 0 0 5 5
361 0 0 0 0 5 6
361 0 0 0 0 5 6
362 0 0 0 0 4 5
362 0 0 0 0 4 5
363 0 0 0 0 4 4
363 0 0 0 0 4 4
364 0 0 0 0 6 6
364 0 0 0 0 6 6
365 0 0 0 0 5 5
365 0 0 0 0 5 5
366 0 0 0 0 5 5
366 0 0 0 0 5 5
367 0 0 0 0 4 4
367 0 0 0 0 4 4
368 0 0 0 0 4 4
368 0 0 0 0 4 4
369 7 0 0 1 4 5
369 7 0 0 1 4 5
370 0 0 0 0 4 4
370 0 0 0 0 4 4
371 0 0 0 0 4 4
371 0 0 0 0 4 4
372 0 0 0 0 4 4
372 0 0 0 0 4 4
373 22 0 0 1 4 5
373 22 0 0 1 4 5
374 28 0 0 1 4 5
374 28 0 0 1 4 5
375 32 0 0 1 4 5
375 32 0 0 1 4 5
376 31 0 0 1 5 6
376 31 0 0 1 5 6
377 28 0 0 1 4 5
377 28 0 0 1 4 5
378 21 0 0 1 4 5
378 21 0 0 1 4 5
379 19 0 0 1 4 5
379 19 0 0 1 4 5
380 28 0 0 1 4 5
380 28 0 0 1 4 5
381 33 0 0 1 4 5
381 33 0 0 1 4 5
382 24 0 0 1 4 5
382 24 0 0 1 4 5
383 34 0 0 1 5 6
383 34 0 0 1 5 6
384 21 0 0 1 4 5
384 21 0 0 1 4 5
385 20 0 0 1 5 6
385 20 0 0 1 5 6
386 0 0 0 0 3 3
386 0 0 0 0 3 3
387 0 0 0 0 3 3
387 0 0 0 0 3 3
388 10 0 0 1 3 4
388 10 0 0 1 3 4
389 0 0 0 0 4 4
389 0 0 0 0 4 4
390 0 0 0 0 4 4
390 0 0 0 0 4 4
391 0 0 0 0 4 4
391 0 0 0 0 4 4
392 3 0 0 1 3 4
392 3 0 0 1 3 4
393 1 0 0 1 2 3
393 1 0 0 1 2 3
394 2 0 0 1 2 3
394 2 0 0 1 2 3
395 5 0 0 1 3 4
395 5 0 0 1 3 4
396 7 0 0 1 3 4
396 7 0 0 1 3 4
397 14 0 0 1 3 4
397 14 0 0 1 3 4
398 13 0 0 1 3 4
398 13 0 0 1 3 4
399 9 0 0 1 3 4
399 9 0 0 1 3 4
400 8 0 0 1 3 4
400 8 0 0 1 3 4
401 0 0 0 0 2 2
401 0 0 0 0 2 2
402 79 0 0 1 3 4
402 79 0 0 1 3 4
403 146 0 0 2 3 5
403 146 0 0 2 3 5
404 213 0 0 1 2 3
404 213 0 0 1 2 3
405 218 0 0 2 3 5
405 218 0 0 2 3 5
406 262 0 0 2 2 4
406 262 0 0 2 2 4
407 282 0 0 2 2 4
407 282 0 0 2 2 4
408 281 0 0 2 3 5
408 281 0 0 2 3 5
409 338 0 0 2 3 5
409 338 0 0 2 3 5
410 388 0 0 2 3 5
410 388 0 0 2 3 5
411 409 0 0 2 3 5
411 409 0 0 2 3 5
412 396 0 0 1 3 4
412 396 0 0 1 3 4
413 410 0 0 1 2 3
413 410 0 0 1 2 3
414 427 0 0 2 2 4
414 427 0 0 2 2 4
415 434 0 0 2 1 3
415 434 0 0 2 1 3
416 427 0 0 2 1 3
416 427 0 0 2 1 3
417 410 0 0 2 1 3
417 410 0 0 2 1 3
418 390 0 0 2 1 3
418 390 0 0 2 1 3
419 410 0 0 2 1 3
419 410 0 0 2 1 3
420 384 0 0 2 1 3
420 384 0 0 2 1 3
421 393 0 0 2 1 3
421 393 0 0 2 1 3
422 377 0 0 1 1 2
422 377 0 0 1 1 2
423 358 0 0 2 1 3
423 358 0 0 2 1 3
424 327 0 0 2 1 3
424 327 0 0 2 1 3
425 320 0 0 2 1 3
425 320 0 0 2 1 3
426 305 0 0 2 1 3
426 305 0 0 2 1 3
427 278 0 0 2 1 3
427 278 0 0 2 1 3
428 287 0 0 2 0 2
428 287 0 0 2 0 2
429 266 0 0 2 0 2
429 266 0 0 2 0 2
430 266 0 0 2 0 2
430 266 0 0 2 0 2
431 236 0 0 2 0 2
431 236 0 0 2 0 2
432 203 0 0 2 0 2
432 203 0 0 2 0 2
433 222 0 0 2 0 2
433 222 0 0 2 0 2
434 197 0 0 2 0 2
434 197 0 0 2 0 2
435 189 0 0 1 0 1
435 189 0 0 1 0 1
436 192 0 0 1 0 1
436 192 0 0 1 0 1
437 220 0 0 2 0 2
437 220 0 0 2 0 2
438 169 0 0 1 1 2
438 169 0 0 1 1 2
439 195 0 0 2 1 3
439 195 0 0 2 1 3
440 176 0 0 2 0 2
440 176 0 0 2 0 2
441 189 0 0 1 0 1
441 189 0 0 1 0 1
442 144 0 0 1 0 1
442 144 0 0 1 0 1
443 166 0 0 1 0 1
443 166 0 0 1 0 1
444 132 0 0 1 0 1
444 132 0 0 1 0 1
445 125 0 0 1 0 1
445 125 0 0 1 0 1
446 106 0 0 1 0 1
446 106 0 0 1 0 1
447 82 0 0 1 0 1
447 82 0 0 1 0 1
448 81 0 0 1 0 1
448 81 0 0 1 0 1
449 84 0 0 1 0 1
449 84 0 0 1 0 1
450 54 0 0 1 0 1
450 54 0 0 1 0 1
451 65 0 0 1 0 1
451 65 0 0 1 0 1
452 0 0 0 0 0 0
452 0 0 0 0 0 0
453 16 0 0 1 0 1
453 16 0 0 1 0 1
454 14 0 0 1 0 1
454 14 0 0 1 0 1
455 12 0 0 1 0 1
455 12 0 0 1 0 1
456 3 0 0 1 0 1
456 3 0 0 1 0 1
457 1 0 0 1 0 1
457 1 0 0 1 0 1
458 2 0 0 1 0 1
458 2 0 0 1 0 1
459 1 0 0 1 0 1
459 1 0 0 1 0 1
460 1 0 0 1 0 1
460 1 0 0 1 0 1
461 4 0 0 1 0 1
461 4 0 0 1 0 1
462 0 0 0 0 0 0
462 0 0 0 0 0 0
463 0 0 0 0 0 0
463 0 0 0 0 0 0
464 0 0 0 0 0 0
464 0 0 0 0 0 0
465 0 0 0 0 0 0
465 0 0 0 0 0 0
466 0 0 0 0 0 0
466 0 0 0 0 0 0
467 0 0 0 0 0 0
467 0 0 0 0 0 0
468 0 0 0 0 0 0
468 0 0 0 0 0 0
469 0 0 0 0 0 0
469 0 0 0 0 0 0
470 0 0 0 0 0 0
470 0 0 0 0 0 0
471 0 0 0 0 0 0
471 0 0 0 0 0 0
472 0 0 0 0 1 1
472 0 0 0 0 1 1
473 0 0 0 0 2 2
473 0 0 0 0 2 2
474 0 0 0 0 1 1
474 0 0 0 0 1 1
475 0 0 0 0 0 0
475 0 0 0 0 0 0
476 0 0 0 0 2 2
476 0 0 0 0 2 2
477 0 0 0 0 2 2
477 0 0 0 0 2 2
478 0 0 0 0 1 2
478 0 0 0 0 1 2
479 0 0 0 0 2 3
479 0 0 0 0 2 3
480 0 0 0 0 3 3
480 0 0 0 0 3 3
481 0 0 0 0 3 3
481 0 0 0 0 3 3
482 0 0 0 0 3 4
482 0 0 0 0 3 4
483 0 0 0 0 4 4
483 0 0 0 0 4 4
484 0 0 0 0 5 5
484 0 0 0 0 5 5
485 0 0 0 0 4 4
485 0 0 0 0 4 4
486 0 0 0 0 4 4
486 0 0 0 0 4 4
487 0 0 0 0 4 5
487 0 0 0 0 4 5
488 0 0 0 0 4 4
488 0 0 0 0 4 4
489 0 0 0 0 4 4
489 0 0 0 0 4 4
490 0 0 0 0 4 4
490 0 0 0 0 4 4
491 0 0 0 0 4 4
491 0 0 0 0 4 4
492 0 0 0 0 4 4
492 0 0 0 0 4 4
493 0 0 0 0 4 4
493 0 0 0 0 4 4
494 0 0 0 0 4 4
494 0 0 0 0 4 4
495 0 0 0 0 4 4
495 0 0 0 0 4 4
496 0 0 0 0 4 4
496 0 0 0 0 4 4
497 0 0 0 0 4 4
497 0 0 0 0 4 4
498 0 0 0 0 4 4
498 0 0 0 0 4 4
499 0 0 0 0 5 5
499 0 0 0 0 5 5
500 0 0 0 0 4 4
500 0 0 0 0 4 4
501 0 0 0 0 5 5
501 0 0 0 0 5 5
502 0 0 0 0 4 4
502 0 0 0 0 4 4
503 0 0 0 0 4 4
503 0 0 0 0 4 4
504 0 0 0 0 4 4
504 0 0 0 0 4 4
505 0 0 0 0 4 4
505 0 0 0 0 4 4
506 0 0 0 0 4 4
506 0 0 0 0 4 4
507 0 0 0 0 4 4
507 0 0 0 0 4 4
508 0 0 0 0 4 4
508 0 0 0 0 4 4
509 0 0 0 0 4 4
509 0 0 0 0 4 4
510 0 0 0 0 4 4
510 0 0 0 0 4 4
511 0 0 0 0 4 4
511 0 0 0 0 4 4
512 0 0 0 0 4 4
512 0 0 0 0 4 4
513 0 0 0 0 4 4
513 0 0 0 0 4 4
514 0 0 0 0 4 4
514 0 0 0 0 4 4
515 0 0 0 0 4 4
515 0 0 0 0 4 4
516 0 0 0 0 4 4
516 0 0 0 0 4 4
517 0 0 0 0 4 4
517 0 0 0 0 4 4
518 0 0 0 0 5 5
518 0 0 0 0 5 5
519 0 0 0 0 4 4
519 0 0 0 0 4 4
520 0 0 0 0 4 4
520 0 0 0 0 4 4
521 0 0 0 0 4 4
521 0 0 0 0 4 4
522 0 0 0 0 4 4
522 0 0 0 0 4 4
523 0 0 0 0 4 4
523 0 0 0 0 4 4
524 0 0 0 0 4 4
524 0 0 0 0 4 4
525 0 0 0 0 4 4
525 0 0 0 0 4 4
526 0 0 0 0 4 4
526 0 0 0 0 4 4
527 0 0 0 0 4 4
527 0 0 0 0 4 4
528 0 0 0 0 4 4
528 0 0 0 0 4 4
529 113 0 0 1 4 5
529 113 0 0 1 4 5
530 0 0 0 0 4 4
530 0 0 0 0 4 4
531 155 0 0 1 4 5
531 155 0 0 1 4 5
532 0 0 0 0 4 4
532 0 0 0 0 4 4
533 0 0 0 0 3 3
533 0 0 0 0 3 3
534 0 0 0 0 3 3
534 0 0 0 0 3 3
535 134 0 0 1 2 3
535 134 0 0 1 2 3
536 163 0 0 1 2 3
536 163 0 0 1 2 3
537 0 0 0 0 2 2
537 0 0 0 0 2 2
538 0 0 0 0 2 2
538 0 0 0 0 2 2
539 0 0 0 0 2 2
539 0 0 0 0 2 2
540 0 0 0 0 2 3
540 0 0 0 0 2 3
541 196 0 0 1 2 4
541 196 0 0 1 2 4
542 201 0 0 1 2 4
542 201 0 0 1 2 4
543 187 0 0 1 2 4
543 187 0 0 1 2 4
544 200 0 0 1 2 3
544 200 0 0 1 2 3
545 188 0 0 1 2 4
545 188 0 0 1 2 4
546 245 0 0 1 2 4
546 245 0 0 1 2 4
547 215 0 0 1 2 4
547 215 0 0 1 2 4
548 181 0 0 1 2 4
548 181 0 0 1 2 4
549 217 0 0 1 2 4
549 217 0 0 1 2 4
550 173 0 0 1 2 3
550 173 0 0 1 2 3
551 210 0 0 1 2 3
551 210 0 0 1 2 3
552 0 0 0 0 2 2
552 0 0 0 0 2 2
553 93 0 0 1 2 3
553 93 0 0 1 2 3
554 88 0 0 1 2 3
554 88 0 0 1 2 3
555 93 0 0 1 2 3
555 93 0 0 1 2 3
556 97 0 0 1 2 3
556 97 0 0 1 2 3
557 170 0 0 1 2 3
557 170 0 0 1 2 3
558 202 0 0 1 2 3
558 202 0 0 1 2 3
559 218 0 0 1 2 3
559 218 0 0 1 2 3
560 165 0 0 1 2 4
560 165 0 0 1 2 4
561 182 0 0 1 1 3
561 182 0 0 1 1 3
562 206 0 0 1 1 3
562 206 0 0 1 1 3
563 160 0 0 1 2 3
563 160 0 0 1 2 3
564 152 0 0 1 2 3
564 152 0 0 1 2 3
565 170 0 0 1 2 3
565 170 0 0 1 2 3
566 156 0 0 1 1 3
566 156 0 0 1 1 3
567 140 0 0 1 1 3
567 140 0 0 1 1 3
568 146 0 0 1 2 3
568 146 0 0 1 2 3
569 160 0 0 1 2 3
569 160 0 0 1 2 3
570 125 0 0 1 2 3
570 125 0 0 1 2 3
571 192 0 0 1 0 1
571 192 0 0 1 0 1
572 115 0 0 1 2 3
572 115 0 0 1 2 3
573 0 0 0 0 0 1
573 0 0 0 0 0 1
574 223 0 0 1 0 1
574 223 0 0 1 0 1
575 213 0 0 1 0 1
575 213 0 0 1 0 1
576 244 0 0 1 0 1
576 244 0 0 1 0 1
577 252 0 0 1 0 1
577 252 0 0 1 0 1
578 221 0 0 1 0 1
578 221 0 0 1 0 1
579 264 0 0 1 1 2
579 264 0 0 1 1 2
580 0 0 0 0 1 2
580 0 0 0 0 1 2
581 303 0 0 1 0 1
581 303 0 0 1 0 1
582 307 0 0 1 0 1
582 307 0 0 1 0 1
583 279 0 0 1 0 1
583 279 0 0 1 0 1
584 326 0 0 1 0 1
584 326 0 0 1 0 1
585 328 0 0 1 1 2
585 328 0 0 1 1 2
586 355 0 0 1 1 2
586 355 0 0 1 1 2
587 412 0 0 1 1 2
587 412 0 0 1 1 2
588 445 0 0 1 1 2
588 445 0 0 1 1 2
589 391 0 0 1 1 2
589 391 0 0 1 1 2
590 370 0 0 1 1 2
590 370 0 0 1 1 2
591 340 0 0 1 1 2
591 340 0 0 1 1 2
592 232 0 0 1 3 4
592 232 0 0 1 3 4
593 247 0 0 1 2 3
593 247 0 0 1 2 3
594 295 0 0 1 2 3
594 295 0 0 1 2 3
595 343 0 0 1 2 3
595 343 0 0 1 2 3
596 346 0 0 1 2 3
596 346 0 0 1 2 3
597 369 0 0 1 2 3
597 369 0 0 1 2 3
598 395 0 0 1 2 3
598 395 0 0 1 2 3
599 404 0 0 1 2 3
599 404 0 0 1 2 3
600 377 0 0 1 2 3
600 377 0 0 1 2 3
601 361 0 0 1 3 4
601 361 0 0 1 3 4
602 358 0 0 1 4 5
602 358 0 0 1 4 5
603 344 0 0 1 4 5
603 344 0 0 1 4 5
604 358 0 0 1 3 4
604 358 0 0 1 3 4
605 350 0 0 1 3 4
605 350 0 0 1 3 4
606 377 0 0 1 3 4
606 377 0 0 1 3 4
607 363 0 0 1 3 4
607 363 0 0 1 3 4
608 389 0 0 1 3 4
608 389 0 0 1 3 4
609 373 0 0 1 3 4
609 373 0 0 1 3 4
610 361 0 0 1 2 3
610 361 0 0 1 2 3
611 321 0 0 1 2 3
611 321 0 0 1 2 3
612 354 0 0 1 2 3
612 354 0 0 1 2 3
613 348 0 0 1 2 3
613 348 0 0 1 2 3
614 311 0 0 1 2 3
614 311 0 0 1 2 3
615 328 0 0 1 2 4
615 328 0 0 1 2 4
616 311 0 0 1 2 3
616 311 0 0 1 2 3
617 298 0 0 1 2 3
617 298 0 0 1 2 3
618 293 0 0 1 3 4
618 293 0 0 1 3 4
619 246 0 0 1 3 4
619 246 0 0 1 3 4
620 262 0 0 1 4 5
620 262 0 0 1 4 5
621 233 0 0 1 2 3
621 233 0 0 1 2 3
622 223 0 0 1 3 4
622 223 0 0 1 3 4
623 214 0 0 1 3 4
623 214 0 0 1 3 4
624 203 0 0 1 3 4
624 203 0 0 1 3 4
625 174 0 0 1 3 4
625 174 0 0 1 3 4
626 180 0 0 1 3 4
626 180 0 0 1 3 4
627 164 0 0 1 3 4
627 164 0 0 1 3 4
628 144 0 0 1 3 4
628 144 0 0 1 3 4
629 134 0 0 1 3 4
629 134 0 0 1 3 4
630 121 0 0 1 4 5
630 121 0 0 1 4 5
631 133 0 0 1 3 4
631 133 0 0 1 3 4
632 132 0 0 1 5 6
632 132 0 0 1 5 6
633 118 0 0 1 4 5
633 118 0 0 1 4 5
634 113 0 0 1 4 5
634 113 0 0 1 4 5
635 129 0 0 1 4 5
635 129 0 0 1 4 5
636 121 0 0 1 4 5
636 121 0 0 1 4 5
637 98 0 0 1 4 5
637 98 0 0 1 4 5
638 95 0 0 1 4 5
638 95 0 0 1 4 5
639 101 0 0 1 4 5
639 101 0 0 1 4 5
640 78 0 0 1 4 5
640 78 0 0 1 4 5
641 66 0 0 1 4 5
641 66 0 0 1 4 5
642 60 0 0 1 3 4
642 60 0 0 1 3 4
643 68 0 0 1 4 5
643 68 0 0 1 4 5
644 49 0 0 1 5 6
644 49 0 0 1 5 6
645 44 0 0 1 4 5
645 44 0 0 1 4 5
646 34 0 0 1 3 4
646 34 0 0 1 3 4
647 0 0 0 0 3 3
647 0 0 0 0 3 3
648 0 0 0 0 2 2
648 0 0 0 0 2 2
649 0 0 0 0 2 2
649 0 0 0 0 2 2
650 0 0 0 0 4 5
650 0 0 0 0 4 5
651 0 0 0 0 3 4
651 0 0 0 0 3 4
652 0 0 0 0 4 4
652 0 0 0 0 4 4
653 236 0 0 1 3 4
653 236 0 0 1 3 4
654 233 0 0 1 4 5
654 233 0 0 1 4 5
655 218 0 0 1 4 5
655 218 0 0 1 4 5
656 242 0 0 1 4 5
656 242 0 0 1 4 5
657 273 0 0 1 4 5
657 273 0 0 1 4 5
658 237 0 0 1 4 5
658 237 0 0 1 4 5
659 342 0 0 1 3 4
659 342 0 0 1 3 4
660 327 0 0 1 4 5
660 327 0 0 1 4 5
661 379 0 0 1 4 5
661 379 0 0 1 4 5
662 350 0 0 1 4 5
662 350 0 0 1 4 5
663 336 0 0 1 2 3
663 336 0 0 1 2 3
664 0 0 0 0 2 2
664 0 0 0 0 2 2
665 401 0 0 1 3 4
665 401 0 0 1 3 4
666 0 0 0 0 2 2
666 0 0 0 0 2 2
667 0 0 0 0 1 2
667 0 0 0 0 1 2
668 0 0 0 0 1 1
668 0 0 0 0 1 1
669 0 0 0 0 0 0
669 0 0 0 0 0 0
670 0 0 0 0 0 0
670 0 0 0 0 0 0
671 0 0 0 0 0 0
671 0 0 0 0 0 0
672 0 0 0 0 0 0
672 0 0 0 0 0 0
673 904 0 10 1 0 1
722 534 0 2 1 0 1
862 0 0 4 0 5 5
863 0 0 1 0 4 4
863 0 0 0 0 4 4
864 0 0 0 0 4 4
864 0 0 0 0 4 4
865 0 0 0 0 5 5
865 0 0 0 0 5 5
